--------------------------------------------------------------------------------------

BetaShape
Version: 2.2 (05/2021)
Author: X. Mougeot (xavier.mougeot@cea.fr)
CEA, LIST, Laboratoire National Henri Becquerel (LNHB), Gif-sur-Yvette F-91191, France
Please cite: X. Mougeot, Applied Radiation and Isotopes 154 (2019) 108884

--------------------------------------------------------------------------------------

Parent nucleus: 59-Pr-142 [2-] g.s.  -->  Daughter nucleus: 58-Ce-142 [0+] g.s.
Calculation of the 1st forbidden unique transition from the electron capture decay of Pr-142

Transition energy: 744.5 (24) keV


----------------------------------------
Ratios of relative capture probabilities

PL1/PK =  0.15527 (29)
PL2/PK =  0.005198 (20)
PL3/PK =  0.00492 (5)
PM1/PK =  0.03603 (18)
PM2/PK =  0.001308 (9)
PM3/PK =  0.001190 (17)
PN1/PK =  0.00922 (8)
PM4/PK =  3.90E-6 (6)
PN2/PK =  3.249E-4 (35)
PN3/PK =  2.679E-4 (48)
PO1/PK =  0.001709 (16)
PN4/PK =  9.27E-7 (17)
PO2/PK =  4.94E-5 (6)
PO3/PK =  3.40E-5 (6)
PP1/PK =  1.747E-4 (18)

L/K =  0.16539 (37)
M/K =  0.03853 (21)
N/K =  0.00982 (9)
O/K =  0.001792 (17)
P/K =  1.747E-4 (18)


------------------------------
Relative capture probabilities

PK  =  0.82257 (46)
PL1 =  0.12772 (17)
PL2 =  0.004276 (14)
PL3 =  0.004049 (42)
PM1 =  0.02964 (13)
PM2 =  0.001076 (7)
PM3 =  9.79E-4 (13)
PN1 =  0.00759 (6)
PM4 =  3.205E-6 (47)
PN2 =  2.672E-4 (27)
PN3 =  2.203E-4 (38)
PO1 =  0.001406 (12)
PN4 =  7.63E-7 (14)
PO2 =  4.064E-5 (45)
PO3 =  2.79E-5 (5)
PP1 =  1.437E-4 (14)

K =  0.82257 (46)
L =  0.13605 (23)
M =  0.03169 (16)
N =  0.00807 (7)
O =  0.001474 (13)
P =  1.437E-4 (14)


------------------------------
Capture branch from input data

Iec =   0.0142 (11) %


---------------------
Capture probabilities

PK  =  0.82257 (46)
PL1  =  0.12772 (17)
PL2  =  0.004276 (14)
PL3  =  0.004049 (42)
PM1  =  0.02964 (13)
PM2  =  0.001076 (7)
PM3  =  9.79E-4 (13)
PN1  =  0.00759 (6)
PM4  =  3.205E-6 (47)
PN2  =  2.672E-4 (27)
PN3  =  2.203E-4 (38)
PO1  =  0.001406 (12)
PN4  =  7.63E-7 (14)
PO2  =  4.064E-5 (45)
PO3  =  2.79E-5 (5)
PP1  =  1.437E-4 (14)

K =  0.82257 (46)
L =  0.13605 (23)
M =  0.03169 (16)
N =  0.00807 (7)
O =  0.001474 (13)
P =  1.437E-4 (14)


------------------------------------------------------------
Input log ft value (ec): 9.4

Log ft value (ec)    =  9.459 (34)
with log f           =  0.774 (7)
and log partial T1/2 =  8.686 (34)

