--------------------------------------------------------------------------------------

BetaShape
Version: 2.2 (05/2021)
Author: X. Mougeot (xavier.mougeot@cea.fr)
CEA, LIST, Laboratoire National Henri Becquerel (LNHB), Gif-sur-Yvette F-91191, France
Please cite: X. Mougeot, Applied Radiation and Isotopes 154 (2019) 108884

--------------------------------------------------------------------------------------

Parent nucleus: 59-Pr-142 [2-] g.s.  -->  Daughter nucleus: 58-Ce-142 [2+] 641.282 (9) keV
The 1st forbidden non-unique transition from the electron capture decay of Pr-142 is calculated as allowed

Transition energy: 103.2 (24) keV


----------------------------------------
Ratios of relative capture probabilities

PL1/PK =  0.302 (9)
PL2/PK =  0.01014 (32)
PM1/PK =  0.0755 (26)
PM2/PK =  0.00274 (10)
PN1/PK =  0.0196 (8)
PN2/PK =  6.90E-4 (29)
PO1/PK =  0.00365 (14)
PO2/PK =  1.052E-4 (45)
PP1/PK =  3.73E-4 (15)

L/K =  0.312 (9)
M/K =  0.0782 (27)
N/K =  0.0203 (8)
O/K =  0.00375 (15)
P/K =  3.73E-4 (15)


------------------------------
Relative capture probabilities

PK  =  0.707 (6)
PL1 =  0.2135 (42)
PL2 =  0.00717 (16)
PM1 =  0.0534 (14)
PM2 =  0.00194 (5)
PN1 =  0.01387 (41)
PN2 =  4.88E-4 (16)
PO1 =  0.00258 (8)
PO2 =  7.44E-5 (25)
PP1 =  2.64E-4 (8)

K =  0.707 (6)
L =  0.2207 (44)
M =  0.0553 (14)
N =  0.01436 (43)
O =  0.00265 (8)
P =  2.64E-4 (8)


------------------------------
Capture branch from input data

Iec =   0.0022 (8) %


---------------------
Capture probabilities

PK  =  0.707 (6)
PL1  =  0.2135 (42)
PL2  =  0.00717 (16)
PM1  =  0.0534 (14)
PM2  =  0.00194 (5)
PN1  =  0.01387 (41)
PN2  =  4.88E-4 (16)
PO1  =  0.00258 (8)
PO2  =  7.44E-5 (25)
PP1  =  2.64E-4 (8)

K =  0.707 (6)
L =  0.2207 (44)
M =  0.0553 (14)
N =  0.01436 (43)
O =  0.00265 (8)
P =  2.64E-4 (8)


------------------------------------------------------------
Input log ft value (ec): 7.9

Log ft value (ec)    =  7.96 (16)
with log f           =  -1.534 (31)
and log partial T1/2 =  9.50 (16)

