--------------------------------------------------------------------------------------

BetaShape
Version: 2.2 (05/2021)
Author: X. Mougeot (xavier.mougeot@cea.fr)
CEA, LIST, Laboratoire National Henri Becquerel (LNHB), Gif-sur-Yvette F-91191, France
Please cite: X. Mougeot, Applied Radiation and Isotopes 154 (2019) 108884

--------------------------------------------------------------------------------------

Parent nucleus: 34-Se-75 [5/2+] g.s.  -->  Daughter nucleus: 33-As-75 [1/2-] 468.60 (40) keV
Calculation of the 1st forbidden unique transition from the electron capture decay of Se-75

Transition energy: 395.0 (9) keV


----------------------------------------
Ratios of relative capture probabilities

PL1/PK =  0.12034 (16)
PL2/PK =  0.001140 (5)
PL3/PK =  0.00582 (5)
PM1/PK =  0.01973 (6)
PM2/PK =  1.7588E-4 (45)
PM3/PK =  7.92E-4 (5)
PN1/PK =  0.002876 (27)
PM4/PK =  2.96E-7 (5)
PN2/PK =  1.395E-5 (10)
PN3/PK =  2.260E-5 (34)

L/K =  0.12730 (16)
M/K =  0.02070 (6)
N/K =  0.002913 (27)


------------------------------
Relative capture probabilities

PK  =  0.86888 (19)
PL1 =  0.10456 (12)
PL2 =  9.902E-4 (45)
PL3 =  0.005059 (46)
PM1 =  0.017141 (45)
PM2 =  1.5282E-4 (40)
PM3 =  6.881E-4 (48)
PN1 =  0.002499 (23)
PM4 =  2.568E-7 (43)
PN2 =  1.212E-5 (8)
PN3 =  1.964E-5 (29)

K =  0.86888 (19)
L =  0.11061 (12)
M =  0.017982 (46)
N =  0.002531 (23)


------------------------------
Capture branch from input data

Iec =   3.6E-4 (5) %


---------------------
Capture probabilities

PK  =  0.86888 (19)
PL1  =  0.10456 (12)
PL2  =  9.902E-4 (45)
PL3  =  0.005059 (46)
PM1  =  0.017141 (45)
PM2  =  1.5282E-4 (40)
PM3  =  6.881E-4 (48)
PN1  =  0.002499 (23)
PM4  =  2.568E-7 (43)
PN2  =  1.212E-5 (8)
PN3  =  1.964E-5 (29)

K =  0.86888 (19)
L =  0.11061 (12)
M =  0.017982 (46)
N =  0.002531 (23)


------------------------------------------------------------
Input log ft value (ec): 11.1

Log ft value (ec)    =  11.15 (6)
with log f           =  -1.307 (7)
and log partial T1/2 =  12.46 (6)

