--------------------------------------------------------------------------------------

BetaShape
Version: 2.2 (05/2021)
Author: X. Mougeot (xavier.mougeot@cea.fr)
CEA, LIST, Laboratoire National Henri Becquerel (LNHB), Gif-sur-Yvette F-91191, France
Please cite: X. Mougeot, Applied Radiation and Isotopes 154 (2019) 108884

--------------------------------------------------------------------------------------

Parent nucleus: 93-Np-236m [1+] 6E1 (5) keV  -->  Daughter nucleus: 92-U-236 [2+] 45.2420 (30) keV
Calculation of the allowed transition from the electron capture decay of Np-236

Transition energy: 9.4E2 (7) keV


----------------------------------------
Ratios of relative capture probabilities

PL1/PK =  0.2200 (44)
PL2/PK =  0.0244 (10)
PM1/PK =  0.0570 (14)
PM2/PK =  0.00710 (32)
PN1/PK =  0.0168 (5)
PN2/PK =  0.00210 (11)
PO1/PK =  0.00479 (16)
PO2/PK =  5.78E-4 (31)
PP1/PK =  0.00133 (6)
PP2/PK =  1.37E-4 (10)
PQ1/PK =  9.97E-5 (49)

L/K =  0.244 (5)
M/K =  0.0641 (18)
N/K =  0.0189 (6)
O/K =  0.00537 (19)
P/K =  0.00147 (7)
Q/K =  9.97E-5 (49)


------------------------------
Relative capture probabilities

PK  =  0.7494 (44)
PL1 =  0.1649 (23)
PL2 =  0.0183 (6)
PM1 =  0.0427 (8)
PM2 =  0.00532 (20)
PN1 =  0.01260 (30)
PN2 =  0.00158 (7)
PO1 =  0.00359 (10)
PO2 =  4.33E-4 (21)
PP1 =  9.96E-4 (42)
PP2 =  1.03E-4 (6)
PQ1 =  7.47E-5 (32)

K =  0.7494 (44)
L =  0.1832 (29)
M =  0.0480 (10)
N =  0.01417 (37)
O =  0.00403 (12)
P =  0.001099 (48)
Q =  7.47E-5 (32)


------------------------------
Capture branch from input data

Iec =   8.3 (30) %


---------------------
Capture probabilities

PK  =  0.7494 (44)
PL1  =  0.1649 (23)
PL2  =  0.0183 (6)
PM1  =  0.0427 (8)
PM2  =  0.00532 (20)
PN1  =  0.01260 (30)
PN2  =  0.00158 (7)
PO1  =  0.00359 (10)
PO2  =  4.33E-4 (21)
PP1  =  9.96E-4 (42)
PP2  =  1.03E-4 (6)
PQ1  =  7.47E-5 (32)

K =  0.7494 (44)
L =  0.1832 (29)
M =  0.0480 (10)
N =  0.01417 (37)
O =  0.00403 (12)
P =  0.001099 (48)
Q =  7.47E-5 (32)


------------------------------------------------------------
Input log ft value (ec): 7.8

Log ft value (ec)    =  7.80 (18)
with log f           =  1.81 (8)
and log partial T1/2 =  5.99 (16)

