--------------------------------------------------------------------------------------

BetaShape
Version: 2.2 (05/2021)
Author: X. Mougeot (xavier.mougeot@cea.fr)
CEA, LIST, Laboratoire National Henri Becquerel (LNHB), Gif-sur-Yvette F-91191, France
Please cite: X. Mougeot, Applied Radiation and Isotopes 154 (2019) 108884

--------------------------------------------------------------------------------------

Parent nucleus: 93-Np-236m [1+] 6E1 (5) keV  -->  Daughter nucleus: 92-U-236 [0+] g.s.
Calculation of the allowed transition from the electron capture decay of Np-236

Transition energy: 9.9E2 (7) keV


----------------------------------------
Ratios of relative capture probabilities

PL1/PK =  0.2177 (39)
PL2/PK =  0.0242 (9)
PM1/PK =  0.0563 (13)
PM2/PK =  0.00702 (30)
PN1/PK =  0.01660 (46)
PN2/PK =  0.00208 (10)
PO1/PK =  0.00473 (15)
PO2/PK =  5.71E-4 (29)
PP1/PK =  0.00131 (6)
PP2/PK =  1.35E-4 (9)
PQ1/PK =  9.85E-5 (46)

L/K =  0.2419 (48)
M/K =  0.0633 (16)
N/K =  0.0187 (6)
O/K =  0.00530 (18)
P/K =  0.00145 (7)
Q/K =  9.85E-5 (46)


------------------------------
Relative capture probabilities

PK  =  0.7515 (40)
PL1 =  0.1636 (21)
PL2 =  0.0182 (6)
PM1 =  0.0423 (7)
PM2 =  0.00527 (19)
PN1 =  0.01248 (28)
PN2 =  0.00156 (7)
PO1 =  0.00356 (9)
PO2 =  4.29E-4 (20)
PP1 =  9.87E-4 (40)
PP2 =  1.02E-4 (6)
PQ1 =  7.40E-5 (31)

K =  0.7515 (40)
L =  0.1818 (26)
M =  0.0476 (9)
N =  0.01404 (34)
O =  0.00399 (11)
P =  0.001088 (46)
Q =  7.40E-5 (31)


------------------------------
Capture branch from input data

Iec =   43.1 (32) %


---------------------
Capture probabilities

PK  =  0.7515 (40)
PL1  =  0.1636 (21)
PL2  =  0.0182 (6)
PM1  =  0.0423 (7)
PM2  =  0.00527 (19)
PN1  =  0.01248 (28)
PN2  =  0.00156 (7)
PO1  =  0.00356 (9)
PO2  =  4.29E-4 (20)
PP1  =  9.87E-4 (40)
PP2  =  1.02E-4 (6)
PQ1  =  7.40E-5 (31)

K =  0.7515 (40)
L =  0.1818 (26)
M =  0.0476 (9)
N =  0.01404 (34)
O =  0.00399 (11)
P =  0.001088 (46)
Q =  7.40E-5 (31)


------------------------------------------------------------
Input log ft value (ec): 7.1

Log ft value (ec)    =  7.13 (8)
with log f           =  1.86 (8)
and log partial T1/2 =  5.274 (33)

