--------------------------------------------------------------------------------------

BetaShape
Version: 2.2 (05/2021)
Author: X. Mougeot (xavier.mougeot@cea.fr)
CEA, LIST, Laboratoire National Henri Becquerel (LNHB), Gif-sur-Yvette F-91191, France
Please cite: X. Mougeot, Applied Radiation and Isotopes 154 (2019) 108884

--------------------------------------------------------------------------------------

Parent nucleus: 53-I-123 [5/2+] g.s.  -->  Daughter nucleus: 52-Te-123 [3/2+] 687.950 (40) keV
Calculation of the allowed transition from the electron capture decay of I-123

Transition energy: 546.1 (30) keV


----------------------------------------
Ratios of relative capture probabilities

PL1/PK =  0.14018 (28)
PL2/PK =  0.003616 (11)
PM1/PK =  0.03088 (17)
PM2/PK =  8.768E-4 (15)
PN1/PK =  0.00695 (7)
PN2/PK =  1.852E-4 (13)
PO1/PK =  0.001143 (20)
PO2/PK =  1.898E-5 (29)

L/K =  0.14380 (27)
M/K =  0.03176 (17)
N/K =  0.00714 (7)
O/K =  0.001162 (20)


------------------------------
Relative capture probabilities

PK  =  0.84470 (38)
PL1 =  0.11841 (18)
PL2 =  0.003054 (10)
PM1 =  0.02609 (13)
PM2 =  7.406E-4 (10)
PN1 =  0.00587 (6)
PN2 =  1.564E-4 (10)
PO1 =  9.65E-4 (17)
PO2 =  1.603E-5 (24)

K =  0.84470 (38)
L =  0.12147 (17)
M =  0.02683 (13)
N =  0.00603 (6)
O =  9.82E-4 (17)


------------------------------
Capture branch from input data

Iec =   1.40 (12) %


---------------------
Capture probabilities

PK  =  0.84470 (38)
PL1  =  0.11841 (18)
PL2  =  0.003054 (10)
PM1  =  0.02609 (13)
PM2  =  7.406E-4 (10)
PN1  =  0.00587 (6)
PN2  =  1.564E-4 (10)
PO1  =  9.65E-4 (17)
PO2  =  1.603E-5 (24)

K =  0.84470 (38)
L =  0.12147 (17)
M =  0.02683 (13)
N =  0.00603 (6)
O =  9.82E-4 (17)


------------------------------------------------------------
Input log ft value (ec): 6.49

Log ft value (ec)    =  6.520 (38)
with log f           =  -0.011 (8)
and log partial T1/2 =  6.532 (37)

