--------------------------------------------------------------------------------------

BetaShape
Version: 2.2 (05/2021)
Author: X. Mougeot (xavier.mougeot@cea.fr)
CEA, LIST, Laboratoire National Henri Becquerel (LNHB), Gif-sur-Yvette F-91191, France
Please cite: X. Mougeot, Applied Radiation and Isotopes 154 (2019) 108884

--------------------------------------------------------------------------------------

Parent nucleus: 53-I-123 [5/2+] g.s.  -->  Daughter nucleus: 52-Te-123 [5/2+] 505.340 (40) keV
Calculation of the allowed transition from the electron capture decay of I-123

Transition energy: 728.7 (30) keV


----------------------------------------
Ratios of relative capture probabilities

PL1/PK =  0.13660 (24)
PL2/PK =  0.003529 (10)
PM1/PK =  0.02999 (16)
PM2/PK =  8.530E-4 (13)
PN1/PK =  0.00674 (7)
PN2/PK =  1.801E-4 (12)
PO1/PK =  0.001109 (19)
PO2/PK =  1.845E-5 (28)

L/K =  0.14013 (23)
M/K =  0.03084 (16)
N/K =  0.00692 (7)
O/K =  0.001127 (19)


------------------------------
Relative capture probabilities

PK  =  0.84816 (34)
PL1 =  0.11586 (15)
PL2 =  0.002994 (9)
PM1 =  0.02543 (12)
PM2 =  7.235E-4 (8)
PN1 =  0.00572 (6)
PN2 =  1.527E-4 (9)
PO1 =  9.40E-4 (16)
PO2 =  1.565E-5 (23)

K =  0.84816 (34)
L =  0.11885 (15)
M =  0.02616 (12)
N =  0.00587 (6)
O =  9.56E-4 (16)


------------------------------
Capture branch from input data

Iec =   0.349 (42) %


---------------------
Capture probabilities

PK  =  0.84816 (34)
PL1  =  0.11586 (15)
PL2  =  0.002994 (9)
PM1  =  0.02543 (12)
PM2  =  7.235E-4 (8)
PN1  =  0.00572 (6)
PN2  =  1.527E-4 (9)
PO1  =  9.40E-4 (16)
PO2  =  1.565E-5 (23)

K =  0.84816 (34)
L =  0.11885 (15)
M =  0.02616 (12)
N =  0.00587 (6)
O =  9.56E-4 (16)


------------------------------------------------------------
Input log ft value (ec): 7.35

Log ft value (ec)    =  7.39 (5)
with log f           =  0.251 (7)
and log partial T1/2 =  7.13 (5)

