--------------------------------------------------------------------------------------

BetaShape
Version: 2.2 (05/2021)
Author: X. Mougeot (xavier.mougeot@cea.fr)
CEA, LIST, Laboratoire National Henri Becquerel (LNHB), Gif-sur-Yvette F-91191, France
Please cite: X. Mougeot, Applied Radiation and Isotopes 154 (2019) 108884

--------------------------------------------------------------------------------------

Parent nucleus: 53-I-123 [5/2+] g.s.  -->  Daughter nucleus: 52-Te-123 [3/2+] 894.74 (6) keV
Calculation of the allowed transition from the electron capture decay of I-123

Transition energy: 339.3 (30) keV


----------------------------------------
Ratios of relative capture probabilities

PL1/PK =  0.14959 (45)
PL2/PK =  0.003852 (15)
PM1/PK =  0.03324 (22)
PM2/PK =  9.419E-4 (27)
PN1/PK =  0.00750 (9)
PN2/PK =  1.993E-4 (16)
PO1/PK =  0.001233 (23)
PO2/PK =  2.043E-5 (34)

L/K =  0.15344 (44)
M/K =  0.03419 (23)
N/K =  0.00769 (9)
O/K =  0.001253 (23)


------------------------------
Relative capture probabilities

PK  =  0.8357 (5)
PL1 =  0.12502 (29)
PL2 =  0.003219 (13)
PM1 =  0.02778 (17)
PM2 =  7.872E-4 (18)
PN1 =  0.00626 (7)
PN2 =  1.665E-4 (12)
PO1 =  0.001030 (19)
PO2 =  1.707E-5 (27)

K =  0.8357 (5)
L =  0.12823 (29)
M =  0.02857 (17)
N =  0.00643 (7)
O =  0.001048 (19)


------------------------------
Capture branch from input data

Iec =   0.0744 (13) %


---------------------
Capture probabilities

PK  =  0.8357 (5)
PL1  =  0.12502 (29)
PL2  =  0.003219 (13)
PM1  =  0.02778 (17)
PM2  =  7.872E-4 (18)
PN1  =  0.00626 (7)
PN2  =  1.665E-4 (12)
PO1  =  0.001030 (19)
PO2  =  1.707E-5 (27)

K =  0.8357 (5)
L =  0.12823 (29)
M =  0.02857 (17)
N =  0.00643 (7)
O =  0.001048 (19)


------------------------------------------------------------
Input log ft value (ec): 7.32

Log ft value (ec)    =  7.353 (14)
with log f           =  -0.453 (12)
and log partial T1/2 =  7.806 (8)

