--------------------------------------------------------------------------------------

BetaShape
Version: 2.2 (05/2021)
Author: X. Mougeot (xavier.mougeot@cea.fr)
CEA, LIST, Laboratoire National Henri Becquerel (LNHB), Gif-sur-Yvette F-91191, France
Please cite: X. Mougeot, Applied Radiation and Isotopes 154 (2019) 108884

--------------------------------------------------------------------------------------

Parent nucleus: 93-Np-236 [6-] g.s.  -->  Daughter nucleus: 92-U-236 [4+] 149.477 (6) keV
Calculation of the 1st forbidden unique transition from the electron capture decay of Np-236

Transition energy: 7.8E2 (5) keV


----------------------------------------
Ratios of relative capture probabilities

PL1/PK =  0.301 (12)
PL2/PK =  0.0334 (21)
PL3/PK =  0.0113 (24)
PM1/PK =  0.0818 (41)
PM2/PK =  0.0102 (7)
PM3/PK =  0.0034 (8)
PN1/PK =  0.0244 (14)
PM4/PK =  4.0E-5 (8)
PN2/PK =  0.00305 (24)
PN3/PK =  9.7E-4 (22)
PO1/PK =  0.00699 (42)
PN4/PK =  1.28E-5 (26)
PO2/PK =  8.4E-4 (7)
PO3/PK =  2.4E-4 (6)
PP1/PK =  0.00194 (15)
PO4/PK =  2.9E-6 (6)
PP2/PK =  1.99E-4 (20)
PP3/PK =  4.7E-5 (13)
PQ1/PK =  1.45E-4 (11)
PP4/PK =  4.0E-8 (10)

L/K =  0.345 (17)
M/K =  0.095 (6)
N/K =  0.0285 (18)
O/K =  0.0081 (5)
P/K =  0.00219 (18)
Q/K =  1.45E-4 (11)


------------------------------
Relative capture probabilities

PK  =  0.676 (11)
PL1 =  0.203 (5)
PL2 =  0.0225 (10)
PL3 =  0.0076 (15)
PM1 =  0.0553 (18)
PM2 =  0.00688 (36)
PM3 =  0.00232 (47)
PN1 =  0.0165 (6)
PM4 =  2.67E-5 (48)
PN2 =  0.00206 (12)
PN3 =  6.5E-4 (14)
PO1 =  0.00472 (20)
PN4 =  8.7E-6 (16)
PO2 =  5.68E-4 (36)
PO3 =  1.63E-4 (35)
PP1 =  0.00131 (7)
PO4 =  1.96E-6 (37)
PP2 =  1.35E-4 (11)
PP3 =  3.2E-5 (8)
PQ1 =  9.8E-5 (6)
PP4 =  2.7E-8 (6)

K =  0.676 (11)
L =  0.233 (7)
M =  0.0645 (26)
N =  0.0192 (9)
O =  0.00546 (27)
P =  0.00148 (9)
Q =  9.8E-5 (6)


------------------------------
Capture branch from input data

Iec =   4.4 %


---------------------
Capture probabilities

PK  =  0.676 (11)
PL1  =  0.203 (5)
PL2  =  0.0225 (10)
PL3  =  0.0076 (15)
PM1  =  0.0553 (18)
PM2  =  0.00688 (36)
PM3  =  0.00232 (47)
PN1  =  0.0165 (6)
PM4  =  2.67E-5 (48)
PN2  =  0.00206 (12)
PN3  =  6.5E-4 (14)
PO1  =  0.00472 (20)
PN4  =  8.7E-6 (16)
PO2  =  5.68E-4 (36)
PO3  =  1.63E-4 (35)
PP1  =  0.00131 (7)
PO4  =  1.96E-6 (37)
PP2  =  1.35E-4 (11)
PP3  =  3.2E-5 (8)
PQ1  =  9.8E-5 (6)
PP4  =  2.7E-8 (6)

K =  0.676 (11)
L =  0.233 (7)
M =  0.0645 (26)
N =  0.0192 (9)
O =  0.00546 (27)
P =  0.00148 (9)
Q =  9.8E-5 (6)


------------------------------------------------------------
Input log ft value (ec): 15.9

Log ft value (ec)    =  15.94 (15)
with log f           =  1.90 (15)
and log partial T1/2 =  14.046 (22)

