--------------------------------------------------------------------------------------

BetaShape
Version: 2.2 (05/2021)
Author: X. Mougeot (xavier.mougeot@cea.fr)
CEA, LIST, Laboratoire National Henri Becquerel (LNHB), Gif-sur-Yvette F-91191, France
Please cite: X. Mougeot, Applied Radiation and Isotopes 154 (2019) 108884

--------------------------------------------------------------------------------------

Parent nucleus: 95-Am-242 [1-] g.s.  -->  Daughter nucleus: 94-Pu-242 [2+] 44.540 (20) keV
The 1st forbidden non-unique transition from the electron capture decay of Am-242 is calculated as allowed

Transition energy: 706.8 (7) keV


----------------------------------------
Ratios of relative capture probabilities

PL1/PK =  0.24712 (35)
PL2/PK =  0.02929 (9)
PM1/PK =  0.06523 (22)
PM2/PK =  0.008665 (45)
PN1/PK =  0.01948 (13)
PN2/PK =  0.002603 (22)
PO1/PK =  0.00564 (7)
PO2/PK =  7.31E-4 (10)
PP1/PK =  0.001586 (23)
PP2/PK =  1.606E-4 (26)
PQ1/PK =  9.13E-5 (14)

L/K =  0.27641 (45)
M/K =  0.07390 (27)
N/K =  0.02208 (16)
O/K =  0.00638 (8)
P/K =  0.001747 (26)
Q/K =  9.13E-5 (14)


------------------------------
Relative capture probabilities

PK  =  0.7243 (5)
PL1 =  0.17899 (13)
PL2 =  0.02122 (5)
PM1 =  0.04725 (13)
PM2 =  0.006276 (28)
PN1 =  0.01411 (9)
PN2 =  0.001885 (15)
PO1 =  0.004088 (45)
PO2 =  5.30E-4 (7)
PP1 =  0.001149 (16)
PP2 =  1.163E-4 (18)
PQ1 =  6.61E-5 (9)

K =  0.7243 (5)
L =  0.20021 (18)
M =  0.05352 (16)
N =  0.01599 (10)
O =  0.00462 (5)
P =  0.001265 (18)
Q =  6.61E-5 (9)


------------------------------
Capture branch from input data

Iec =   10.6 (5) %


---------------------
Capture probabilities

PK  =  0.7243 (5)
PL1  =  0.17899 (13)
PL2  =  0.02122 (5)
PM1  =  0.04725 (13)
PM2  =  0.006276 (28)
PN1  =  0.01411 (9)
PN2  =  0.001885 (15)
PO1  =  0.004088 (45)
PO2  =  5.30E-4 (7)
PP1  =  0.001149 (16)
PP2  =  1.163E-4 (18)
PQ1  =  6.61E-5 (9)

K =  0.7243 (5)
L =  0.20021 (18)
M =  0.05352 (16)
N =  0.01599 (10)
O =  0.00462 (5)
P =  0.001265 (18)
Q =  6.61E-5 (9)


------------------------------------------------------------
Input log ft value (ec): 7.26

Log ft value (ec)    =  7.368 (21)
with log f           =  1.6329 (29)
and log partial T1/2 =  5.735 (20)

