--------------------------------------------------------------------------------------

BetaShape
Version: 2.2 (05/2021)
Author: X. Mougeot (xavier.mougeot@cea.fr)
CEA, LIST, Laboratoire National Henri Becquerel (LNHB), Gif-sur-Yvette F-91191, France
Please cite: X. Mougeot, Applied Radiation and Isotopes 154 (2019) 108884

--------------------------------------------------------------------------------------

Parent nucleus: 27-Co-57 [7/2-] g.s.  -->  Daughter nucleus: 26-Fe-57 [1/2-] g.s.
Calculation of the 2nd forbidden unique transition from the electron capture decay of Co-57

Transition energy: 836.2 (5) keV


----------------------------------------
Ratios of relative capture probabilities

PL1/PK =  0.11599 (28)
PL2/PK =  6.244E-4 (31)
PL3/PK =  0.002559 (17)
PM1/PK =  0.01831 (11)
PM2/PK =  9.36E-5 (8)
PM3/PK =  3.438E-4 (38)
PN1/PK =  0.001193 (8)
PM4/PK =  5.40E-8 (7)
PM5/PK =  1.117E-8 (15)

L/K =  0.11917 (30)
M/K =  0.01875 (11)
N/K =  0.001193 (8)


------------------------------
Relative capture probabilities

PK  =  0.87788 (33)
PL1 =  0.10182 (21)
PL2 =  5.482E-4 (25)
PL3 =  0.002246 (14)
PM1 =  0.01607 (9)
PM2 =  8.22E-5 (7)
PM3 =  3.018E-4 (32)
PN1 =  0.001047 (7)
PM4 =  4.74E-8 (6)
PM5 =  9.80E-9 (13)

K =  0.87788 (33)
L =  0.10462 (23)
M =  0.01646 (9)
N =  0.001047 (7)


------------------------------
Capture branch from input data

Iec =   3.5000E-4 %


---------------------
Capture probabilities

PK  =  0.87788 (33)
PL1  =  0.10182 (21)
PL2  =  5.482E-4 (25)
PL3  =  0.002246 (14)
PM1  =  0.01607 (9)
PM2  =  8.22E-5 (7)
PM3  =  3.018E-4 (32)
PN1  =  0.001047 (7)
PM4  =  4.74E-8 (6)
PM5  =  9.80E-9 (13)

K =  0.87788 (33)
L =  0.10462 (23)
M =  0.01646 (9)
N =  0.001047 (7)


------------------------------------------------------------
Input log ft value (ec): 12.909

Log ft value (ec)    =  12.9091 (39)
with log f           =  0.0824 (39)
and log partial T1/2 =  12.82671 (6)

