0.0	0.0026582498432587798
0.1	0.003532429646453646
0.2	0.004165346275800974
0.3	0.004627549612461958
0.4	0.005038655092808665
0.5	0.005277305308094676
0.6	0.005522923412878088
0.7	0.005702636896165237
0.8	0.005891060241324151
0.9	0.005940125796535022
1.0	0.002078076266357062
1.3	0.006493685906606383
1.6	0.006655302232448901
1.9	0.006831434994744325
2.2	0.006996341712849512
2.5	0.0071010536077965765
2.8	0.0071907651850756146
3.1	0.007249605140831462
3.4	0.007286670441907908
3.7	0.0074072536407101775
4.0	0.007430770267763908
4.3	0.007457093405865204
4.6	0.007531417560504135
4.9	0.007528707825699612
5.2	0.00757990245825691
5.5	0.007615032234472978
5.8	0.00755445030634279
6.1	0.0076280970272805835
6.4	0.0076655494333291415
6.7	0.007662452593552517
7.0	0.0076710656791812515
7.3	0.007698840460927838
7.6	0.007734937999574078
7.9	0.0077168408421294825
8.2	0.007714034331081873
8.5	0.007740454245426187
8.8	0.007720615115607242
9.1	0.007681420737184311
9.4	0.007718098933288736
9.7	0.007676098043818241
10.0	0.007742680099015635
10.3	0.007731550831068443
10.6	0.007668936601834799
10.9	0.007666033314544261
11.2	0.007711131043791288
11.5	0.00763438748307685
11.8	0.007576321737265213
12.1	0.0075959673145981205
12.4	0.007600031916804983
12.7	0.007647936157099576
13.0	0.007550385704135951
13.3	0.007573708778703687
13.6	0.007512255864386279
13.9	0.007548256626789566
14.2	0.007491739300866152
14.5	0.007491448972137093
14.8	0.007473061485963438
15.1	0.007393995295416489
15.4	0.007413931201478543
15.7	0.007397092135193111
16.0	0.007355091245722662
16.3	0.007332445604856106
16.6	0.007320445350721779
16.9	0.007247379287241993
17.2	0.007244959881166506
17.5	0.007214475364615372
17.8	0.007187668345298981
18.1	0.007142183511079915
18.4	0.007132022005562786
18.7	0.007043471743199972
19.0	0.007064568964178216
19.3	0.0070078580857688075
19.6	0.006968566931102986
19.9	0.006928695118978882
20.2	0.00693430814107401
20.5	0.006845080445010061
20.8	0.0068464353124123335
21.1	0.00685079024334829
21.4	0.006753530119113642
21.7	0.006648044014222421
22.0	0.006666625052882159
22.3	0.0066447536219597595
22.6	0.006568397166217477
22.9	0.0065523323098761665
23.2	0.0064920407104750374
23.5	0.00644800751990118
23.8	0.0063897482216034585
24.1	0.006340779442635683
24.4	0.006290455796265484
24.7	0.006256197006236592
25.0	0.0061720984510526735
25.3	0.006127000721805601
25.6	0.006052966895895778
25.9	0.0060496765036330445
26.2	0.005952609931884518
26.5	0.005912544567274456
26.8	0.005913415553461632
27.1	0.005851091652957163
27.4	0.005716959780132111
27.7	0.005731960097800129
28.0	0.005631699910031959
28.3	0.0056614102166389355
28.6	0.005575666465323752
28.9	0.00551479420846444
29.2	0.005479954760977432
29.5	0.005374468656086209
29.8	0.005371662145038645
30.1	0.005283692540134011
30.4	0.005270627747326319
30.7	0.005215852393777301
31.0	0.005141431462895329
31.3	0.005065945993340142
31.6	0.004996750979581281
31.9	0.004889716454801632
32.2	0.00486552239404688
32.5	0.0048196504548556505
32.8	0.004745519852702625
33.1	0.004716003098581798
33.4	0.0046554211704515
33.7	0.0045689032091922035
34.0	0.004548967303130193
34.3	0.004443384421995847
34.6	0.004393060775625827
34.9	0.004386189662371341
35.2	0.004300639463542233
35.5	0.004252154565789479
35.8	0.004114054867000597
36.1	0.00410940960733576
36.4	0.00404253722340921
36.7	0.004003052516257362
37.0	0.003923986325710455
37.3	0.0038739530080692977
37.6	0.003782693010902029
37.9	0.0037550150053983714
38.2	0.003673142303803989
38.5	0.003643335220953992
38.8	0.0035642690304070004
39.1	0.00351946162988907
39.4	0.0034006204034610805
39.7	0.003386587848223338
40.0	0.0033506838620631137
40.3	0.0032508107792669438
40.6	0.0032032936439444614
40.9	0.003134485735157544
41.2	0.00303732238716607
41.5	0.003027064105406006
41.8	0.002961062707666657
42.1	0.002908029326492058
42.4	0.0028329309619088815
42.7	0.0028019625641427185
43.0	0.002707799279684774
43.3	0.0026762502244603633
43.6	0.0026084100781037785
43.9	0.0025573122217894375
44.2	0.002524795404134956
44.5	0.0024402129677359393
44.8	0.0024001476031258215
45.1	0.002319339440204621
45.4	0.002268048031404248
45.7	0.0022330150314312535
46.0	0.002163239360214216
46.3	0.0021043026282153085
46.6	0.002047978854778027
46.9	0.0020223331503778194
47.2	0.001957396291311803
47.5	0.0019098791559892428
47.8	0.0018620716919375804
48.1	0.0018040059461259424
48.4	0.0017624889378705481
48.7	0.0017312302113753012
49.0	0.0016781968302006314
49.3	0.001646841327462284
49.6	0.001570194542990903
49.9	0.0015520973855462253
50.2	0.0015067093275701303
50.5	0.001438094971269326
50.8	0.0014127395955981915
51.1	0.0013530286536552118
51.4	0.0013172214437379766
51.7	0.0012824787724940178
52.0	0.0012276066427019787
52.3	0.0011728312891529306
52.6	0.0011590890626441937
52.9	0.0011211527753805348
53.2	0.0010985071345140055
53.5	0.0010647322257002103
53.8	0.001028537910810904
54.1	0.000982762747862719
54.4	0.0009539234274428944
54.7	0.0009208259523302583
55.0	0.000908632145709805
55.3	0.0008657602700521593
55.6	0.0008603408004430894
55.9	0.0008101139303159652
56.2	0.0007860166458041364
56.5	0.000764725872339853
56.8	0.0007338542508166246
57.1	0.0007441125325767058
57.4	0.0007078214414443877
57.7	0.0006725948889853174
58.0	0.0006645624608147014
58.3	0.0006455943171828699
58.6	0.000636690902825094
58.9	0.0006320456431601444
59.2	0.0006282713696824
59.5	0.0006118194083690902
59.8	0.000603593427712421
60.1	0.0005895608724746121
60.4	0.0005760121984518725
60.7	0.0005606247758117904
61.0	0.0005611086570268878
61.3	0.0005538504388004145
61.6	0.0005460115631158505
61.9	0.0005391404498614553
62.2	0.0005231723697632555
62.5	0.0005324628890931247
62.8	0.0005069139609359725
63.1	0.0005012041625978358
63.4	0.000491913643267955
63.7	0.0005010106101117969
64.0	0.0004876554885751099
64.3	0.0004637517565493009
64.6	0.00046723570129797963
64.9	0.0004537838035182954
65.2	0.0004353963173445961
65.5	0.00044139644441180324
65.8	0.0004411061156827448
66.1	0.0004149765300674683
66.4	0.0003925244416869708
66.7	0.000393588980360185
67.0	0.0003872017483209
67.3	0.00038023385882349816
67.6	0.00037868543893516867
67.9	0.00036852393341814225
68.2	0.00035565269309655273
68.5	0.00036165282016375984
68.8	0.0003365877732217171
69.1	0.0003505235522165042
69.4	0.0003328134997439577
69.7	0.00032207133676879655
70.0	0.0003106517400924991
70.3	0.00030523227048340874
70.6	0.0002939094500501169
70.9	0.0002967159610976954
71.2	0.00027387676774510045
71.5	0.00027039282299639954
71.8	0.0002600377649933162
72.1	0.00026294105228388793
72.4	0.00025084402190646656
72.7	0.00023923087274413014
73.0	0.00023748890036977968
73.3	0.000226843513637638
73.6	0.00021977884789720626
73.9	0.00022142404402854764
74.2	0.00021329483961491215
74.5	0.0002050688589582572
74.8	0.00019074597499137562
75.1	0.00018397163798000398
75.4	0.000181358679418487
75.7	0.00017574565732335774
76.0	0.000174971447379202
76.3	0.00016510027059121605
76.6	0.00015319679269981394
76.9	0.00014884186176394504
77.2	0.00014980962419413978
77.5	0.00013084148056232363
77.8	0.00013238990045063515
78.1	0.00012793819327173344
78.4	0.0001233897098498244
78.7	0.00011487340046411103
79.0	0.00010829261593878707
79.3	9.861499163684005e-05
79.6	0.00010074406898326362
79.9	9.39697319719055e-05
80.2	8.313079275372483e-05
80.5	8.342112148278325e-05
80.8	8.264691153862749e-05
81.1	7.451770712498845e-05
81.4	6.948534248797955e-05
81.7	6.60981739822981e-05
82.0	6.271100547661664e-05
82.3	5.487212979203956e-05
82.6	5.7388312110543065e-05
82.9	5.264627620259175e-05
83.2	4.529128173311202e-05
83.5	4.219444195648897e-05
83.8	3.774273477759335e-05
84.1	3.5226552459085455e-05
84.4	3.309747511265879e-05
84.7	3.0387740308113615e-05
85.0	2.6419914344315345e-05
85.3	2.274241710957548e-05
85.6	1.9355248603893107e-05
85.9	1.9839129818991377e-05
86.2	1.8000381201621444e-05
86.5	1.3742226508764758e-05
86.8	1.2193806620453236e-05
87.1	1.0064729274024418e-05
87.4	7.54854695551867e-06
87.7	6.4840082823044985e-06
88.0	5.613022095129267e-06
88.3	4.645259664934566e-06
88.6	3.677497234739691e-06
88.9	1.9355248603894025e-06
89.2	8.709861871752311e-07
89.5	6.774337011362909e-07
89.8	1.9355248603894025e-07
90.1	1.4516436452920174e-07
90.3	0
