--------------------------------------------------------------------------------------

BetaShape
Version: 2.2 (05/2021)
Author: X. Mougeot (xavier.mougeot@cea.fr)
CEA, LIST, Laboratoire National Henri Becquerel (LNHB), Gif-sur-Yvette F-91191, France
Please cite: X. Mougeot, Applied Radiation and Isotopes 154 (2019) 108884

--------------------------------------------------------------------------------------

Parent nucleus: 34-Se-73 [9/2+] g.s.  -->  Daughter nucleus: 33-As-73 [3/2+] 2434.10 (40) keV
Calculation of the 2nd forbidden unique transition from the electron capture decay of Se-73

Transition energy: 291 (7) keV


----------------------------------------
Ratios of relative capture probabilities

PL1/PK =  0.1343 (9)
PL2/PK =  0.001273 (12)
PL3/PK =  0.0401 (24)
PM1/PK =  0.02232 (19)
PM2/PK =  1.990E-4 (17)
PM3/PK =  0.00551 (32)
PN1/PK =  0.00326 (5)
PM4/PK =  2.06E-6 (14)
PM5/PK =  6.9E-6 (9)
PN2/PK =  1.581E-5 (21)
PN3/PK =  1.57E-4 (11)

L/K =  0.1757 (30)
M/K =  0.02804 (49)
N/K =  0.00343 (6)


------------------------------
Relative capture probabilities

PK  =  0.8284 (24)
PL1 =  0.11128 (41)
PL2 =  0.001055 (7)
PL3 =  0.0332 (19)
PM1 =  0.01849 (11)
PM2 =  1.648E-4 (9)
PM3 =  0.00456 (25)
PN1 =  0.002701 (34)
PM4 =  1.70E-6 (11)
PM5 =  5.7E-6 (7)
PN2 =  1.310E-5 (13)
PN3 =  1.30E-4 (8)

K =  0.8284 (24)
L =  0.1455 (21)
M =  0.02323 (34)
N =  0.002844 (42)


------------------------------
Capture branch from input data

Iec =   0.0048 (19) %


---------------------
Capture probabilities

PK  =  0.8284 (24)
PL1  =  0.11128 (41)
PL2  =  0.001055 (7)
PL3  =  0.0332 (19)
PM1  =  0.01849 (11)
PM2  =  1.648E-4 (9)
PM3  =  0.00456 (25)
PN1  =  0.002701 (34)
PM4  =  1.70E-6 (11)
PM5  =  5.7E-6 (7)
PN2  =  1.310E-5 (13)
PN3  =  1.30E-4 (8)

K =  0.8284 (24)
L =  0.1455 (21)
M =  0.02323 (34)
N =  0.002844 (42)


------------------------------------------------------------
Input log ft value (ec): 7.4

Log ft value (ec)    =  6.37 (19)
with log f           =  -2.36 (7)
and log partial T1/2 =  8.73 (17)

