--------------------------------------------------------------------------------------

BetaShape
Version: 2.2 (05/2021)
Author: X. Mougeot (xavier.mougeot@cea.fr)
CEA, LIST, Laboratoire National Henri Becquerel (LNHB), Gif-sur-Yvette F-91191, France
Please cite: X. Mougeot, Applied Radiation and Isotopes 154 (2019) 108884

--------------------------------------------------------------------------------------

Parent nucleus: 57-La-138 [5+] g.s.  -->  Daughter nucleus: 56-Ba-138 [2+] 1435.816 (10) keV
Calculation of the 2nd forbidden unique transition from the electron capture decay of La-138

Transition energy: 304.2 (34) keV


----------------------------------------
Ratios of relative capture probabilities

PL1/PK =  0.2461 (23)
PL2/PK =  0.00760 (14)
PL3/PK =  0.154 (7)
PM1/PK =  0.0602 (8)
PM2/PK =  0.002005 (47)
PM3/PK =  0.0380 (18)
PN1/PK =  0.01556 (29)
PM4/PK =  1.24E-4 (7)
PM5/PK =  2.77E-4 (22)
PN2/PK =  5.03E-4 (14)
PN3/PK =  0.00859 (45)
PO1/PK =  0.00307 (8)
PN4/PK =  2.70E-5 (16)
PN5/PK =  7.0E-5 (6)
PO2/PK =  8.37E-5 (30)
PO3/PK =  0.00120 (8)
PP1/PK =  3.52E-4 (12)

L/K =  0.407 (9)
M/K =  0.1006 (27)
N/K =  0.0248 (8)
O/K =  0.00435 (16)
P/K =  3.52E-4 (12)


------------------------------
Relative capture probabilities

PK  =  0.651 (5)
PL1 =  0.16006 (46)
PL2 =  0.00494 (5)
PL3 =  0.0999 (34)
PM1 =  0.03918 (22)
PM2 =  0.001304 (19)
PM3 =  0.0247 (10)
PN1 =  0.01012 (10)
PM4 =  8.06E-5 (38)
PM5 =  1.80E-4 (13)
PN2 =  3.27E-4 (6)
PN3 =  0.00559 (24)
PO1 =  0.001994 (33)
PN4 =  1.75E-5 (9)
PN5 =  4.53E-5 (35)
PO2 =  5.45E-5 (15)
PO3 =  7.81E-4 (42)
PP1 =  2.29E-4 (6)

K =  0.651 (5)
L =  0.2649 (37)
M =  0.0655 (12)
N =  0.01610 (36)
O =  0.00283 (8)
P =  2.29E-4 (6)


------------------------------
Capture branch from input data

Iec =   65.2 (6) %


---------------------
Capture probabilities

PK  =  0.651 (5)
PL1  =  0.16006 (46)
PL2  =  0.00494 (5)
PL3  =  0.0999 (34)
PM1  =  0.03918 (22)
PM2  =  0.001304 (19)
PM3  =  0.0247 (10)
PN1  =  0.01012 (10)
PM4  =  8.06E-5 (38)
PM5  =  1.80E-4 (13)
PN2  =  3.27E-4 (6)
PN3  =  0.00559 (24)
PO1  =  0.001994 (33)
PN4  =  1.75E-5 (9)
PN5  =  4.53E-5 (35)
PO2  =  5.45E-5 (15)
PO3  =  7.81E-4 (42)
PP1  =  2.29E-4 (6)

K =  0.651 (5)
L =  0.2649 (37)
M =  0.0655 (12)
N =  0.01610 (36)
O =  0.00283 (8)
P =  2.29E-4 (6)


------------------------------------------------------------
Input log ft value (ec): 17.2

Log ft value (ec)    =  17.256 (39)
with log f           =  -1.444 (38)
and log partial T1/2 =  18.700 (9)

