--------------------------------------------------------------------------------------

BetaShape
Version: 2.2 (05/2021)
Author: X. Mougeot (xavier.mougeot@cea.fr)
CEA, LIST, Laboratoire National Henri Becquerel (LNHB), Gif-sur-Yvette F-91191, France
Please cite: X. Mougeot, Applied Radiation and Isotopes 154 (2019) 108884

--------------------------------------------------------------------------------------

Parent nucleus: 38-Sr-85 [9/2+] g.s.  -->  Daughter nucleus: 37-Rb-85 [3/2-] 151.16 keV
The 3rd forbidden non-unique transition from the electron capture decay of Sr-85 is calculated as 2nd forbidden unique

Transition energy: 913.8 (30) keV


----------------------------------------
Ratios of relative capture probabilities

PL1/PK =  0.13003 (30)
PL2/PK =  0.00155 (20)
PL3/PK =  0.0047 (6)
PM1/PK =  0.02467 (16)
PM2/PK =  3.13E-4 (42)
PM3/PK =  8.6E-4 (12)
PN1/PK =  0.003687 (43)
PM4/PK =  9.9E-7 (17)
PM5/PK =  3.3E-7 (6)
PN2/PK =  3.7E-5 (5)
PN3/PK =  8.4E-5 (14)
PO1/PK =  4.46E-4 (36)

L/K =  0.1363 (11)
M/K =  0.02584 (32)
N/K =  0.00381 (6)
O/K =  4.46E-4 (36)


------------------------------
Relative capture probabilities

PK  =  0.8574 (12)
PL1 =  0.11148 (11)
PL2 =  0.00133 (17)
PL3 =  0.0040 (5)
PM1 =  0.02115 (11)
PM2 =  2.68E-4 (36)
PM3 =  7.4E-4 (11)
PN1 =  0.003161 (32)
PM4 =  8.5E-7 (14)
PM5 =  2.8E-7 (5)
PN2 =  3.17E-5 (46)
PN3 =  7.2E-5 (11)
PO1 =  3.83E-4 (30)

K =  0.8574 (12)
L =  0.1168 (8)
M =  0.02216 (25)
N =  0.003264 (48)
O =  3.83E-4 (30)


------------------------------
Capture branch from input data

Iec =   5.0000E-4 %


---------------------
Capture probabilities

PK  =  0.8574 (12)
PL1  =  0.11148 (11)
PL2  =  0.00133 (17)
PL3  =  0.0040 (5)
PM1  =  0.02115 (11)
PM2  =  2.68E-4 (36)
PM3  =  7.4E-4 (11)
PN1  =  0.003161 (32)
PM4  =  8.5E-7 (14)
PM5  =  2.8E-7 (5)
PN2  =  3.17E-5 (46)
PN3  =  7.2E-5 (11)
PO1  =  3.83E-4 (30)

K =  0.8574 (12)
L =  0.1168 (8)
M =  0.02216 (25)
N =  0.003264 (48)
O =  3.83E-4 (30)


------------------------------------------------------------
Input log ft value (ec): 11.5

Log ft value (ec)    =  12.86 (5)
with log f           =  0.81 (5)
and log partial T1/2 =  12.049451 (47)

