--------------------------------------------------------------------------------------

BetaShape
Version: 2.2 (05/2021)
Author: X. Mougeot (xavier.mougeot@cea.fr)
CEA, LIST, Laboratoire National Henri Becquerel (LNHB), Gif-sur-Yvette F-91191, France
Please cite: X. Mougeot, Applied Radiation and Isotopes 154 (2019) 108884

--------------------------------------------------------------------------------------

Parent nucleus: 63-Eu-154 [3-] g.s.  -->  Daughter nucleus: 62-Sm-154 [2+] 81.98 keV
The 1st forbidden non-unique transition from the electron capture decay of Eu-154 is calculated as allowed

Transition energy: 635.3 (11) keV


----------------------------------------
Ratios of relative capture probabilities

PL1/PK =  0.15127 (21)
PL2/PK =  0.005914 (13)
PM1/PK =  0.03600 (15)
PM2/PK =  0.001547 (8)
PN1/PK =  0.00933 (8)
PN2/PK =  3.928E-4 (36)
PO1/PK =  0.001588 (16)
PO2/PK =  5.25E-5 (6)
PP1/PK =  1.536E-4 (16)

L/K =  0.15718 (22)
M/K =  0.03755 (16)
N/K =  0.00972 (8)
O/K =  0.001641 (17)
P/K =  1.536E-4 (16)


------------------------------
Relative capture probabilities

PK  =  0.82902 (33)
PL1 =  0.12541 (12)
PL2 =  0.004903 (9)
PM1 =  0.02985 (11)
PM2 =  0.001283 (6)
PN1 =  0.00773 (6)
PN2 =  3.256E-4 (28)
PO1 =  0.001317 (13)
PO2 =  4.355E-5 (47)
PP1 =  1.273E-4 (12)

K =  0.82902 (33)
L =  0.13031 (13)
M =  0.03113 (12)
N =  0.00806 (6)
O =  0.001360 (14)
P =  1.273E-4 (12)


------------------------------
Capture branch from input data

Iec =   0.013 (13) %


---------------------
Capture probabilities

PK  =  0.82902 (33)
PL1  =  0.12541 (12)
PL2  =  0.004903 (9)
PM1  =  0.02985 (11)
PM2  =  0.001283 (6)
PN1  =  0.00773 (6)
PN2  =  3.256E-4 (28)
PO1  =  0.001317 (13)
PO2  =  4.355E-5 (47)
PP1  =  1.273E-4 (12)

K =  0.82902 (33)
L =  0.13031 (13)
M =  0.03113 (12)
N =  0.00806 (6)
O =  0.001360 (14)
P =  1.273E-4 (12)


------------------------------------------------------------
Input log ft value (ec): 12.7

Log ft value (ec)    =  12.80 (43)
with log f           =  0.4784 (30)
and log partial T1/2 =  12.32 (43)

