--------------------------------------------------------------------------------------

BetaShape
Version: 2.2 (05/2021)
Author: X. Mougeot (xavier.mougeot@cea.fr)
CEA, LIST, Laboratoire National Henri Becquerel (LNHB), Gif-sur-Yvette F-91191, France
Please cite: X. Mougeot, Applied Radiation and Isotopes 154 (2019) 108884

--------------------------------------------------------------------------------------

Parent nucleus: 63-Eu-154 [3-] g.s.  -->  Daughter nucleus: 62-Sm-154 [4+] 266.79 keV
The 1st forbidden non-unique transition from the electron capture decay of Eu-154 is calculated as allowed

Transition energy: 450.5 (11) keV


----------------------------------------
Ratios of relative capture probabilities

PL1/PK =  0.15993 (26)
PL2/PK =  0.006245 (15)
PM1/PK =  0.03836 (17)
PM2/PK =  0.001646 (9)
PN1/PK =  0.00995 (8)
PN2/PK =  4.185E-4 (39)
PO1/PK =  0.001696 (18)
PO2/PK =  5.60E-5 (6)
PP1/PK =  1.640E-4 (17)

L/K =  0.16617 (27)
M/K =  0.04001 (18)
N/K =  0.01037 (9)
O/K =  0.001752 (19)
P/K =  1.640E-4 (17)


------------------------------
Relative capture probabilities

PK  =  0.82070 (38)
PL1 =  0.13125 (15)
PL2 =  0.005125 (10)
PM1 =  0.03148 (13)
PM2 =  0.001351 (7)
PN1 =  0.00817 (7)
PN2 =  3.434E-4 (30)
PO1 =  0.001392 (14)
PO2 =  4.59E-5 (5)
PP1 =  1.346E-4 (13)

K =  0.82070 (38)
L =  0.13638 (16)
M =  0.03283 (13)
N =  0.00851 (7)
O =  0.001438 (15)
P =  1.346E-4 (13)


------------------------------
Capture branch from input data

Iec =   0.0047 (8) %


---------------------
Capture probabilities

PK  =  0.82070 (38)
PL1  =  0.13125 (15)
PL2  =  0.005125 (10)
PM1  =  0.03148 (13)
PM2  =  0.001351 (7)
PN1  =  0.00817 (7)
PN2  =  3.434E-4 (30)
PO1  =  0.001392 (14)
PO2  =  4.59E-5 (5)
PP1  =  1.346E-4 (13)

K =  0.82070 (38)
L =  0.13638 (16)
M =  0.03283 (13)
N =  0.00851 (7)
O =  0.001438 (15)
P =  1.346E-4 (13)


------------------------------------------------------------
Input log ft value (ec): 12.9

Log ft value (ec)    =  12.92 (7)
with log f           =  0.1556 (37)
and log partial T1/2 =  12.76 (7)

