--------------------------------------------------------------------------------------

BetaShape
Version: 2.2 (05/2021)
Author: X. Mougeot (xavier.mougeot@cea.fr)
CEA, LIST, Laboratoire National Henri Becquerel (LNHB), Gif-sur-Yvette F-91191, France
Please cite: X. Mougeot, Applied Radiation and Isotopes 154 (2019) 108884

--------------------------------------------------------------------------------------

Parent nucleus: 85-At-211 [9/2-] g.s.  -->  Daughter nucleus: 84-Po-211 [9/2+] g.s.
The 1st forbidden non-unique transition from the electron capture decay of At-211 is calculated as allowed

Transition energy: 785.4 (25) keV


----------------------------------------
Ratios of relative capture probabilities

PL1/PK =  0.19890 (32)
PL2/PK =  0.01704 (6)
PM1/PK =  0.04964 (19)
PM2/PK =  0.004696 (7)
PN1/PK =  0.01417 (9)
PN2/PK =  0.0013338 (40)
PO1/PK =  0.003530 (41)
PO2/PK =  3.064E-4 (24)
PP1/PK =  5.89E-4 (10)
PP2/PK =  3.34E-5 (5)

L/K =  0.21594 (28)
M/K =  0.05434 (19)
N/K =  0.01550 (10)
O/K =  0.003837 (43)
P/K =  6.22E-4 (11)


------------------------------
Relative capture probabilities

PK  =  0.77505 (37)
PL1 =  0.15416 (17)
PL2 =  0.013208 (48)
PM1 =  0.03847 (13)
PM2 =  0.003640 (6)
PN1 =  0.01098 (7)
PN2 =  0.0010337 (26)
PO1 =  0.002736 (30)
PO2 =  2.375E-4 (18)
PP1 =  4.56E-4 (8)
PP2 =  2.587E-5 (39)

K =  0.77505 (37)
L =  0.16737 (14)
M =  0.04211 (13)
N =  0.01201 (7)
O =  0.002974 (32)
P =  4.82E-4 (8)


------------------------------
Capture branch from input data

Iec =   57.96 (8) %


---------------------
Capture probabilities

PK  =  0.77505 (37)
PL1  =  0.15416 (17)
PL2  =  0.013208 (48)
PM1  =  0.03847 (13)
PM2  =  0.003640 (6)
PN1  =  0.01098 (7)
PN2  =  0.0010337 (26)
PO1  =  0.002736 (30)
PO2  =  2.375E-4 (18)
PP1  =  4.56E-4 (8)
PP2  =  2.587E-5 (39)

K =  0.77505 (37)
L =  0.16737 (14)
M =  0.04211 (13)
N =  0.01201 (7)
O =  0.002974 (32)
P =  4.82E-4 (8)


------------------------------------------------------------
Input log ft value (ec): 5.97

Log ft value (ec)    =  6.056 (6)
with log f           =  1.405 (6)
and log partial T1/2 =  4.6515 (7)

