--------------------------------------------------------------------------------------

BetaShape
Version: 2.2 (05/2021)
Author: X. Mougeot (xavier.mougeot@cea.fr)
CEA, LIST, Laboratoire National Henri Becquerel (LNHB), Gif-sur-Yvette F-91191, France
Please cite: X. Mougeot, Applied Radiation and Isotopes 154 (2019) 108884

--------------------------------------------------------------------------------------

Parent nucleus: 81-Tl-201 [1/2+] g.s.  -->  Daughter nucleus: 80-Hg-201 [3/2-] g.s.
The 1st forbidden non-unique transition from the electron capture decay of Tl-201 is calculated as allowed

Transition energy: 483 (15) keV


----------------------------------------
Ratios of relative capture probabilities

PL1/PK =  0.2136 (26)
PL2/PK =  0.0163 (5)
PM1/PK =  0.0516 (8)
PM2/PK =  0.00428 (15)
PN1/PK =  0.01478 (24)
PN2/PK =  0.001197 (44)
PO1/PK =  0.00364 (7)
PO2/PK =  2.69E-4 (11)
PP1/PK =  3.44E-4 (10)

L/K =  0.2299 (31)
M/K =  0.0558 (9)
N/K =  0.01598 (29)
O/K =  0.00391 (8)
P/K =  3.44E-4 (10)


------------------------------
Relative capture probabilities

PK  =  0.7657 (26)
PL1 =  0.1636 (14)
PL2 =  0.01246 (36)
PM1 =  0.03948 (46)
PM2 =  0.00328 (10)
PN1 =  0.01132 (15)
PN2 =  9.16E-4 (30)
PO1 =  0.002786 (44)
PO2 =  2.06E-4 (8)
PP1 =  2.64E-4 (7)

K =  0.7657 (26)
L =  0.1760 (18)
M =  0.0428 (6)
N =  0.01223 (18)
O =  0.00299 (5)
P =  2.64E-4 (7)


------------------------------
Capture branch from input data

Iec =   21 (21) %


---------------------
Capture probabilities

PK  =  0.7657 (26)
PL1  =  0.1636 (14)
PL2  =  0.01246 (36)
PM1  =  0.03948 (46)
PM2  =  0.00328 (10)
PN1  =  0.01132 (15)
PN2  =  9.16E-4 (30)
PO1  =  0.002786 (44)
PO2  =  2.06E-4 (8)
PP1  =  2.64E-4 (7)

K =  0.7657 (26)
L =  0.1760 (18)
M =  0.0428 (6)
N =  0.01223 (18)
O =  0.00299 (5)
P =  2.64E-4 (7)


------------------------------------------------------------
Input log ft value (ec): 6.5

Log ft value (ec)    =  6.90 (44)
with log f           =  0.798 (41)
and log partial T1/2 =  6.10 (43)

