--------------------------------------------------------------------------------------

BetaShape
Version: 2.2 (05/2021)
Author: X. Mougeot (xavier.mougeot@cea.fr)
CEA, LIST, Laboratoire National Henri Becquerel (LNHB), Gif-sur-Yvette F-91191, France
Please cite: X. Mougeot, Applied Radiation and Isotopes 154 (2019) 108884

--------------------------------------------------------------------------------------

Parent nucleus: 81-Tl-201 [1/2+] g.s.  -->  Daughter nucleus: 80-Hg-201 [1/2-] 1.565 keV
The 1st forbidden non-unique transition from the electron capture decay of Tl-201 is calculated as allowed

Transition energy: 481 (15) keV


----------------------------------------
Ratios of relative capture probabilities

PL1/PK =  0.2138 (26)
PL2/PK =  0.0163 (5)
PM1/PK =  0.0516 (8)
PM2/PK =  0.00428 (15)
PN1/PK =  0.01480 (24)
PN2/PK =  0.001198 (44)
PO1/PK =  0.00364 (7)
PO2/PK =  2.70E-4 (11)
PP1/PK =  3.45E-4 (10)

L/K =  0.2301 (31)
M/K =  0.0559 (9)
N/K =  0.01600 (29)
O/K =  0.00391 (8)
P/K =  3.45E-4 (10)


------------------------------
Relative capture probabilities

PK  =  0.7655 (26)
PL1 =  0.1637 (14)
PL2 =  0.01247 (36)
PM1 =  0.03952 (46)
PM2 =  0.00328 (10)
PN1 =  0.01133 (15)
PN2 =  9.17E-4 (30)
PO1 =  0.002789 (44)
PO2 =  2.06E-4 (8)
PP1 =  2.64E-4 (7)

K =  0.7655 (26)
L =  0.1762 (18)
M =  0.0428 (6)
N =  0.01225 (18)
O =  0.00300 (5)
P =  2.64E-4 (7)


------------------------------
Capture branch from input data

Iec =   25 (22) %


---------------------
Capture probabilities

PK  =  0.7655 (26)
PL1  =  0.1637 (14)
PL2  =  0.01247 (36)
PM1  =  0.03952 (46)
PM2  =  0.00328 (10)
PN1  =  0.01133 (15)
PN2  =  9.17E-4 (30)
PO1  =  0.002789 (44)
PO2  =  2.06E-4 (8)
PP1  =  2.64E-4 (7)

K =  0.7655 (26)
L =  0.1762 (18)
M =  0.0428 (6)
N =  0.01225 (18)
O =  0.00300 (5)
P =  2.64E-4 (7)


------------------------------------------------------------
Input log ft value (ec): 6.5

Log ft value (ec)    =  6.82 (38)
with log f           =  0.795 (41)
and log partial T1/2 =  6.02 (38)

