--------------------------------------------------------------------------------------

BetaShape
Version: 2.2 (05/2021)
Author: X. Mougeot (xavier.mougeot@cea.fr)
CEA, LIST, Laboratoire National Henri Becquerel (LNHB), Gif-sur-Yvette F-91191, France
Please cite: X. Mougeot, Applied Radiation and Isotopes 154 (2019) 108884

--------------------------------------------------------------------------------------

Parent nucleus: 81-Tl-201 [1/2+] g.s.  -->  Daughter nucleus: 80-Hg-201 [3/2-] 32.138 keV
The 1st forbidden non-unique transition from the electron capture decay of Tl-201 is calculated as allowed

Transition energy: 451 (15) keV


----------------------------------------
Ratios of relative capture probabilities

PL1/PK =  0.2190 (31)
PL2/PK =  0.0167 (6)
PM1/PK =  0.0531 (9)
PM2/PK =  0.00440 (17)
PN1/PK =  0.01522 (28)
PN2/PK =  0.001232 (48)
PO1/PK =  0.00375 (8)
PO2/PK =  2.77E-4 (12)
PP1/PK =  3.55E-4 (11)

L/K =  0.2357 (37)
M/K =  0.0575 (11)
N/K =  0.01645 (33)
O/K =  0.00403 (9)
P/K =  3.55E-4 (11)


------------------------------
Relative capture probabilities

PK  =  0.7610 (30)
PL1 =  0.1667 (17)
PL2 =  0.01270 (38)
PM1 =  0.0404 (5)
PM2 =  0.00335 (11)
PN1 =  0.01158 (17)
PN2 =  9.38E-4 (33)
PO1 =  0.00285 (5)
PO2 =  2.11E-4 (8)
PP1 =  2.70E-4 (8)

K =  0.7610 (30)
L =  0.1794 (21)
M =  0.0437 (6)
N =  0.01252 (20)
O =  0.00306 (6)
P =  2.70E-4 (8)


------------------------------
Capture branch from input data

Iec =   13.0 (5) %


---------------------
Capture probabilities

PK  =  0.7610 (30)
PL1  =  0.1667 (17)
PL2  =  0.01270 (38)
PM1  =  0.0404 (5)
PM2  =  0.00335 (11)
PN1  =  0.01158 (17)
PN2  =  9.38E-4 (33)
PO1  =  0.00285 (5)
PO2  =  2.11E-4 (8)
PP1  =  2.70E-4 (8)

K =  0.7610 (30)
L =  0.1794 (21)
M =  0.0437 (6)
N =  0.01252 (20)
O =  0.00306 (6)
P =  2.70E-4 (8)


------------------------------------------------------------
Input log ft value (ec): 6.9

Log ft value (ec)    =  7.034 (46)
with log f           =  0.728 (43)
and log partial T1/2 =  6.306 (17)

