--------------------------------------------------------------------------------------

BetaShape
Version: 2.2 (05/2021)
Author: X. Mougeot (xavier.mougeot@cea.fr)
CEA, LIST, Laboratoire National Henri Becquerel (LNHB), Gif-sur-Yvette F-91191, France
Please cite: X. Mougeot, Applied Radiation and Isotopes 154 (2019) 108884

--------------------------------------------------------------------------------------

Parent nucleus: 50-Sn-113 [1/2+] g.s.  -->  Daughter nucleus: 49-In-113 [1/2-] 391.6990 (30) keV
The 1st forbidden non-unique transition from the electron capture decay of Sn-113 is calculated as allowed

Transition energy: 644.3 (28) keV


----------------------------------------
Ratios of relative capture probabilities

PL1/PK =  0.13050 (20)
PL2/PK =  0.00297 (13)
PM1/PK =  0.02814 (13)
PM2/PK =  6.83E-4 (28)
PN1/PK =  0.00630 (6)
PN2/PK =  1.42E-4 (5)
PO1/PK =  7.19E-4 (13)
PO2/PK =  7.002E-6 (31)

L/K =  0.13347 (8)
M/K =  0.02882 (11)
N/K =  0.00644 (5)
O/K =  7.26E-4 (13)


------------------------------
Relative capture probabilities

PK  =  0.85510 (18)
PL1 =  0.11159 (15)
PL2 =  0.00254 (11)
PM1 =  0.02406 (11)
PM2 =  5.84E-4 (24)
PN1 =  0.005388 (48)
PN2 =  1.211E-4 (44)
PO1 =  6.15E-4 (11)
PO2 =  5.988E-6 (28)

K =  0.85510 (18)
L =  0.114128 (41)
M =  0.02465 (9)
N =  0.005509 (44)
O =  6.21E-4 (11)


------------------------------
Capture branch from input data

Iec =   97.79 (8) %


---------------------
Capture probabilities

PK  =  0.85510 (18)
PL1  =  0.11159 (15)
PL2  =  0.00254 (11)
PM1  =  0.02406 (11)
PM2  =  5.84E-4 (24)
PN1  =  0.005388 (48)
PN2  =  1.211E-4 (44)
PO1  =  6.15E-4 (11)
PO2  =  5.988E-6 (28)

K =  0.85510 (18)
L =  0.114128 (41)
M =  0.02465 (9)
N =  0.005509 (44)
O =  6.21E-4 (11)


------------------------------------------------------------
Input log ft value (ec): 7.01

Log ft value (ec)    =  7.029 (7)
with log f           =  0.022 (7)
and log partial T1/2 =  7.00726 (37)

