--------------------------------------------------------------------------------------

BetaShape
Version: 2.2 (05/2021)
Author: X. Mougeot (xavier.mougeot@cea.fr)
CEA, LIST, Laboratoire National Henri Becquerel (LNHB), Gif-sur-Yvette F-91191, France
Please cite: X. Mougeot, Applied Radiation and Isotopes 154 (2019) 108884

--------------------------------------------------------------------------------------

Parent nucleus: 50-Sn-113 [1/2+] g.s.  -->  Daughter nucleus: 49-In-113 [3/2-] 646.833 (10) keV
The 1st forbidden non-unique transition from the electron capture decay of Sn-113 is calculated as allowed

Transition energy: 389.2 (28) keV


----------------------------------------
Ratios of relative capture probabilities

PL1/PK =  0.13733 (30)
PL2/PK =  0.00312 (14)
PM1/PK =  0.02982 (16)
PM2/PK =  7.21E-4 (30)
PN1/PK =  0.00669 (7)
PN2/PK =  1.50E-4 (6)
PO1/PK =  7.63E-4 (15)
PO2/PK =  7.409E-6 (40)

L/K =  0.14045 (17)
M/K =  0.03054 (13)
N/K =  0.00684 (6)
O/K =  7.70E-4 (15)


------------------------------
Relative capture probabilities

PK  =  0.84847 (27)
PL1 =  0.11652 (22)
PL2 =  0.00265 (12)
PM1 =  0.02530 (13)
PM2 =  6.12E-4 (25)
PN1 =  0.00567 (5)
PN2 =  1.271E-4 (47)
PO1 =  6.47E-4 (12)
PO2 =  6.286E-6 (34)

K =  0.84847 (27)
L =  0.11916 (10)
M =  0.02591 (11)
N =  0.005799 (49)
O =  6.54E-4 (12)


------------------------------
Capture branch from input data

Iec =   2.21 (8) %


---------------------
Capture probabilities

PK  =  0.84847 (27)
PL1  =  0.11652 (22)
PL2  =  0.00265 (12)
PM1  =  0.02530 (13)
PM2  =  6.12E-4 (25)
PN1  =  0.00567 (5)
PN2  =  1.271E-4 (47)
PO1  =  6.47E-4 (12)
PO2  =  6.286E-6 (34)

K =  0.84847 (27)
L =  0.11916 (10)
M =  0.02591 (11)
N =  0.005799 (49)
O =  6.54E-4 (12)


------------------------------------------------------------
Input log ft value (ec): 8.2

Log ft value (ec)    =  8.214 (18)
with log f           =  -0.439 (9)
and log partial T1/2 =  8.653 (16)

