--------------------------------------------------------------------------------------

BetaShape
Version: 2.2 (05/2021)
Author: X. Mougeot (xavier.mougeot@cea.fr)
CEA, LIST, Laboratoire National Henri Becquerel (LNHB), Gif-sur-Yvette F-91191, France
Please cite: X. Mougeot, Applied Radiation and Isotopes 154 (2019) 108884

--------------------------------------------------------------------------------------

Parent nucleus: 53-I-124 [2-] g.s.  -->  Daughter nucleus: 52-Te-124 [3-] 2693.679 (5) keV
Calculation of the allowed transition from the electron capture decay of I-124

Transition energy: 465.9 (19) keV


----------------------------------------
Ratios of relative capture probabilities

PL1/PK =  0.14274 (27)
PL2/PK =  0.003679 (11)
PM1/PK =  0.03152 (17)
PM2/PK =  8.942E-4 (15)
PN1/PK =  0.00710 (7)
PN2/PK =  1.890E-4 (13)
PO1/PK =  0.001167 (20)
PO2/PK =  1.937E-5 (30)

L/K =  0.14641 (27)
M/K =  0.03242 (17)
N/K =  0.00729 (8)
O/K =  0.001187 (21)


------------------------------
Relative capture probabilities

PK  =  0.84224 (38)
PL1 =  0.12022 (18)
PL2 =  0.003099 (10)
PM1 =  0.02655 (13)
PM2 =  7.532E-4 (9)
PN1 =  0.00598 (6)
PN2 =  1.592E-4 (10)
PO1 =  9.83E-4 (17)
PO2 =  1.631E-5 (24)

K =  0.84224 (38)
L =  0.12332 (17)
M =  0.02730 (13)
N =  0.00614 (6)
O =  10.00E-4 (17)


------------------------------
Capture branch from input data

Iec =   0.940 (30) %


---------------------
Capture probabilities

PK  =  0.84224 (38)
PL1  =  0.12022 (18)
PL2  =  0.003099 (10)
PM1  =  0.02655 (13)
PM2  =  7.532E-4 (9)
PN1  =  0.00598 (6)
PN2  =  1.592E-4 (10)
PO1  =  9.83E-4 (17)
PO2  =  1.631E-5 (24)

K =  0.84224 (38)
L =  0.12332 (17)
M =  0.02730 (13)
N =  0.00614 (6)
O =  10.00E-4 (17)


------------------------------------------------------------
Input log ft value (ec): 7.427

Log ft value (ec)    =  7.427 (16)
with log f           =  -0.157 (7)
and log partial T1/2 =  7.584 (14)

