--------------------------------------------------------------------------------------

BetaShape
Version: 2.2 (05/2021)
Author: X. Mougeot (xavier.mougeot@cea.fr)
CEA, LIST, Laboratoire National Henri Becquerel (LNHB), Gif-sur-Yvette F-91191, France
Please cite: X. Mougeot, Applied Radiation and Isotopes 154 (2019) 108884

--------------------------------------------------------------------------------------

Parent nucleus: 53-I-124 [2-] g.s.  -->  Daughter nucleus: 52-Te-124 [4+] 2483.362 (13) keV
Calculation of the 1st forbidden unique transition from the electron capture decay of I-124

Transition energy: 676.2 (19) keV


----------------------------------------
Ratios of relative capture probabilities

PL1/PK =  0.14899 (28)
PL2/PK =  0.003835 (11)
PL3/PK =  0.004987 (41)
PM1/PK =  0.03311 (18)
PM2/PK =  9.378E-4 (16)
PM3/PK =  0.001149 (9)
PN1/PK =  0.00747 (8)
PM4/PK =  3.17E-6 (6)
PN2/PK =  1.984E-4 (13)
PN3/PK =  2.161E-4 (29)
PO1/PK =  0.001228 (21)
PN4/PK =  5.15E-7 (13)
PO2/PK =  2.034E-5 (31)
PO3/PK =  1.184E-5 (29)

L/K =  0.15781 (29)
M/K =  0.03520 (19)
N/K =  0.00788 (8)
O/K =  0.001260 (22)


------------------------------
Relative capture probabilities

PK  =  0.83184 (41)
PL1 =  0.12393 (17)
PL2 =  0.003190 (10)
PL3 =  0.004149 (35)
PM1 =  0.02754 (14)
PM2 =  7.801E-4 (9)
PM3 =  9.56E-4 (7)
PN1 =  0.00621 (6)
PM4 =  2.640E-6 (46)
PN2 =  1.651E-4 (10)
PN3 =  1.797E-4 (23)
PO1 =  0.001022 (17)
PN4 =  4.28E-7 (10)
PO2 =  1.692E-5 (25)
PO3 =  9.85E-6 (24)

K =  0.83184 (41)
L =  0.13127 (18)
M =  0.02928 (14)
N =  0.00656 (6)
O =  0.001048 (18)


------------------------------
Capture branch from input data

Iec =   0.014 (7) %


---------------------
Capture probabilities

PK  =  0.83184 (41)
PL1  =  0.12393 (17)
PL2  =  0.003190 (10)
PL3  =  0.004149 (35)
PM1  =  0.02754 (14)
PM2  =  7.801E-4 (9)
PM3  =  9.56E-4 (7)
PN1  =  0.00621 (6)
PM4  =  2.640E-6 (46)
PN2  =  1.651E-4 (10)
PN3  =  1.797E-4 (23)
PO1  =  0.001022 (17)
PN4  =  4.28E-7 (10)
PO2  =  1.692E-5 (25)
PO3  =  9.85E-6 (24)

K =  0.83184 (41)
L =  0.13127 (18)
M =  0.02928 (14)
N =  0.00656 (6)
O =  0.001048 (18)


------------------------------------------------------------
Input log ft value (ec): 9.8

Log ft value (ec)    =  9.80 (22)
with log f           =  0.394 (9)
and log partial T1/2 =  9.41 (22)

