--------------------------------------------------------------------------------------

BetaShape
Version: 2.2 (05/2021)
Author: X. Mougeot (xavier.mougeot@cea.fr)
CEA, LIST, Laboratoire National Henri Becquerel (LNHB), Gif-sur-Yvette F-91191, France
Please cite: X. Mougeot, Applied Radiation and Isotopes 154 (2019) 108884

--------------------------------------------------------------------------------------

Parent nucleus: 53-I-124 [2-] g.s.  -->  Daughter nucleus: 52-Te-124 [3-] 2293.7110 (30) keV
Calculation of the allowed transition from the electron capture decay of I-124

Transition energy: 865.9 (19) keV


----------------------------------------
Ratios of relative capture probabilities

PL1/PK =  0.13495 (21)
PL2/PK =  0.003492 (9)
PM1/PK =  0.02957 (15)
PM2/PK =  8.425E-4 (11)
PN1/PK =  0.00665 (7)
PN2/PK =  1.778E-4 (11)
PO1/PK =  0.001093 (19)
PO2/PK =  1.822E-5 (27)

L/K =  0.13845 (20)
M/K =  0.03042 (15)
N/K =  0.00683 (7)
O/K =  0.001111 (19)


------------------------------
Relative capture probabilities

PK  =  0.84976 (32)
PL1 =  0.11468 (13)
PL2 =  0.002967 (9)
PM1 =  0.02513 (12)
PM2 =  7.159E-4 (7)
PN1 =  0.00565 (5)
PN2 =  1.511E-4 (9)
PO1 =  9.29E-4 (15)
PO2 =  1.548E-5 (22)

K =  0.84976 (32)
L =  0.11765 (13)
M =  0.02585 (12)
N =  0.00580 (6)
O =  9.44E-4 (16)


------------------------------
Capture branch from input data

Iec =   11.54 (25) %


---------------------
Capture probabilities

PK  =  0.84976 (32)
PL1  =  0.11468 (13)
PL2  =  0.002967 (9)
PM1  =  0.02513 (12)
PM2  =  7.159E-4 (7)
PN1  =  0.00565 (5)
PN2  =  1.511E-4 (9)
PO1  =  9.29E-4 (15)
PO2  =  1.548E-5 (22)

K =  0.84976 (32)
L =  0.11765 (13)
M =  0.02585 (12)
N =  0.00580 (6)
O =  9.44E-4 (16)


------------------------------------------------------------
Input log ft value (ec): 6.901

Log ft value (ec)    =  6.901 (11)
with log f           =  0.406 (5)
and log partial T1/2 =  6.495 (9)

