--------------------------------------------------------------------------------------

BetaShape
Version: 2.2 (05/2021)
Author: X. Mougeot (xavier.mougeot@cea.fr)
CEA, LIST, Laboratoire National Henri Becquerel (LNHB), Gif-sur-Yvette F-91191, France
Please cite: X. Mougeot, Applied Radiation and Isotopes 154 (2019) 108884

--------------------------------------------------------------------------------------

Parent nucleus: 53-I-124 [2-] g.s.  -->  Daughter nucleus: 52-Te-124 [4+] 2224.954 (15) keV
Calculation of the 1st forbidden unique transition from the electron capture decay of I-124

Transition energy: 934.6 (19) keV


----------------------------------------
Ratios of relative capture probabilities

PL1/PK =  0.14235 (23)
PL2/PK =  0.003673 (10)
PL3/PK =  0.002490 (16)
PM1/PK =  0.03143 (16)
PM2/PK =  8.926E-4 (12)
PM3/PK =  5.722E-4 (35)
PN1/PK =  0.00708 (7)
PM4/PK =  1.580E-6 (25)
PN2/PK =  1.886E-4 (12)
PN3/PK =  1.075E-4 (12)
PO1/PK =  0.001164 (20)
PN4/PK =  2.56E-7 (6)
PO2/PK =  1.933E-5 (29)
PO3/PK =  5.89E-6 (13)

L/K =  0.14851 (23)
M/K =  0.03290 (17)
N/K =  0.00737 (7)
O/K =  0.001189 (20)


------------------------------
Relative capture probabilities

PK  =  0.84035 (35)
PL1 =  0.11962 (15)
PL2 =  0.003086 (9)
PL3 =  0.002093 (14)
PM1 =  0.02642 (13)
PM2 =  7.501E-4 (7)
PM3 =  4.809E-4 (28)
PN1 =  0.00595 (6)
PM4 =  1.328E-6 (21)
PN2 =  1.585E-4 (10)
PN3 =  9.04E-5 (10)
PO1 =  9.78E-4 (16)
PN4 =  2.154E-7 (48)
PO2 =  1.625E-5 (24)
PO3 =  4.95E-6 (11)

K =  0.84035 (35)
L =  0.12480 (14)
M =  0.02765 (13)
N =  0.00620 (6)
O =  9.99E-4 (17)


------------------------------
Capture branch from input data

Iec =   0.0050 (20) %


---------------------
Capture probabilities

PK  =  0.84035 (35)
PL1  =  0.11962 (15)
PL2  =  0.003086 (9)
PL3  =  0.002093 (14)
PM1  =  0.02642 (13)
PM2  =  7.501E-4 (7)
PM3  =  4.809E-4 (28)
PN1  =  0.00595 (6)
PM4  =  1.328E-6 (21)
PN2  =  1.585E-4 (10)
PN3  =  9.04E-5 (10)
PO1  =  9.78E-4 (16)
PN4  =  2.154E-7 (48)
PO2  =  1.625E-5 (24)
PO3  =  4.95E-6 (11)

K =  0.84035 (35)
L =  0.12480 (14)
M =  0.02765 (13)
N =  0.00620 (6)
O =  9.99E-4 (17)


------------------------------------------------------------
Input log ft value (ec): 10.83

Log ft value (ec)    =  10.83 (17)
with log f           =  0.975 (7)
and log partial T1/2 =  9.86 (17)

