--------------------------------------------------------------------------------------

BetaShape
Version: 2.2 (05/2021)
Author: X. Mougeot (xavier.mougeot@cea.fr)
CEA, LIST, Laboratoire National Henri Becquerel (LNHB), Gif-sur-Yvette F-91191, France
Please cite: X. Mougeot, Applied Radiation and Isotopes 154 (2019) 108884

--------------------------------------------------------------------------------------

Parent nucleus: 53-I-124 [2-] g.s.  -->  Daughter nucleus: 52-Te-124 [2+] 2322.950 (30) keV
The 1st forbidden non-unique transition from the electron capture decay of I-124 is calculated as allowed

Transition energy: 836.7 (19) keV


----------------------------------------
Ratios of relative capture probabilities

PL1/PK =  0.13526 (21)
PL2/PK =  0.003499 (9)
PM1/PK =  0.02965 (15)
PM2/PK =  8.444E-4 (11)
PN1/PK =  0.00667 (7)
PN2/PK =  1.782E-4 (11)
PO1/PK =  0.001096 (19)
PO2/PK =  1.826E-5 (27)

L/K =  0.13876 (20)
M/K =  0.03049 (15)
N/K =  0.00684 (7)
O/K =  0.001114 (19)


------------------------------
Relative capture probabilities

PK  =  0.84947 (32)
PL1 =  0.11490 (14)
PL2 =  0.002972 (9)
PM1 =  0.02519 (12)
PM2 =  7.173E-4 (7)
PN1 =  0.00566 (5)
PN2 =  1.514E-4 (9)
PO1 =  9.31E-4 (16)
PO2 =  1.551E-5 (23)

K =  0.84947 (32)
L =  0.11787 (13)
M =  0.02590 (12)
N =  0.00581 (6)
O =  9.47E-4 (16)


------------------------------
Capture branch from input data

Iec =   0.201 (12) %


---------------------
Capture probabilities

PK  =  0.84947 (32)
PL1  =  0.11490 (14)
PL2  =  0.002972 (9)
PM1  =  0.02519 (12)
PM2  =  7.173E-4 (7)
PN1  =  0.00566 (5)
PN2  =  1.514E-4 (9)
PO1  =  9.31E-4 (16)
PO2  =  1.551E-5 (23)

K =  0.84947 (32)
L =  0.11787 (13)
M =  0.02590 (12)
N =  0.00581 (6)
O =  9.47E-4 (16)


------------------------------------------------------------
Input log ft value (ec): 8.63

Log ft value (ec)    =  8.630 (26)
with log f           =  0.375 (5)
and log partial T1/2 =  8.254 (26)

