--------------------------------------------------------------------------------------

BetaShape
Version: 2.2 (05/2021)
Author: X. Mougeot (xavier.mougeot@cea.fr)
CEA, LIST, Laboratoire National Henri Becquerel (LNHB), Gif-sur-Yvette F-91191, France
Please cite: X. Mougeot, Applied Radiation and Isotopes 154 (2019) 108884

--------------------------------------------------------------------------------------

Parent nucleus: 53-I-124 [2-] g.s.  -->  Daughter nucleus: 52-Te-124 [2-] 2701.610 (30) keV
Calculation of the allowed transition from the electron capture decay of I-124

Transition energy: 458.0 (19) keV


----------------------------------------
Ratios of relative capture probabilities

PL1/PK =  0.14304 (28)
PL2/PK =  0.003687 (11)
PM1/PK =  0.03160 (17)
PM2/PK =  8.963E-4 (15)
PN1/PK =  0.00712 (7)
PN2/PK =  1.894E-4 (13)
PO1/PK =  0.001170 (20)
PO2/PK =  1.942E-5 (30)

L/K =  0.14673 (27)
M/K =  0.03250 (18)
N/K =  0.00731 (8)
O/K =  0.001190 (21)


------------------------------
Relative capture probabilities

PK  =  0.84195 (38)
PL1 =  0.12043 (18)
PL2 =  0.003104 (10)
PM1 =  0.02661 (13)
PM2 =  7.547E-4 (10)
PN1 =  0.00599 (6)
PN2 =  1.595E-4 (10)
PO1 =  9.85E-4 (17)
PO2 =  1.635E-5 (24)

K =  0.84195 (38)
L =  0.12354 (17)
M =  0.02736 (14)
N =  0.00615 (6)
O =  0.001002 (17)


------------------------------
Capture branch from input data

Iec =   1.980 (30) %


---------------------
Capture probabilities

PK  =  0.84195 (38)
PL1  =  0.12043 (18)
PL2  =  0.003104 (10)
PM1  =  0.02661 (13)
PM2  =  7.547E-4 (10)
PN1  =  0.00599 (6)
PN2  =  1.595E-4 (10)
PO1  =  9.85E-4 (17)
PO2  =  1.635E-5 (24)

K =  0.84195 (38)
L =  0.12354 (17)
M =  0.02736 (14)
N =  0.00615 (6)
O =  0.001002 (17)


------------------------------------------------------------
Input log ft value (ec): 7.088

Log ft value (ec)    =  7.088 (10)
with log f           =  -0.173 (7)
and log partial T1/2 =  7.261 (7)

