--------------------------------------------------------------------------------------

BetaShape
Version: 2.2 (05/2021)
Author: X. Mougeot (xavier.mougeot@cea.fr)
CEA, LIST, Laboratoire National Henri Becquerel (LNHB), Gif-sur-Yvette F-91191, France
Please cite: X. Mougeot, Applied Radiation and Isotopes 154 (2019) 108884

--------------------------------------------------------------------------------------

Parent nucleus: 53-I-124 [2-] g.s.  -->  Daughter nucleus: 52-Te-124 [0+] 2308.42 (9) keV
Calculation of the 1st forbidden unique transition from the electron capture decay of I-124

Transition energy: 851.2 (19) keV


----------------------------------------
Ratios of relative capture probabilities

PL1/PK =  0.14401 (25)
PL2/PK =  0.003713 (10)
PL3/PK =  0.003038 (21)
PM1/PK =  0.03185 (17)
PM2/PK =  9.037E-4 (13)
PM3/PK =  6.987E-4 (46)
PN1/PK =  0.00718 (7)
PM4/PK =  1.929E-6 (32)
PN2/PK =  1.910E-4 (13)
PN3/PK =  1.313E-4 (16)
PO1/PK =  0.001180 (20)
PN4/PK =  3.13E-7 (7)
PO2/PK =  1.958E-5 (30)
PO3/PK =  7.19E-6 (17)

L/K =  0.15076 (25)
M/K =  0.03346 (17)
N/K =  0.00750 (8)
O/K =  0.001207 (21)


------------------------------
Relative capture probabilities

PK  =  0.83827 (36)
PL1 =  0.12072 (15)
PL2 =  0.003112 (9)
PL3 =  0.002547 (18)
PM1 =  0.02670 (13)
PM2 =  7.576E-4 (8)
PM3 =  5.857E-4 (36)
PN1 =  0.00601 (6)
PM4 =  1.617E-6 (26)
PN2 =  1.601E-4 (10)
PN3 =  1.101E-4 (13)
PO1 =  9.89E-4 (17)
PN4 =  2.62E-7 (6)
PO2 =  1.641E-5 (24)
PO3 =  6.03E-6 (14)

K =  0.83827 (36)
L =  0.12638 (15)
M =  0.02805 (13)
N =  0.00629 (6)
O =  0.001012 (17)


------------------------------
Capture branch from input data

Iec =   0.0090 (20) %


---------------------
Capture probabilities

PK  =  0.83827 (36)
PL1  =  0.12072 (15)
PL2  =  0.003112 (9)
PL3  =  0.002547 (18)
PM1  =  0.02670 (13)
PM2  =  7.576E-4 (8)
PM3  =  5.857E-4 (36)
PN1  =  0.00601 (6)
PM4  =  1.617E-6 (26)
PN2  =  1.601E-4 (10)
PN3  =  1.101E-4 (13)
PO1  =  9.89E-4 (17)
PN4  =  2.62E-7 (6)
PO2  =  1.641E-5 (24)
PO3  =  6.03E-6 (14)

K =  0.83827 (36)
L =  0.12638 (15)
M =  0.02805 (13)
N =  0.00629 (6)
O =  0.001012 (17)


------------------------------------------------------------
Input log ft value (ec): 10.41

Log ft value (ec)    =  10.41 (10)
with log f           =  0.807 (7)
and log partial T1/2 =  9.60 (10)

