PAR AC225
AZP 225 ; 89
NDA 1
COM ***************** Evaluation Date: 19/08/2009 ****************
COM ===================== Daughter Separator =====================
DAU FR221
DDE 1 ;  ; 48 ; 49
Q   5935.1 ; 1.4
COM ---------------------- Branch Separator ----------------------
ALP 0.000011 ; 0.000004 ; 48 ; 4903.6 ; 1.4 ; 0
COM ---------------------- Branch Separator ----------------------
ALP 0.000013 ; 0.000003 ; 47 ; 4992.7 ; 1.4 ; 0
COM ---------------------- Branch Separator ----------------------
ALP 0.0000015 ; 0.0000005 ; 46 ; 5019.3 ; 1.4 ; 0
COM ---------------------- Branch Separator ----------------------
ALP 0.0000083 ; 0.0000021 ; 45 ; 5025.5 ; 1.4 ; 0
COM ---------------------- Branch Separator ----------------------
ALP 0.000021 ; 0.000003 ; 44 ; 5035.5 ; 1.4 ; 0
COM ---------------------- Branch Separator ----------------------
ALP 0.0000114 ; 0.0000018 ; 43 ; 5064.1 ; 1.4 ; 0
COM ---------------------- Branch Separator ----------------------
ALP 0.000038 ; 0.000019 ; 42 ; 5076.8 ; 1.4 ; 0
COM ---------------------- Branch Separator ----------------------
ALP 0.00015 ; 0.00007 ; 41 ; 5094.1 ; 1.4 ; 0
COM ---------------------- Branch Separator ----------------------
ALP 0.000058 ; 0.000008 ; 40 ; 5129 ; 1.4 ; 0
COM ---------------------- Branch Separator ----------------------
ALP 0.0000066 ; 0.0000012 ; 39 ; 5162.1 ; 1.4 ; 0
COM ---------------------- Branch Separator ----------------------
ALP 0.0000015 ; 0.0000005 ; 38 ; 5195.1 ; 1.4 ; 0
COM ---------------------- Branch Separator ----------------------
ALP 0.000101 ; 0.00001 ; 37 ; 5203.3 ; 1.4 ; 0
COM ---------------------- Branch Separator ----------------------
ALP 0.00022 ; 0.00001 ; 36 ; 5210.2 ; 1.4 ; 0
COM ---------------------- Branch Separator ----------------------
ALP 0.000026 ; 0.000005 ; 35 ; 5239.3 ; 1.4 ; 0
COM ---------------------- Branch Separator ----------------------
ALP 0.00048 ; 0.00019 ; 34 ; 5269.1 ; 1.4 ; 0
COM ---------------------- Branch Separator ----------------------
ALP 0.00214 ; 0.0001 ; 33 ; 5287.6 ; 1.4 ; 0
COM ---------------------- Branch Separator ----------------------
ALP 0.00007 ; 0.00007 ; 32 ; 5321.2 ; 1.4 ; 0
COM ---------------------- Branch Separator ----------------------
ALP 0.000027 ; 0.000008 ; 31 ; 5341.9 ; 1.4 ; 0
COM ---------------------- Branch Separator ----------------------
ALP 0.00000097 ; 0.00000002 ; 30 ; 5356.2 ; 1.4 ; 0
COM ---------------------- Branch Separator ----------------------
ALP 0.00002 ; 0.000005 ; 29 ; 5379 ; 1.4 ; 0
COM ---------------------- Branch Separator ----------------------
ALP 0.000006 ; 0.000004 ; 28 ; 5391.2 ; 1.4 ; 0
COM ---------------------- Branch Separator ----------------------
ALP 0.00003 ; 0.000004 ; 27 ; 5414.5 ; 1.4 ; 0
COM ---------------------- Branch Separator ----------------------
ALP 0.000023 ; 0.000003 ; 26 ; 5428.3 ; 1.4 ; 0
COM ---------------------- Branch Separator ----------------------
ALP 0.000028 ; 0.000008 ; 25 ; 5430.1 ; 1.4 ; 0
COM ---------------------- Branch Separator ----------------------
ALP 0.000083 ; 0.000006 ; 24 ; 5435.8 ; 1.4 ; 0
COM ---------------------- Branch Separator ----------------------
ALP 0.00098 ; 0.00019 ; 23 ; 5443.3 ; 1.4 ; 0
COM ---------------------- Branch Separator ----------------------
ALP 0.0000052 ; 0.0000018 ; 22 ; 5468.4 ; 1.4 ; 0
COM ---------------------- Branch Separator ----------------------
ALP 0.00002 ; 0.000003 ; 21 ; 5487.4 ; 1.4 ; 0
COM ---------------------- Branch Separator ----------------------
ALP 0.000022 ; 0.000007 ; 20 ; 5497.4 ; 1.4 ; 0
COM ---------------------- Branch Separator ----------------------
ALP 0.000052 ; 0.000019 ; 19 ; 5515.2 ; 1.4 ; 0
COM ---------------------- Branch Separator ----------------------
ALP 0.00013 ; 0.00006 ; 18 ; 5523.7 ; 1.4 ; 0
COM ---------------------- Branch Separator ----------------------
ALP 0.000072 ; 0.000008 ; 17 ; 5540.1 ; 1.4 ; 0
COM ---------------------- Branch Separator ----------------------
ALP 0.00055 ; 0.00012 ; 16 ; 5546.5 ; 1.4 ; 0
COM ---------------------- Branch Separator ----------------------
ALP 0.00084 ; 0.0001 ; 15 ; 5555.3 ; 1.4 ; 0
COM ---------------------- Branch Separator ----------------------
ALP 0.00017 ; 0.00007 ; 14 ; 5563.3 ; 1.4 ; 0
COM ---------------------- Branch Separator ----------------------
ALP 0.0095 ; 0.0004 ; 13 ; 5580.5 ; 1.4 ; 0
COM ---------------------- Branch Separator ----------------------
ALP 0.00114 ; 0.00007 ; 12 ; 5599.3 ; 1.4 ; 0
COM ---------------------- Branch Separator ----------------------
ALP 0.0109 ; 0.0005 ; 11 ; 5609 ; 1.4 ; 0
COM ---------------------- Branch Separator ----------------------
ALP 0.0416 ; 0.0023 ; 10 ; 5637.3 ; 1.4 ; 0
COM ---------------------- Branch Separator ----------------------
ALP 0.0131 ; 0.0004 ; 9 ; 5682.2 ; 1.4 ; 0
COM ---------------------- Branch Separator ----------------------
ALP 0.00021 ; 0.00014 ; 8 ; 5686.4 ; 1.4 ; 0
COM ---------------------- Branch Separator ----------------------
ALP 0.0203 ; 0.0023 ; 7 ; 5723.1 ; 1.4 ; 0
COM ---------------------- Branch Separator ----------------------
ALP 0.016 ; 0.003 ; 6 ; 5730.5 ; 1.4 ; 0
COM ---------------------- Branch Separator ----------------------
ALP 0.0124 ; 0.001 ; 5 ; 5731.6 ; 1.4 ; 0
COM ---------------------- Branch Separator ----------------------
ALP 0.09 ; 0.005 ; 4 ; 5731.9 ; 1.7 ; 0
COM ---------------------- Branch Separator ----------------------
ALP 0.062 ; 0.009 ; 3 ; 5791.7 ; 1.4 ; 0
COM ---------------------- Branch Separator ----------------------
ALP 0.189 ; 0.02 ; 2 ; 5793.1 ; 2.1 ; 0
COM ---------------------- Branch Separator ----------------------
ALP 0.003 ; 0 ; 1 ; 5804.2 ; 1.4 ; 0
COM ---------------------- Branch Separator ----------------------
ALP 0.524 ; 0.024 ; 0 ; 5829.6 ; 1.4 ; 0
COM -------------- Level Separator - T1/2 in seconds -------------
LED 942.79 ; 0.1 ; 1 ;  ;  ; 48
GA  0.000011 ; 0.000004 ; 747 ; 0.1 ; 10
COM -------------- Level Separator - T1/2 in seconds -------------
LED 852.08 ; 0.07 ; 4 ;  ;  ; 47
GA  0.0000038 ; 0.0000019 ; 429.8 ; 0.18 ; 27
GA  0.0000049 ; 0.0000021 ; 656.18 ; 0.11 ; 10
GA  0.0000016 ; 0.0000007 ; 702 ; 0.14 ; 9
GA  0.0000026 ; 0.0000007 ; 752.46 ; 0.12 ; 4
COM -------------- Level Separator - T1/2 in seconds -------------
LED 825 ; 0.3 ; 2 ;  ;  ; 46
GA  0.000001 ; 0.0000005 ; 674.9 ; 0.3 ; 9
GA  0.00000049 ;  ; 824.2 ; 0.7 ; 0
COM -------------- Level Separator - T1/2 in seconds -------------
LED 818.6 ; 0.6 ; 1 ;  ;  ; 45
GA  0.0000083 ; 0.0000021 ; 498.6 ; 0.6 ; 19
COM -------------- Level Separator - T1/2 in seconds -------------
LED 808.48 ; 0.1 ; 1 ;  ;  ; 44
GA  0.000021 ; 0.000003 ; 808.48 ; 0.1 ; 0
COM -------------- Level Separator - T1/2 in seconds -------------
LED 779.32 ; 0.06 ; 5 ;  ;  ; 43
GA  0.0000053 ; 0.0000014 ; 545.8 ; 0.6 ; 12
GA  0.0000032 ; 0.0000007 ; 628.95 ; 0.1 ; 9
GA   ;  ; 679.36 ; 0.06 ; 5
GA  0.0000023 ; 0.0000007 ; 754.04 ; 0.13 ; 1
GA  0.00000055 ; 0.00000014 ; 780.6 ; 0.6 ; 0
COM -------------- Level Separator - T1/2 in seconds -------------
LED 766.44 ; 0.05 ; 3 ;  ;  ; 42
GA  0.000014 ; 0.000003 ; 657.88 ; 0.05 ; 7
GA  0.000021 ; 0.000018 ; 667.14 ; 0.08 ; 4
GA  0.000003 ; 0.0000006 ; 767.9 ; 0.3 ; 0
COM -------------- Level Separator - T1/2 in seconds -------------
LED 748.83 ; 0.03 ; 9 ;  ;  ; 41
GA  0.00005 ; 0.00003 ; 231.16 ; 0.07 ; 32
EK  0.000054 ; 0.000032 ; 130.06 ; 0.07 ; 32
EL1 0.000009 ; 0.000005 ; 212.56 ; 0.07 ; 32
EL2 0.000001 ; 0.0000006 ; 213.29 ; 0.07 ; 32
EL3 0.000000057 ; 0.000000034 ; 216.16 ; 0.07 ; 32
EM  0.0000023 ; 0.0000014 ; 227.44 ; 0.07 ; 32
EN  0.000000075 ; 0.000000046 ; 230.53 ; 0.07 ; 32
GA  0.0000173 ; 0.0000021 ; 603.09 ; 0.04 ; 8
GA  0.000017 ; 0.000005 ; 649.03 ; 0.04 ; 5
COM -------------- Level Separator - T1/2 in seconds -------------
LED 713.24 ; 0.06 ; 2 ;  ;  ; 40
GA  0.000045 ; 0.000007 ; 442.16 ; 0.08 ; 14
GA  0.000012 ; 0.000004 ; 567.48 ; 0.05 ; 8
COM -------------- Level Separator - T1/2 in seconds -------------
LED 679.53 ; 0.07 ; 1 ;  ;  ; 39
GA  0.0000066 ; 0.0000012 ; 679.36 ; 0.06 ; 0
COM -------------- Level Separator - T1/2 in seconds -------------
LED 645.94 ; 0.12 ; 1 ;  ;  ; 38
GA  0.0000015 ; 0.0000005 ; 645.94 ; 0.12 ; 0
COM -------------- Level Separator - T1/2 in seconds -------------
LED 637.6 ; 0.03 ; 4 ;  ;  ; 37
GA  0.0000019 ; 0.0000016 ; 403.13 ; 0.1 ; 12
GA  0.000038 ; 0.00001 ; 538.1 ; 0.1 ; 4
GA  0.00006 ;  ; 600.92 ; 0.03 ; 2
GA  0.0000012 ;  ; 637.1 ; 0.7 ; 0
COM -------------- Level Separator - T1/2 in seconds -------------
LED 630.551 ; 0.023 ; 13 ;  ;  ; 36
GA  0.0000055 ; 0.0000005 ; 282.1 ; 0.2 ; 21
EK  0.00000342 ; 0.00000031 ; 180.98 ; 0.2 ; 21
EL1 0.00000056 ; 0.00000005 ; 263.48 ; 0.2 ; 21
EL2 0.000000063 ; 0.000000006 ; 264.21 ; 0.2 ; 21
EL3 0.00000000351 ; 0.00000000032 ; 267.09 ; 0.2 ; 21
EM  0.000000148 ; 0.000000014 ; 278.36 ; 0.2 ; 21
EN  0.0000000396 ; 0.0000000036 ; 281.45 ; 0.2 ; 21
GA  0.000029 ; 0.000003 ; 434.82 ; 0.05 ; 10
GA  0.0000208 ; 0.0000015 ; 522.14 ; 0.04 ; 7
GA  0.000076 ; 0.000007 ; 529.59 ; 0.03 ; 6
GA  0.000047 ; 0.000005 ; 530.87 ; 0.04 ; 4
GA  0.0000083 ; 0.0000014 ; 590.42 ; 0.05 ; 3
GA  0.000029 ; 0.000003 ; 593.87 ; 0.04 ; 2
COM -------------- Level Separator - T1/2 in seconds -------------
LED 600.94 ; 0.03 ; 2 ;  ;  ; 35
GA  0.0000022 ; 0.0000009 ; 564.34 ; 0.11 ; 2
GA  0.000024 ; 0.000005 ; 600.92 ; 0.03 ; 0
COM -------------- Level Separator - T1/2 in seconds -------------
LED 570.67 ; 0.03 ; 42 ;  ;  ; 34
GA  0.00004 ;  ; 53.4 ; 0.4 ; 32
EL1 0.000476 ; 0.000012 ; 34.77 ; 0.4 ; 32
EL2 0.0000532 ; 0.0000016 ; 35.5 ; 0.4 ; 32
EL3 0.00000364 ; 0.00000008 ; 38.38 ; 0.4 ; 32
EM  0.0001272 ; 0.0000032 ; 49.65 ; 0.4 ; 32
EN  0.00000000406 ; 0.0000000001 ; 52.74 ; 0.4 ; 32
GA  0.0000042 ; 0.0000021 ; 317.23 ; 0.18 ; 13
EK  0.0000019 ; 0.0000009 ; 216.1 ; 0.18 ; 13
EL1 0.00000031 ; 0.00000015 ; 298.6 ; 0.18 ; 13
EL2 0.000000035 ; 0.000000017 ; 299.33 ; 0.18 ; 13
EL3 0.0000000019 ; 0.000000001 ; 302.21 ; 0.18 ; 13
EM  0.000000081 ; 0.000000041 ; 313.48 ; 0.18 ; 13
EN  0.000000022 ; 0.000000011 ; 316.57 ; 0.18 ; 13
GA  0.000019 ; 0.000005 ; 374.98 ; 0.05 ; 10
EK  0.00000032 ; 0.00000008 ; 273.9 ; 0.05 ; 10
EL1 0.000000043 ; 0.000000011 ; 356.4 ; 0.05 ; 10
EL2 0.0000000083 ; 0.0000000022 ; 357.13 ; 0.05 ; 10
EL3 0.0000000056 ; 0.0000000015 ; 360 ; 0.05 ; 10
EM  0.0000000134 ; 0.0000000035 ; 371.28 ; 0.05 ; 10
EN  0.000000042 ; 0.000000011 ; 374.37 ; 0.05 ; 10
GA  0.0000044 ; 0.0000011 ; 462.43 ; 0.13 ; 7
EK  0.000000048 ; 0.000000012 ; 361.3 ; 0.13 ; 7
EL1 0.0000000064 ; 0.0000000016 ; 443.8 ; 0.13 ; 7
EL2 0.00000000109 ; 0.00000000027 ; 444.53 ; 0.13 ; 7
EL3 0.0000000007 ; 0.00000000018 ; 447.4 ; 0.13 ; 7
EM  0.00000000194 ; 0.00000000049 ; 458.68 ; 0.13 ; 7
EN  0.0000000062 ; 0.0000000015 ; 461.77 ; 0.13 ; 7
GA  0.000028 ; 0.000004 ; 469.48 ; 0.05 ; 6
GA  0.0000076 ; 0.0000021 ; 532.11 ; 0.09 ; 3
EK  0.000000063 ; 0.000000017 ; 430.99 ; 0.09 ; 3
EL1 0.0000000084 ; 0.0000000023 ; 513.49 ; 0.09 ; 3
EL2 0.00000000129 ; 0.00000000036 ; 514.22 ; 0.09 ; 3
EL3 0.00000000081 ; 0.00000000022 ; 517.1 ; 0.09 ; 3
EM  0.0000000025 ; 0.0000000007 ; 528.37 ; 0.09 ; 3
EN  0.000000066 ; 0.000000018 ; 531.46 ; 0.09 ; 3
GA  0.00004 ; 0.000005 ; 570.69 ; 0.03 ; 0
EK  0.000000286 ; 0.000000036 ; 469.73 ; 0.03 ; 0
EL1 0.0000000389 ; 0.0000000049 ; 552.226 ; 0.03 ; 0
EL2 0.0000000056 ; 0.0000000007 ; 552.961 ; 0.03 ; 0
EL3 0.00000000349 ; 0.00000000044 ; 555.835 ; 0.03 ; 0
EM  0.0000000113 ; 0.0000000014 ; 567.112 ; 0.03 ; 0
EN  0.000000301 ; 0.000000038 ; 570.195 ; 0.03 ; 0
COM -------------- Level Separator - T1/2 in seconds -------------
LED 551.812 ; 0.017 ; 59 ;  ;  ; 33
GA   ;  ; 298.33 ; 0.05 ; 13
GA   ;  ; 317.23 ; 0.18 ; 12
EK  0 ; 0.000000038 ; 216.1 ; 0.18 ; 12
EL1 0 ; 0.000000038 ; 298.6 ; 0.18 ; 12
EL2 0 ; 0.000000038 ; 299.33 ; 0.18 ; 12
EL3 0 ; 0.000000038 ; 302.21 ; 0.18 ; 12
EM  0 ; 0.000000038 ; 313.48 ; 0.18 ; 12
EN  0 ; 0.000000039 ; 316.57 ; 0.18 ; 12
GA  0.0000026 ; 0.0000011 ; 356.6 ; 0.18 ; 10
GA  0.000078 ; 0.000005 ; 405.95 ; 0.03 ; 8
EK  0.00000112 ; 0.00000007 ; 304.93 ; 0.03 ; 8
EL1 0.000000148 ; 0.00000001 ; 387.426 ; 0.03 ; 8
EL2 0.0000000275 ; 0.0000000018 ; 388.161 ; 0.03 ; 8
EL3 0.0000000183 ; 0.0000000012 ; 391.035 ; 0.03 ; 8
EM  0.0000000459 ; 0.000000003 ; 402.312 ; 0.03 ; 8
EN  0.0000000146 ; 0.000000001 ; 405.395 ; 0.03 ; 8
GA  0.000014 ; 0.000005 ; 443.43 ; 0.1 ; 7
EK  0.00000043 ; 0.00000016 ; 342.31 ; 0.1 ; 7
EL1 0.00000007 ; 0.000000025 ; 424.81 ; 0.1 ; 7
EL2 0.00000009 ; 0.000000032 ; 425.54 ; 0.1 ; 7
EL3 0.000000032 ; 0.000000011 ; 428.42 ; 0.1 ; 7
EM  0.000000049 ; 0.000000018 ; 439.69 ; 0.1 ; 7
EN  0.000000132 ; 0.000000047 ; 442.78 ; 0.1 ; 7
GA  0.00003 ; 0.000005 ; 451.04 ; 0.05 ; 6
EK  0.0000052 ; 0.0000009 ; 349.91 ; 0.05 ; 6
EL1 0.00000084 ; 0.00000014 ; 432.41 ; 0.05 ; 6
EL2 0.000000094 ; 0.000000016 ; 433.14 ; 0.05 ; 6
EL3 0.000000005 ; 0.0000000008 ; 436.02 ; 0.05 ; 6
EM  0.000000223 ; 0.000000037 ; 447.29 ; 0.05 ; 6
EN  0.000000072 ; 0.000000012 ; 450.38 ; 0.05 ; 6
GA  0.00107 ; 0.00008 ; 452.23 ; 0.03 ; 4
EK  0.000185 ; 0.000014 ; 351.11 ; 0.03 ; 4
EL1 0.0000296 ; 0.0000023 ; 433.606 ; 0.03 ; 4
EL2 0.00000332 ; 0.00000025 ; 434.341 ; 0.03 ; 4
EL3 0.000000177 ; 0.000000013 ; 437.215 ; 0.03 ; 4
EM  0.0000079 ; 0.0000006 ; 448.492 ; 0.03 ; 4
EN  0.00000253 ; 0.00000019 ; 451.575 ; 0.03 ; 4
GA  0.0000055 ; 0.0000021 ; 512.5 ; 0.7 ; 3
GA  0.000214 ; 0.000013 ; 515.13 ; 0.03 ; 2
EK  0.0000261 ; 0.0000016 ; 414.14 ; 0.03 ; 2
EL1 0.00000417 ; 0.00000026 ; 496.636 ; 0.03 ; 2
EL2 0.000000462 ; 0.000000029 ; 497.371 ; 0.03 ; 2
EL3 0.0000000244 ; 0.0000000015 ; 500.245 ; 0.03 ; 2
EM  0.00000111 ; 0.00000007 ; 511.522 ; 0.03 ; 2
EN  0.000000356 ; 0.000000022 ; 514.605 ; 0.03 ; 2
GA  0.000353 ; 0.000022 ; 525.94 ; 0.17 ; 1
EK  0.0000407 ; 0.0000026 ; 424.82 ; 0.17 ; 1
EL1 0.00000653 ; 0.00000042 ; 507.32 ; 0.17 ; 1
EL2 0.00000072 ; 0.000000046 ; 508.05 ; 0.17 ; 1
EL3 0.0000000381 ; 0.0000000025 ; 510.93 ; 0.17 ; 1
EM  0.00000173 ; 0.00000011 ; 522.2 ; 0.17 ; 1
EN  0.000000553 ; 0.000000036 ; 525.29 ; 0.17 ; 1
GA  0.000052 ; 0.000014 ; 551.79 ; 0.03 ; 0
EK  0.0000053 ; 0.0000014 ; 450.68 ; 0.03 ; 0
EL1 0.00000084 ; 0.00000023 ; 533.176 ; 0.03 ; 0
EL2 0.000000093 ; 0.000000025 ; 533.911 ; 0.03 ; 0
EL3 0.0000000049 ; 0.0000000013 ; 536.785 ; 0.03 ; 0
EM  0.00000022 ; 0.00000006 ; 548.062 ; 0.03 ; 0
EN  0.000000072 ; 0.000000019 ; 551.145 ; 0.03 ; 0
COM -------------- Level Separator - T1/2 in seconds -------------
LED 517.634 ; 0.025 ; 5 ;  ;  ; 32
GA   ;  ; 321.77 ; 0.04 ; 10
GA  0.000056 ; 0.000005 ; 417.9 ; 0.02 ; 5
GA  0.00034 ; 0.000022 ; 480.85 ; 0.11 ; 2
GA  0.0000035 ; 0.0000014 ; 491.45 ; 0.1 ; 1
GA  0.000159 ; 0.00001 ; 517.51 ; 0.03 ; 0
COM -------------- Level Separator - T1/2 in seconds -------------
LED 496.5 ; 0.07 ; 2 ;  ;  ; 31
GA  0.0000125 ; 0.0000021 ; 388.07 ; 0.07 ; 7
GA  0.000015 ; 0.000007 ; 496.9 ; 0.3 ; 0
COM -------------- Level Separator - T1/2 in seconds -------------
LED 481.98 ; 0.1 ; 1 ;  ;  ; 30
GA  0.000001 ;  ; 443.43 ; 0.1 ; 3
COM -------------- Level Separator - T1/2 in seconds -------------
LED 458.74 ; 0.06 ; 2 ;  ;  ; 29
GA  0.000015 ; 0.000005 ; 205.07 ; 0.11 ; 13
GA  0.0000053 ; 0.0000013 ; 458.79 ; 0.08 ; 0
COM -------------- Level Separator - T1/2 in seconds -------------
LED 446.31 ; 0.1 ; 1 ;  ;  ; 28
GA  0.000006 ; 0.000004 ; 446.31 ; 0.1 ; 0
COM -------------- Level Separator - T1/2 in seconds -------------
LED 422.65 ; 0.04 ; 7 ;  ;  ; 27
GA  0.000033 ; 0.000004 ; 321.77 ; 0.04 ; 6
EK  0.00000078 ; 0.0000001 ; 220.64 ; 0.04 ; 6
EL1 0.000000102 ; 0.000000012 ; 303.136 ; 0.04 ; 6
EL2 0.0000000222 ; 0.0000000027 ; 303.871 ; 0.04 ; 6
EL3 0.0000000156 ; 0.0000000019 ; 306.745 ; 0.04 ; 6
EM  0.0000000331 ; 0.000000004 ; 318.022 ; 0.04 ; 6
EN  0.000000105 ; 0.000000013 ; 321.105 ; 0.04 ; 6
COM -------------- Level Separator - T1/2 in seconds -------------
LED 408.54 ; 0.13 ; 1 ;  ;  ; 26
GA  0.000023 ; 0.000003 ; 137.4 ; 0.1 ; 14
COM -------------- Level Separator - T1/2 in seconds -------------
LED 406.73 ; 0.06 ; 7 ;  ;  ; 25
GA  0.00002 ; 0.000003 ; 298.33 ; 0.05 ; 7
EK  0.000006 ; 0.0000049 ; 197.2 ; 0.05 ; 7
EL1 0.000001 ; 0.0000008 ; 279.7 ; 0.05 ; 7
EL2 0.00000042 ; 0.00000023 ; 280.43 ; 0.05 ; 7
EL3 0.00000014 ; 0.00000012 ; 283.3 ; 0.05 ; 7
EM  0.00000038 ; 0.0000001 ; 294.58 ; 0.05 ; 7
EN  0.000000000102 ; 0.000000000026 ; 297.67 ; 0.05 ; 7
COM -------------- Level Separator - T1/2 in seconds -------------
LED 400.94 ; 0.04 ; 14 ;  ;  ; 24
GA  0.000021 ; 0.000003 ; 112.8 ; 0.02 ; 16
EK  0.0000058 ; 0.0000008 ; 11.67 ; 0.02 ; 16
EL1 0.00000067 ; 0.0000001 ; 94.166 ; 0.02 ; 16
EL2 0.0000003 ; 0.000000043 ; 94.901 ; 0.02 ; 16
EL3 0.000000275 ; 0.00000004 ; 97.775 ; 0.02 ; 16
EM  0.000000298 ; 0.000000043 ; 109.052 ; 0.02 ; 16
EN  0.000000093 ; 0.000000013 ; 112.135 ; 0.02 ; 16
GA  0.000054 ; 0.000005 ; 362.38 ; 0.03 ; 3
EK  0.00000098 ; 0.00000009 ; 261.264 ; 0.03 ; 3
EL1 0.00000013 ; 0.000000012 ; 343.76 ; 0.03 ; 3
EL2 0.0000000261 ; 0.0000000024 ; 344.495 ; 0.03 ; 3
EL3 0.0000000178 ; 0.0000000017 ; 347.369 ; 0.03 ; 3
EM  0.0000000411 ; 0.0000000038 ; 358.646 ; 0.03 ; 3
EN  0.00000013 ; 0.000000012 ; 361.729 ; 0.03 ; 3
COM -------------- Level Separator - T1/2 in seconds -------------
LED 393.3 ; 0.018 ; 49 ;  ;  ; 23
GA  0.0000087 ; 0.0000013 ; 114 ; 0.03 ; 15
EK  0.000069 ; 0.00001 ; 12.87 ; 0.03 ; 15
EL1 0.0000114 ; 0.0000017 ; 95.366 ; 0.03 ; 15
EL2 0.00000129 ; 0.00000019 ; 96.101 ; 0.03 ; 15
EL3 0.000000081 ; 0.000000012 ; 98.975 ; 0.03 ; 15
EM  0.00000304 ; 0.00000046 ; 110.252 ; 0.03 ; 15
EN  0.00000000082 ; 0.00000000012 ; 113.335 ; 0.03 ; 15
GA  0.0000139 ; 0.0000021 ; 139.6 ; 0.03 ; 13
EK  0.000033 ; 0.00003 ; 38.47 ; 0.03 ; 13
EL1 0.0000056 ; 0.0000043 ; 120.966 ; 0.03 ; 13
EL2 0.000007 ; 0.000006 ; 121.701 ; 0.03 ; 13
EL3 0.0000036 ; 0.0000035 ; 124.575 ; 0.03 ; 13
EM  0.000004 ; 0.0000014 ; 135.852 ; 0.03 ; 13
EN  0.00000000106 ; 0.00000000038 ; 138.935 ; 0.03 ; 13
GA  0.00012 ; 0.00005 ; 169.18 ; 0.04 ; 11
EK  0.00017 ; 0.00016 ; 68.05 ; 0.04 ; 11
EL1 0.000028 ; 0.000026 ; 150.546 ; 0.04 ; 11
EL2 0.000024 ; 0.000021 ; 151.281 ; 0.04 ; 11
EL3 0.000012 ; 0.000013 ; 154.155 ; 0.04 ; 11
EM  0.000016 ; 0.000007 ; 165.432 ; 0.04 ; 11
EN  0.0000000044 ; 0.000000002 ; 168.515 ; 0.04 ; 11
GA  0.00026 ; 0.00003 ; 197.5 ; 0.03 ; 10
EK  0.0000189 ; 0.0000022 ; 96.37 ; 0.03 ; 10
EL1 0.00000233 ; 0.00000027 ; 178.866 ; 0.03 ; 10
EL2 0.00000071 ; 0.00000008 ; 179.601 ; 0.03 ; 10
EL3 0.00000056 ; 0.00000007 ; 182.475 ; 0.03 ; 10
EM  0.00000086 ; 0.0000001 ; 193.752 ; 0.03 ; 10
EN  0.00000228 ; 0.00000026 ; 196.835 ; 0.03 ; 10
GA  0.000031 ; 0.000004 ; 243.12 ; 0.05 ; 9
EK  0.0000291 ; 0.0000038 ; 142 ; 0.05 ; 9
EL1 0.0000047 ; 0.0000006 ; 224.5 ; 0.05 ; 9
EL2 0.00000054 ; 0.00000007 ; 225.23 ; 0.05 ; 9
EL3 0.0000000305 ; 0.000000004 ; 228.1 ; 0.05 ; 9
EM  0.00000126 ; 0.00000016 ; 239.38 ; 0.05 ; 9
EN  0.0000000077 ; 0.000000001 ; 242.47 ; 0.05 ; 9
GA  0.000074 ; 0.000006 ; 284.75 ; 0.03 ; 7
EK  0.0000023 ; 0.00000019 ; 183.65 ; 0.03 ; 7
EL1 0.000000296 ; 0.000000024 ; 266.146 ; 0.03 ; 7
EL2 0.00000007 ; 0.000000006 ; 266.881 ; 0.03 ; 7
EL3 0.0000000509 ; 0.0000000042 ; 269.755 ; 0.03 ; 7
EM  0.000000099 ; 0.000000008 ; 281.032 ; 0.03 ; 7
EN  0.000000314 ; 0.000000026 ; 284.115 ; 0.03 ; 7
GA  0.00002 ; 0.000007 ; 354.56 ; 0.06 ; 3
EK  0.00000038 ; 0.00000013 ; 253.44 ; 0.06 ; 3
EL1 0.00000005 ; 0.000000018 ; 335.94 ; 0.06 ; 3
EL2 0.0000000103 ; 0.0000000036 ; 336.67 ; 0.06 ; 3
EL3 0.000000007 ; 0.0000000025 ; 339.54 ; 0.06 ; 3
EM  0.000000016 ; 0.000000006 ; 350.82 ; 0.06 ; 3
EN  0.000000051 ; 0.000000018 ; 353.91 ; 0.06 ; 3
COM -------------- Level Separator - T1/2 in seconds -------------
LED 367.74 ; 0.12 ; 1 ;  ;  ; 22
GA  0.0000052 ; 0.0000018 ; 367.74 ; 0.12 ; 0
COM -------------- Level Separator - T1/2 in seconds -------------
LED 348.35 ; 0.04 ; 1 ;  ;  ; 21
GA  0.00003 ; 0.000003 ; 348.33 ; 0.05 ; 0
COM -------------- Level Separator - T1/2 in seconds -------------
LED 338.24 ; 0.08 ; 7 ;  ;  ; 20
GA  0.00001 ; 0.000003 ; 238.64 ; 0.08 ; 4
EK  0.0000099 ; 0.000003 ; 137.51 ; 0.08 ; 4
EL1 0.00000161 ; 0.00000048 ; 220.01 ; 0.08 ; 4
EL2 0.00000018 ; 0.00000006 ; 220.74 ; 0.08 ; 4
EL3 0.0000000104 ; 0.0000000031 ; 223.61 ; 0.08 ; 4
EM  0.00000043 ; 0.00000013 ; 234.89 ; 0.08 ; 4
EN  0.0000000026 ; 0.0000000008 ; 237.98 ; 0.08 ; 4
COM -------------- Level Separator - T1/2 in seconds -------------
LED 320.03 ; 0.08 ; 1 ;  ;  ; 19
GA  0.00006 ; 0.000018 ; 220.43 ; 0.08 ; 4
COM -------------- Level Separator - T1/2 in seconds -------------
LED 311.41 ; 0.08 ; 7 ;  ;  ; 18
GA  0.000036 ; 0.000009 ; 161.35 ; 0.07 ; 9
EK  0.00006 ; 0.00005 ; 60.22 ; 0.07 ; 9
EL1 0.00001 ; 0.000008 ; 142.72 ; 0.07 ; 9
EL2 0.000009 ; 0.000007 ; 143.45 ; 0.07 ; 9
EL3 0.0000047 ; 0.0000048 ; 146.32 ; 0.07 ; 9
EM  0.0000058 ; 0.000002 ; 157.6 ; 0.07 ; 9
EN  0.000000035 ; 0.00000001 ; 160.69 ; 0.07 ; 9
COM -------------- Level Separator - T1/2 in seconds -------------
LED 294.69 ; 0.04 ; 21 ;  ;  ; 17
GA  0.0000046 ; 0.0000012 ; 144.7 ; 0.2 ; 9
EK  0.000011822 ; 0.00000001 ; 43.6 ; 0.22 ; 9
EL1 0.000001964 ; 0.00000001 ; 126.1 ; 0.22 ; 9
EL2 0.000001444 ; 0.00000001 ; 126.83 ; 0.22 ; 9
EL3 0.000000796 ; 0.00000001 ; 129.7 ; 0.22 ; 9
EM  0.000001067 ; 0.00000001 ; 140.98 ; 0.22 ; 9
EN  0 ; 0.00000002 ; 144.07 ; 0.22 ; 9
GA  0.000042 ; 0.000005 ; 186.29 ; 0.03 ; 7
EK  0.0000035 ; 0.00000042 ; 85.16 ; 0.03 ; 7
EL1 0.00000043 ; 0.00000005 ; 167.656 ; 0.03 ; 7
EL2 0.000000136 ; 0.000000016 ; 168.391 ; 0.03 ; 7
EL3 0.00000011 ; 0.000000013 ; 171.265 ; 0.03 ; 7
EM  0.000000161 ; 0.000000019 ; 182.542 ; 0.03 ; 7
EN  0.00000043 ; 0.00000005 ; 185.625 ; 0.03 ; 7
GA  0.0000037 ; 0.0000007 ; 256 ; 0.2 ; 3
EK  0.000000147 ; 0.000000028 ; 154.97 ; 0.2 ; 3
EL1 0.0000000186 ; 0.0000000035 ; 237.47 ; 0.2 ; 3
EL2 0.0000000048 ; 0.0000000009 ; 238.2 ; 0.2 ; 3
EL3 0.0000000035 ; 0.0000000007 ; 241.08 ; 0.2 ; 3
EM  0.0000000064 ; 0.0000000012 ; 252.35 ; 0.2 ; 3
EN  0.0000000203 ; 0.0000000039 ; 255.44 ; 0.2 ; 3
COM -------------- Level Separator - T1/2 in seconds -------------
LED 288.16 ; 0.03 ; 15 ;  ;  ; 16
GA  0.000108 ; 0.000008 ; 179.78 ; 0.04 ; 7
EK  0.00013 ; 0.00011 ; 78.65 ; 0.04 ; 7
EL1 0.000022 ; 0.000017 ; 161.146 ; 0.04 ; 7
EL2 0.000016 ; 0.000012 ; 161.881 ; 0.04 ; 7
EL3 0.000009 ; 0.000009 ; 164.755 ; 0.04 ; 7
EM  0.0000118 ; 0.0000017 ; 176.032 ; 0.04 ; 7
EN  0.000000069 ; 0.000000005 ; 179.115 ; 0.04 ; 7
GA  0.000103 ; 0.000007 ; 187.2 ; 0.04 ; 6
GA  0.000135 ; 0.00001 ; 249.6 ; 0.03 ; 3
EK  0.0000139 ; 0.0000011 ; 148.47 ; 0.03 ; 3
EL1 0.00000235 ; 0.00000018 ; 230.966 ; 0.03 ; 3
EL2 0.0000088 ; 0.0000007 ; 231.701 ; 0.03 ; 3
EL3 0.00000428 ; 0.00000032 ; 234.575 ; 0.03 ; 3
EM  0.00000412 ; 0.00000031 ; 245.852 ; 0.03 ; 3
EN  0.0000000238 ; 0.0000000018 ; 248.935 ; 0.03 ; 3
COM -------------- Level Separator - T1/2 in seconds -------------
LED 279.209 ; 0.017 ; 35 ;  ;  ; 15
GA  0.000027 ; 0.000005 ; 129.22 ; 0.07 ; 9
EK  0.00008 ; 0.00008 ; 28.09 ; 0.07 ; 9
EL1 0.000014 ; 0.000014 ; 110.59 ; 0.07 ; 9
EL2 0.000016 ; 0.000016 ; 111.32 ; 0.07 ; 9
EL3 0.000011 ; 0.000011 ; 114.2 ; 0.07 ; 9
EM  0.0000105 ; 0.0000045 ; 125.47 ; 0.07 ; 9
EN  0.0000033 ; 0.0000014 ; 128.56 ; 0.07 ; 9
GA  0.00013 ; 0.00007 ; 170.77 ; 0.05 ; 7
EK  0.000013 ; 0.000007 ; 69.64 ; 0.05 ; 7
EL1 0.0000016 ; 0.0000009 ; 152.14 ; 0.05 ; 7
EL2 0.00000054 ; 0.00000029 ; 152.87 ; 0.05 ; 7
EL3 0.00000045 ; 0.00000024 ; 155.74 ; 0.05 ; 7
EM  0.00000062 ; 0.00000034 ; 167.02 ; 0.05 ; 7
EN  0.0000002 ; 0.00000011 ; 170.11 ; 0.05 ; 7
GA  0.000161 ; 0.000012 ; 178.29 ; 0.03 ; 6
EK  0.0000149 ; 0.0000011 ; 77.18 ; 0.03 ; 6
EL1 0.00000182 ; 0.00000014 ; 159.676 ; 0.03 ; 6
EL2 0.000000594 ; 0.000000045 ; 160.411 ; 0.03 ; 6
EL3 0.000000483 ; 0.000000037 ; 163.285 ; 0.03 ; 6
EM  0.00000069 ; 0.00000005 ; 174.562 ; 0.03 ; 6
EN  0.000000218 ; 0.000000017 ; 177.645 ; 0.03 ; 6
GA  0.000117 ; 0.00001 ; 240.68 ; 0.03 ; 3
EK  0.00000535 ; 0.00000046 ; 139.56 ; 0.03 ; 3
EL1 0.00000068 ; 0.00000006 ; 222.056 ; 0.03 ; 3
EL2 0.00000018 ; 0.000000016 ; 222.791 ; 0.03 ; 3
EL3 0.000000136 ; 0.000000012 ; 225.665 ; 0.03 ; 3
EM  0.000000236 ; 0.000000021 ; 236.942 ; 0.03 ; 3
EN  0.00000063 ; 0.00000005 ; 240.025 ; 0.03 ; 3
GA  0.000305 ; 0.000022 ; 279.18 ; 0.03 ; 0
EK  0.0000099 ; 0.0000007 ; 178.08 ; 0.03 ; 0
EL1 0.00000127 ; 0.00000009 ; 260.576 ; 0.03 ; 0
EL2 0.000000308 ; 0.000000023 ; 261.311 ; 0.03 ; 0
EL3 0.000000223 ; 0.000000016 ; 264.185 ; 0.03 ; 0
EM  0.000000429 ; 0.000000032 ; 275.462 ; 0.03 ; 0
EN  0.00000136 ; 0.0000001 ; 278.545 ; 0.03 ; 0
COM -------------- Level Separator - T1/2 in seconds -------------
LED 271.14 ; 0.07 ; 8 ;  ;  ; 14
GA  0.00017 ; 0.00005 ; 121.06 ; 0.07 ; 9
EK  0.00004 ; 0.000012 ; 19.95 ; 0.07 ; 9
EL1 0.0000046 ; 0.0000014 ; 102.45 ; 0.07 ; 9
EL2 0.000002 ; 0.0000006 ; 103.18 ; 0.07 ; 9
EL3 0.0000018 ; 0.0000005 ; 106.06 ; 0.07 ; 9
EM  0.000002 ; 0.0000006 ; 117.33 ; 0.07 ; 9
EN  0.00000063 ; 0.00000018 ; 120.42 ; 0.07 ; 9
GA  0.000017 ; 0.000003 ; 236 ; 0.6 ; 2
COM -------------- Level Separator - T1/2 in seconds -------------
LED 253.551 ; 0.012 ; 49 ; 3.5E-11 ; 1.5E-11 ; 13
GA  0.000051 ; 0.000008 ; 57.71 ; 0.04 ; 10
EL1 0.000007 ; 0.0000011 ; 39.076 ; 0.04 ; 10
EL2 0.0000053 ; 0.0000008 ; 39.811 ; 0.04 ; 10
EL3 0.0000057 ; 0.0000009 ; 42.685 ; 0.04 ; 10
EM  0.0000044 ; 0.0000007 ; 53.962 ; 0.04 ; 10
EN  0.00000135 ; 0.00000021 ; 57.045 ; 0.04 ; 10
GA  0.00003 ; 0.000007 ; 103.48 ; 0.1 ; 9
EK  0.00015 ; 0.00007 ; 2.35 ; 0.1 ; 9
EL1 0.000027 ; 0.000025 ; 84.85 ; 0.1 ; 9
EL2 0.000051 ; 0.000047 ; 85.58 ; 0.1 ; 9
EL3 0.000033 ; 0.000034 ; 88.46 ; 0.1 ; 9
EM  0.00003 ; 0.000017 ; 99.73 ; 0.1 ; 9
EN  0.000000008 ; 0.0000000047 ; 102.82 ; 0.1 ; 9
GA  0.00146 ; 0.00009 ; 145.15 ; 0.03 ; 7
EK  0.000221 ; 0.000014 ; 44.04 ; 0.03 ; 7
EL1 0.0000261 ; 0.0000017 ; 126.536 ; 0.03 ; 7
EL2 0.0000099 ; 0.0000006 ; 127.271 ; 0.03 ; 7
EL3 0.0000085 ; 0.0000005 ; 130.145 ; 0.03 ; 7
EM  0.0000107 ; 0.0000007 ; 141.422 ; 0.03 ; 7
EN  0.00000335 ; 0.00000021 ; 144.505 ; 0.03 ; 7
GA  0.000197 ; 0.000013 ; 152.64 ; 0.03 ; 6
EK  0.0000264 ; 0.0000018 ; 51.52 ; 0.03 ; 6
EL1 0.00000315 ; 0.00000021 ; 134.016 ; 0.03 ; 6
EL2 0.00000115 ; 0.00000008 ; 134.751 ; 0.03 ; 6
EL3 0.00000097 ; 0.00000006 ; 137.625 ; 0.03 ; 6
EM  0.00000126 ; 0.00000009 ; 148.902 ; 0.03 ; 6
EN  0.000000397 ; 0.000000027 ; 151.985 ; 0.03 ; 6
GA  0.00205 ; 0.00013 ; 153.92 ; 0.03 ; 4
EK  0.00027 ; 0.000018 ; 52.795 ; 0.03 ; 4
EL1 0.0000322 ; 0.0000021 ; 135.291 ; 0.03 ; 4
EL2 0.0000117 ; 0.0000007 ; 136.026 ; 0.03 ; 4
EL3 0.0000098 ; 0.0000006 ; 138.9 ; 0.03 ; 4
EM  0.0000129 ; 0.0000008 ; 150.177 ; 0.03 ; 4
EN  0.00000404 ; 0.00000026 ; 153.26 ; 0.03 ; 4
GA  0.0032 ; 0.0002 ; 216.89 ; 0.03 ; 2
EK  0.000186 ; 0.000012 ; 115.77 ; 0.03 ; 2
EL1 0.0000233 ; 0.0000015 ; 198.266 ; 0.03 ; 2
EL2 0.00000666 ; 0.00000043 ; 199.001 ; 0.03 ; 2
EL3 0.00000515 ; 0.00000033 ; 201.875 ; 0.03 ; 2
EM  0.0000084 ; 0.0000005 ; 213.152 ; 0.03 ; 2
EN  0.0000222 ; 0.0000014 ; 216.235 ; 0.03 ; 2
GA  0.000046 ; 0.000012 ; 228.2 ; 0.4 ; 1
GA  0.00132 ; 0.00008 ; 253.46 ; 0.03 ; 0
EK  0.0000535 ; 0.0000033 ; 152.35 ; 0.03 ; 0
EL1 0.0000068 ; 0.00000042 ; 234.846 ; 0.03 ; 0
EL2 0.00000176 ; 0.00000011 ; 235.581 ; 0.03 ; 0
EL3 0.0000013 ; 0.00000008 ; 238.455 ; 0.03 ; 0
EM  0.00000234 ; 0.00000015 ; 249.732 ; 0.03 ; 0
EN  0.00000623 ; 0.00000039 ; 252.815 ; 0.03 ; 0
COM -------------- Level Separator - T1/2 in seconds -------------
LED 234.47 ; 0.018 ; 28 ;  ;  ; 12
GA  0.000079 ; 0.000007 ; 126.1 ; 0.05 ; 7
EK  0.0000167 ; 0.0000015 ; 24.99 ; 0.05 ; 7
EL1 0.00000195 ; 0.00000017 ; 107.49 ; 0.05 ; 7
EL2 0.00000081 ; 0.00000007 ; 108.22 ; 0.05 ; 7
EL3 0.00000072 ; 0.00000006 ; 111.1 ; 0.05 ; 7
EM  0.00000084 ; 0.00000008 ; 122.37 ; 0.05 ; 7
EN  0.000000262 ; 0.000000024 ; 125.46 ; 0.05 ; 7
GA  0.000196 ; 0.000016 ; 133.6 ; 0.03 ; 6
EK  0.0000361 ; 0.000003 ; 32.49 ; 0.03 ; 6
EL1 0.00000423 ; 0.00000035 ; 114.986 ; 0.03 ; 6
EL2 0.0000017 ; 0.00000014 ; 115.721 ; 0.03 ; 6
EL3 0.00000148 ; 0.00000012 ; 118.595 ; 0.03 ; 6
EM  0.00000178 ; 0.00000015 ; 129.872 ; 0.03 ; 6
EN  0.00000056 ; 0.000000046 ; 132.955 ; 0.03 ; 6
GA  0.00032 ; 0.00003 ; 134.85 ; 0.03 ; 4
EK  0.000058 ; 0.000005 ; 33.724 ; 0.03 ; 4
EL1 0.0000068 ; 0.0000006 ; 116.22 ; 0.03 ; 4
EL2 0.00000269 ; 0.00000026 ; 116.955 ; 0.03 ; 4
EL3 0.00000235 ; 0.00000022 ; 119.829 ; 0.03 ; 4
EM  0.00000283 ; 0.00000027 ; 131.106 ; 0.03 ; 4
EN  0.00000089 ; 0.00000008 ; 134.189 ; 0.03 ; 4
GA  0.00038 ; 0.00005 ; 197.7 ; 0.1 ; 2
EK  0.0000275 ; 0.0000036 ; 96.59 ; 0.12 ; 2
EL1 0.0000034 ; 0.00000045 ; 179.09 ; 0.12 ; 2
EL2 0.00000104 ; 0.00000014 ; 179.82 ; 0.12 ; 2
EL3 0.00000082 ; 0.00000011 ; 182.7 ; 0.12 ; 2
EM  0.00000125 ; 0.00000017 ; 193.97 ; 0.12 ; 2
EN  0.00000332 ; 0.00000044 ; 197.06 ; 0.12 ; 2
COM -------------- Level Separator - T1/2 in seconds -------------
LED 224.567 ; 0.013 ; 42 ; 3.5E-11 ; 1.E-11 ; 11
GA  0.000123 ; 0.000019 ; 78.8 ; 0.1 ; 8
EL1 0.00047 ; 0.00007 ; 60.17 ; 0.12 ; 8
EL2 0.000053 ; 0.000008 ; 60.9 ; 0.12 ; 8
EL3 0.0000035 ; 0.0000005 ; 63.78 ; 0.12 ; 8
EM  0.000125 ; 0.000019 ; 75.05 ; 0.12 ; 8
EN  0.000000034 ; 0.000000005 ; 78.14 ; 0.12 ; 8
GA  0.00087 ; 0.00006 ; 123.75 ; 0.04 ; 6
EK  0.000192 ; 0.000014 ; 22.62 ; 0.04 ; 6
EL1 0.0000224 ; 0.0000016 ; 105.116 ; 0.04 ; 6
EL2 0.0000095 ; 0.0000007 ; 105.851 ; 0.04 ; 6
EL3 0.0000084 ; 0.0000006 ; 108.725 ; 0.04 ; 6
EM  0.0000097 ; 0.0000007 ; 120.002 ; 0.04 ; 6
EN  0.00000303 ; 0.00000021 ; 123.085 ; 0.04 ; 6
GA  0.000292 ; 0.000018 ; 124.81 ; 0.03 ; 5
EK  0.00113004 ; 0.00000021 ; 23.68 ; 0.03 ; 5
EL1 0.0001898 ; 0.00000021 ; 106.176 ; 0.03 ; 5
EL2 0.00017199 ; 0.00000021 ; 106.911 ; 0.03 ; 5
EL3 0.00010366 ; 0.00000021 ; 109.785 ; 0.03 ; 5
EM  0.00011943 ; 0.00000021 ; 121.062 ; 0.03 ; 5
EN  0.00000003 ; 0.00000025 ; 124.145 ; 0.03 ; 5
GA  0.000127 ; 0.000014 ; 186.1 ; 0.03 ; 3
GA  0.0053 ; 0.0003 ; 187.96 ; 0.03 ; 2
EK  0.000432 ; 0.000025 ; 86.84 ; 0.03 ; 2
EL1 0.000053 ; 0.000003 ; 169.336 ; 0.03 ; 2
EL2 0.0000167 ; 0.000001 ; 170.071 ; 0.03 ; 2
EL3 0.0000135 ; 0.0000008 ; 172.945 ; 0.03 ; 2
EM  0.0000199 ; 0.0000012 ; 184.222 ; 0.03 ; 2
EN  0.0000526 ; 0.000003 ; 187.305 ; 0.03 ; 2
GA  0.000188 ; 0.000013 ; 198.47 ; 0.23 ; 1
EK  0.0000135 ; 0.000001 ; 97.38 ; 0.21 ; 1
EL1 0.00000167 ; 0.00000012 ; 179.88 ; 0.21 ; 1
EL2 0.000000506 ; 0.000000036 ; 180.61 ; 0.21 ; 1
EL3 0.0000004 ; 0.000000028 ; 183.48 ; 0.21 ; 1
EM  0.000000615 ; 0.000000044 ; 194.76 ; 0.21 ; 1
EN  0.000000194 ; 0.000000014 ; 197.85 ; 0.21 ; 1
GA  0.00112 ; 0.00008 ; 224.59 ; 0.03 ; 0
EK  0.0000601 ; 0.0000044 ; 123.54 ; 0.03 ; 0
EL1 0.0000075 ; 0.0000005 ; 206.036 ; 0.03 ; 0
EL2 0.00000211 ; 0.00000015 ; 206.771 ; 0.03 ; 0
EL3 0.00000161 ; 0.00000012 ; 209.645 ; 0.03 ; 0
EM  0.00000268 ; 0.0000002 ; 220.922 ; 0.03 ; 0
EN  0.0000071 ; 0.0000005 ; 224.005 ; 0.03 ; 0
COM -------------- Level Separator - T1/2 in seconds -------------
LED 195.789 ; 0.011 ; 33 ; 2.E-11 ; 5.E-12 ; 10
GA  0.00271 ; 0.00019 ; 87.41 ; 0.03 ; 7
EL1 0.0076 ; 0.0005 ; 68.776 ; 0.03 ; 7
EL2 0.00086 ; 0.00006 ; 69.511 ; 0.03 ; 7
EL3 0.0000558 ; 0.000004 ; 72.385 ; 0.03 ; 7
EM  0.00204 ; 0.00015 ; 83.662 ; 0.03 ; 7
EN  0.000000549 ; 0.000000039 ; 86.745 ; 0.03 ; 7
GA  0.00105 ; 0.0001 ; 94.9 ; 0.02 ; 6
EL1 0.00233 ; 0.00022 ; 76.266 ; 0.02 ; 6
EL2 0.000264 ; 0.000025 ; 77.001 ; 0.02 ; 6
EL3 0.0000169 ; 0.0000016 ; 79.875 ; 0.02 ; 6
EM  0.00062 ; 0.00006 ; 91.152 ; 0.02 ; 6
EN  0.000000167 ; 0.000000016 ; 94.235 ; 0.02 ; 6
GA  0.00033 ; 0.00007 ; 96.16 ; 0.05 ; 5
EL1 0.00046 ; 0.00016 ; 77.53 ; 0.05 ; 5
EL2 0.00059 ; 0.00029 ; 78.26 ; 0.05 ; 5
EL3 0.00043 ; 0.00022 ; 81.13 ; 0.05 ; 5
EM  0.0004 ; 0.00013 ; 92.41 ; 0.05 ; 5
EN  0.000000104 ; 0.000000035 ; 95.5 ; 0.05 ; 5
GA  0.0036 ; 0.0003 ; 157.25 ; 0.03 ; 3
EK  0.0112 ; 0.0017 ; 56.123 ; 0.03 ; 3
EL1 0.0018 ; 0.00023 ; 138.619 ; 0.03 ; 3
EL2 0.00029 ; 0.00015 ; 139.354 ; 0.03 ; 3
EL3 0.00004 ; 0.00011 ; 142.228 ; 0.03 ; 3
EM  0.00051 ; 0.00005 ; 153.505 ; 0.03 ; 3
EN  0.00000313 ; 0.00000026 ; 156.588 ; 0.03 ; 3
GA  0.000139 ; 0.000014 ; 169.9 ; 0.03 ; 1
GA  0.00148 ; 0.00009 ; 195.74 ; 0.03 ; 0
EK  0.0016 ; 0.0009 ; 94.62 ; 0.03 ; 0
EL1 0.00027 ; 0.00015 ; 177.116 ; 0.03 ; 0
EL2 0.00013 ; 0.00009 ; 177.851 ; 0.03 ; 0
EL3 0.00006 ; 0.00006 ; 180.725 ; 0.03 ; 0
EM  0.000117 ; 0.000009 ; 192.002 ; 0.03 ; 0
EN  0.00000069 ; 0.00000006 ; 195.085 ; 0.03 ; 0
COM -------------- Level Separator - T1/2 in seconds -------------
LED 150.063 ; 0.013 ; 26 ; 8.E-11 ; 2.E-11 ; 9
GA  0.00008 ; 0.000008 ; 49.12 ; 0.04 ; 6
EL1 0.0000152 ; 0.0000015 ; 30.486 ; 0.04 ; 6
EL2 0.0000133 ; 0.0000013 ; 31.221 ; 0.04 ; 6
EL3 0.0000149 ; 0.0000015 ; 34.095 ; 0.04 ; 6
EM  0.0000106 ; 0.0000011 ; 45.372 ; 0.04 ; 6
EN  0.00000326 ; 0.00000033 ; 48.455 ; 0.04 ; 6
GA  0.0000062 ;  ; 50.2 ; 0.04 ; 5
EL1 0.0003174 ; 0.000005 ; 31.566 ; 0.04 ; 5
EL2 0.000312 ; 0.000006 ; 32.301 ; 0.04 ; 5
EL3 0.0003075 ; 0.000005 ; 35.175 ; 0.04 ; 5
EM  0.0002914 ; 0.0000043 ; 46.452 ; 0.04 ; 5
EN  0.0000000936 ; 0.0000000012 ; 49.535 ; 0.04 ; 5
GA  0.00313 ; 0.00021 ; 111.52 ; 0.03 ; 3
EK  0.00088 ; 0.00006 ; 10.4 ; 0.03 ; 3
EL1 0.000102 ; 0.000007 ; 92.896 ; 0.03 ; 3
EL2 0.0000464 ; 0.0000032 ; 93.631 ; 0.03 ; 3
EL3 0.0000424 ; 0.0000029 ; 96.505 ; 0.03 ; 3
EM  0.0000457 ; 0.0000031 ; 107.782 ; 0.03 ; 3
EN  0.0000144 ; 0.000001 ; 110.865 ; 0.03 ; 3
GA  0.00693 ; 0.00012 ; 150.05 ; 0.03 ; 0
EK  0.000968 ; 0.000022 ; 48.93 ; 0.03 ; 0
EL1 0.0001157 ; 0.0000024 ; 131.426 ; 0.03 ; 0
EL2 0.0000426 ; 0.0000007 ; 132.161 ; 0.03 ; 0
EL3 0.0000361 ; 0.0000006 ; 135.035 ; 0.03 ; 0
EM  0.0000464 ; 0.0000011 ; 146.312 ; 0.03 ; 0
EN  0.00001465 ; 0.00000031 ; 149.395 ; 0.03 ; 0
COM -------------- Level Separator - T1/2 in seconds -------------
LED 145.755 ; 0.02 ; 13 ;  ;  ; 8
GA  0.000049 ; 0.000007 ; 46.24 ; 0.05 ; 4
EL1 0.0000105 ; 0.0000015 ; 27.62 ; 0.05 ; 4
EL2 0.0000097 ; 0.0000014 ; 28.35 ; 0.05 ; 4
EL3 0.000011 ; 0.0000016 ; 31.22 ; 0.05 ; 4
EM  0.0000076 ; 0.0000011 ; 42.5 ; 0.05 ; 4
EN  0.00000000199 ; 0.00000000029 ; 45.59 ; 0.05 ; 4
GA  0.0008 ; 0.00005 ; 119.85 ; 0.03 ; 1
EK  0.000191 ; 0.000012 ; 18.72 ; 0.03 ; 1
EL1 0.0000222 ; 0.0000014 ; 101.216 ; 0.03 ; 1
EL2 0.0000096 ; 0.0000006 ; 101.951 ; 0.03 ; 1
EL3 0.0000086 ; 0.0000006 ; 104.825 ; 0.03 ; 1
EM  0.0000097 ; 0.0000006 ; 116.102 ; 0.03 ; 1
EN  0.00000303 ; 0.00000019 ; 119.185 ; 0.03 ; 1
COM -------------- Level Separator - T1/2 in seconds -------------
LED 108.404 ; 0.011 ; 19 ; 2.8E-10 ;  ; 7
GA  0.000047 ; 0.000012 ; 69.86 ; 0.05 ; 3
EL1 0.000027 ; 0.000007 ; 51.23 ; 0.05 ; 3
EL2 0.00089 ; 0.00023 ; 51.96 ; 0.05 ; 3
EL3 0.00074 ; 0.00019 ; 54.84 ; 0.05 ; 3
EM  0.00045 ; 0.00011 ; 66.11 ; 0.05 ; 3
EN  0.000142 ; 0.000036 ; 69.2 ; 0.05 ; 3
GA  0.000132 ; 0.000013 ; 71.71 ; 0.04 ; 2
EL1 0.000069 ; 0.000007 ; 53.076 ; 0.04 ; 2
EL2 0.00221 ; 0.00022 ; 53.811 ; 0.04 ; 2
EL3 0.00183 ; 0.00018 ; 56.685 ; 0.04 ; 2
EM  0.00111 ; 0.00011 ; 67.962 ; 0.04 ; 2
EN  0.000352 ; 0.000035 ; 71.045 ; 0.04 ; 2
GA  0.00255 ; 0.00016 ; 108.38 ; 0.03 ; 0
EK  0.0184 ; 0.0015 ; 7.27 ; 0.03 ; 0
EL1 0.00309 ; 0.00025 ; 89.766 ; 0.03 ; 0
EL2 0.00173 ; 0.00028 ; 90.501 ; 0.03 ; 0
EL3 0.00102 ; 0.00019 ; 93.375 ; 0.03 ; 0
EM  0.00148 ; 0.00014 ; 104.652 ; 0.03 ; 0
EN  0.000471 ; 0.00004 ; 107.735 ; 0.03 ; 0
COM -------------- Level Separator - T1/2 in seconds -------------
LED 100.897 ; 0.011 ; 24 ;  ;  ; 6
GA  0.000053 ; 0.000012 ; 62.6 ; 0.3 ; 3
EL1 0.000049 ; 0.000011 ; 43.97 ; 0.3 ; 3
EL2 0.00167 ; 0.00038 ; 44.7 ; 0.3 ; 3
EL3 0.00145 ; 0.00033 ; 47.58 ; 0.3 ; 3
EM  0.00086 ; 0.0002 ; 58.85 ; 0.3 ; 3
EN  0.00000023 ; 0.00000005 ; 61.94 ; 0.3 ; 3
GA  0.00047 ; 0.00004 ; 64.27 ; 0.03 ; 2
EL1 0.00268 ; 0.0003 ; 45.636 ; 0.03 ; 2
EL2 0.003 ; 0.0009 ; 46.371 ; 0.03 ; 2
EL3 0.0024 ; 0.0008 ; 49.245 ; 0.03 ; 2
EM  0.00207 ; 0.00042 ; 60.522 ; 0.03 ; 2
EN  0.00000055 ; 0.00000011 ; 63.605 ; 0.03 ; 2
GA  0.00015 ; 0.00003 ; 74.82 ; 0.05 ; 1
EL1 0.00055 ; 0.00011 ; 56.2 ; 0.05 ; 1
EL2 0.00047 ; 0.00009 ; 56.93 ; 0.05 ; 1
EL3 0.00034 ; 0.00007 ; 59.8 ; 0.05 ; 1
EM  0.00035 ; 0.00007 ; 71.08 ; 0.05 ; 1
EN  0.000111 ; 0.000022 ; 74.17 ; 0.05 ; 1
GA  0.00096 ; 0.00008 ; 100.86 ; 0.04 ; 0
EL1 0.0012 ; 0.0006 ; 82.266 ; 0.04 ; 0
EL2 0.0012 ; 0.0011 ; 83.001 ; 0.04 ; 0
EL3 0.0008 ; 0.0008 ; 85.875 ; 0.04 ; 0
EM  0.00086 ; 0.00039 ; 97.152 ; 0.04 ; 0
EN  0.00000023 ; 0.0000001 ; 100.235 ; 0.04 ; 0
COM -------------- Level Separator - T1/2 in seconds -------------
LED 99.752 ; 0.016 ; 18 ; 1.6E-10 ; 3.E-11 ; 5
GA  0.00021 ; 0.00003 ; 63.5 ; 0.3 ; 2
EL1 0.0000235 ; 0.0000034 ; 44.87 ; 0.3 ; 2
EL2 0.0000165 ; 0.0000024 ; 45.6 ; 0.3 ; 2
EL3 0.0000173 ; 0.0000025 ; 48.48 ; 0.3 ; 2
EM  0.0000139 ; 0.000002 ; 59.75 ; 0.3 ; 2
EN  0.0000000036 ; 0.0000000005 ; 62.84 ; 0.3 ; 2
GA  0.00309 ; 0.00023 ; 73.85 ; 0.03 ; 1
EL1 0.00025 ; 0.000019 ; 55.226 ; 0.03 ; 1
EL2 0.000155 ; 0.000012 ; 55.961 ; 0.03 ; 1
EL3 0.000157 ; 0.000012 ; 58.835 ; 0.03 ; 1
EM  0.000136 ; 0.00001 ; 70.112 ; 0.03 ; 1
EN  0.0000000357 ; 0.0000000027 ; 73.195 ; 0.03 ; 1
GA  0.0108 ; 0.0008 ; 99.89 ; 0.06 ; 0
EL1 0.000449 ; 0.000034 ; 81.28 ; 0.06 ; 0
EL2 0.000222 ; 0.000017 ; 82.01 ; 0.06 ; 0
EL3 0.000208 ; 0.000016 ; 84.88 ; 0.06 ; 0
EM  0.000212 ; 0.000016 ; 96.16 ; 0.06 ; 0
EN  0.0000000557 ; 0.0000000042 ; 99.25 ; 0.06 ; 0
COM -------------- Level Separator - T1/2 in seconds -------------
LED 99.596 ; 0.013 ; 18 ; 8.E-11 ; 3.E-11 ; 4
GA  0.0049 ; 0.0003 ; 62.94 ; 0.03 ; 2
EL1 0.0361 ; 0.0023 ; 44.316 ; 0.03 ; 2
EL2 0.00403 ; 0.00025 ; 45.051 ; 0.03 ; 2
EL3 0.000274 ; 0.000018 ; 47.925 ; 0.03 ; 2
EM  0.0096 ; 0.0006 ; 59.202 ; 0.03 ; 2
EN  0.00000258 ; 0.00000016 ; 62.285 ; 0.03 ; 2
GA  0.00019 ; 0.00005 ; 73.55 ; 0.09 ; 1
EL1 0.00009 ; 0.000024 ; 54.92 ; 0.09 ; 1
EL2 0.0028 ; 0.0007 ; 55.65 ; 0.09 ; 1
EL3 0.0023 ; 0.0006 ; 58.52 ; 0.09 ; 1
EM  0.00142 ; 0.00037 ; 69.8 ; 0.09 ; 1
EN  0.00000038 ; 0.0000001 ; 72.89 ; 0.09 ; 1
GA  0.0076 ; 0.0005 ; 99.67 ; 0.05 ; 0
EL1 0.0142 ; 0.001 ; 81.04 ; 0.05 ; 0
EL2 0.00258 ; 0.00042 ; 81.77 ; 0.05 ; 0
EL3 0.00084 ; 0.00031 ; 84.64 ; 0.05 ; 0
EM  0.00426 ; 0.00032 ; 95.92 ; 0.05 ; 0
EN  0.00000114 ; 0.00000009 ; 99.01 ; 0.05 ; 0
COM -------------- Level Separator - T1/2 in seconds -------------
LED 38.546 ; 0.012 ; 6 ;  ;  ; 3
GA  0.000107 ; 0.00001 ; 38.58 ; 0.04 ; 0
EL1 0.00096 ; 0.00009 ; 19.946 ; 0.04 ; 0
EL2 0.0337 ; 0.0032 ; 20.681 ; 0.04 ; 0
EL3 0.0327 ; 0.0031 ; 23.555 ; 0.04 ; 0
EM  0.0181 ; 0.0017 ; 34.832 ; 0.04 ; 0
EN  0.0057 ; 0.0005 ; 37.915 ; 0.04 ; 0
COM -------------- Level Separator - T1/2 in seconds -------------
LED 36.646 ; 0.011 ; 9 ; 1.5E-9 ; 2.E-10 ; 2
GA  0.00015 ; 0.00002 ; 10.6 ; 0.04 ; 1
EM  0.057 ; 0.008 ; 6.852 ; 0.04 ; 1
EN  0.0000154 ; 0.0000021 ; 9.935 ; 0.04 ; 1
GA  0.000181 ; 0.000015 ; 36.69 ; 0.03 ; 0
EL1 0.00208 ; 0.00018 ; 18.056 ; 0.03 ; 0
EL2 0.073 ; 0.006 ; 18.791 ; 0.03 ; 0
EL3 0.071 ; 0.006 ; 21.665 ; 0.03 ; 0
EM  0.0393 ; 0.0033 ; 32.942 ; 0.03 ; 0
EN  0.0124 ; 0.001 ; 36.025 ; 0.03 ; 0
COM -------------- Level Separator - T1/2 in seconds -------------
LED 25.856 ; 0.017 ; 6 ;  ;  ; 1
GA  0.0000159 ; 0.0000021 ; 26 ; 0.1 ; 0
EL1 0.00097 ; 0.00013 ; 7.39 ; 0.1 ; 0
EL2 0.0335 ; 0.0045 ; 8.12 ; 0.1 ; 0
EL3 0.0353 ; 0.0048 ; 11 ; 0.1 ; 0
EM  0.0188 ; 0.0025 ; 22.27 ; 0.1 ; 0
EN  0.0059 ; 0.0008 ; 25.36 ; 0.1 ; 0
