PAR AC228
AZP 228 ; 89
NDA 2
COM ***************** Evaluation Date: 24/11/2009 ****************
COM ===================== Daughter Separator =====================
DAU FR224
DDE 5.5E-08 ; 2.2E-08 ; 0 ; 0
Q   4810 ; 50
COM ---------------------- Branch Separator ----------------------
COM ===================== Daughter Separator =====================
DAU TH228
DDE 1 ;  ; 60 ; 53
Q   2123.8 ; 2.7
COM ---------------------- Branch Separator ----------------------
BEM 0.000047 ; 0.000011 ; 60 ; 0.7 ; 2.7 ; -2
COM ---------------------- Branch Separator ----------------------
BEM 0.000069 ; 0.000011 ; 59 ; 86.8 ; 2.7 ; 0
COM ---------------------- Branch Separator ----------------------
BEM 0.00026 ; 0.00004 ; 58 ; 94 ; 2.7 ; 1
COM ---------------------- Branch Separator ----------------------
BEM 0.00061 ; 0.00006 ; 57 ; 101 ; 2.7 ; 1
COM ---------------------- Branch Separator ----------------------
BEM 0.000032 ; 0.00001 ; 56 ; 110.2 ; 2.7 ; 0
COM ---------------------- Branch Separator ----------------------
BEM 0.00238 ; 0.00015 ; 55 ; 113.7 ; 2.7 ; 0
COM ---------------------- Branch Separator ----------------------
BEM 0.0007 ; 0.0004 ; 54 ; 136.3 ; 2.7 ; 0
COM ---------------------- Branch Separator ----------------------
BEM 0.000132 ; 0.000014 ; 53 ; 158.8 ; 2.7 ; 0
COM ---------------------- Branch Separator ----------------------
BEM 0.000038 ; 0.000008 ; 52 ; 165.1 ; 2.7 ; 0
COM ---------------------- Branch Separator ----------------------
BEM 0.00307 ; 0.00022 ; 51 ; 178.9 ; 2.7 ; 0
COM ---------------------- Branch Separator ----------------------
BEM 0.00053 ; 0.00006 ; 50 ; 186.6 ; 2.7 ; 0
COM ---------------------- Branch Separator ----------------------
BEM 0.00061 ; 0.00008 ; 49 ; 195.2 ; 2.7 ; 0
COM ---------------------- Branch Separator ----------------------
BEM 0.00025 ; 0.00005 ; 48 ; 217.2 ; 2.7 ; -2
COM ---------------------- Branch Separator ----------------------
BEM 0.00069 ; 0.00008 ; 47 ; 223.9 ; 2.7 ; 0
COM ---------------------- Branch Separator ----------------------
BEM 0.00109 ; 0.00008 ; 46 ; 230.8 ; 2.7 ; 0
COM ---------------------- Branch Separator ----------------------
BEM 0.00051 ; 0.00008 ; 45 ; 326.2 ; 2.7 ; 0
COM ---------------------- Branch Separator ----------------------
BEM 0.00035 ; 0.00006 ; 44 ; 327.9 ; 2.7 ; 0
COM ---------------------- Branch Separator ----------------------
BEM 0.00139 ; 0.00012 ; 43 ; 363.6 ; 2.7 ; 0
COM ---------------------- Branch Separator ----------------------
BEM 0.0006 ; 0.00008 ; 42 ; 365.6 ; 2.7 ; 0
COM ---------------------- Branch Separator ----------------------
BEM 0.00378 ; 0.00016 ; 41 ; 379.9 ; 2.7 ; 0
COM ---------------------- Branch Separator ----------------------
BEM 0.00149 ; 0.00011 ; 40 ; 388.4 ; 2.7 ; -2
COM ---------------------- Branch Separator ----------------------
BEM 0.0193 ; 0.0008 ; 39 ; 399.5 ; 2.7 ; 0
COM ---------------------- Branch Separator ----------------------
BEM 0.025 ; 0.0016 ; 38 ; 435.4 ; 2.7 ; 0
COM ---------------------- Branch Separator ----------------------
BEM 0.002 ; 0.0003 ; 37 ; 440 ; 2.7 ; 2
COM ---------------------- Branch Separator ----------------------
BEM 0.0121 ; 0.0004 ; 36 ; 441 ; 2.7 ; 0
COM ---------------------- Branch Separator ----------------------
BEM 0.0412 ; 0.002 ; 35 ; 477.8 ; 2.7 ; 0
COM ---------------------- Branch Separator ----------------------
BEM 0.0082 ; 0.0003 ; 34 ; 480.7 ; 2.7 ; 2
COM ---------------------- Branch Separator ----------------------
BEM 0.0123 ; 0.0006 ; 33 ; 485.5 ; 2.7 ; 0
COM ---------------------- Branch Separator ----------------------
BEM 0.00071 ; 0.0001 ; 32 ; 506 ; 2.7 ; 0
COM ---------------------- Branch Separator ----------------------
BEM 0.088 ; 0.023 ; 31 ; 535.5 ; 2.7 ; 0
COM ---------------------- Branch Separator ----------------------
BEM 0.0003 ; 0.00006 ; 30 ; 584.6 ; 2.7 ; 0
COM ---------------------- Branch Separator ----------------------
COM ---------------------- Branch Separator ----------------------
COM ---------------------- Branch Separator ----------------------
BEM 0.016 ; 0.005 ; 27 ; 691.8 ; 2.7 ; 0
COM ---------------------- Branch Separator ----------------------
BEM 0.0006 ; 0.00008 ; 26 ; 707.7 ; 2.7 ; 0
COM ---------------------- Branch Separator ----------------------
BEM 0.00208 ; 0.00018 ; 25 ; 779.7 ; 2.7 ; 0
COM ---------------------- Branch Separator ----------------------
BEM 0.0146 ; 0.0011 ; 24 ; 826.4 ; 2.7 ; 2
COM ---------------------- Branch Separator ----------------------
BEM 0.0067 ; 0.0008 ; 23 ; 897.2 ; 2.7 ; 2
COM ---------------------- Branch Separator ----------------------
BEM 0.00166 ; 0.00019 ; 22 ; 948.4 ; 2.7 ; 0
COM ---------------------- Branch Separator ----------------------
COM ---------------------- Branch Separator ----------------------
BEM 0.0339 ; 0.0013 ; 20 ; 955.4 ; 2.7 ; 0
COM ---------------------- Branch Separator ----------------------
BEM 0.06 ; 0.03 ; 19 ; 970.3 ; 2.7 ; 0
COM ---------------------- Branch Separator ----------------------
BEM 0.0667 ; 0.0018 ; 18 ; 1000.8 ; 2.7 ; 0
COM ---------------------- Branch Separator ----------------------
COM ---------------------- Branch Separator ----------------------
BEM 0.00099 ; 0.00011 ; 16 ; 1063.9 ; 2.7 ; 0
COM ---------------------- Branch Separator ----------------------
BEM 0.03 ; 0.004 ; 15 ; 1101.3 ; 2.7 ; -2
COM ---------------------- Branch Separator ----------------------
BEM 0.0039 ; 0.0006 ; 14 ; 1107.4 ; 2.7 ; 0
COM ---------------------- Branch Separator ----------------------
BEM 0.00238 ; 0.0002 ; 13 ; 1144.3 ; 2.7 ; 0
COM ---------------------- Branch Separator ----------------------
BEM 0.31 ; 0.04 ; 12 ; 1154.8 ; 2.7 ; 0
COM ---------------------- Branch Separator ----------------------
BEM 0.0018 ; 0.0003 ; 11 ; 1155.4 ; 2.7 ; 0
COM ---------------------- Branch Separator ----------------------
BEM 0.00087 ; 0.00016 ; 10 ; 1179.6 ; 2.7 ; 1
COM ---------------------- Branch Separator ----------------------
COM ---------------------- Branch Separator ----------------------
BEM 0.0017 ; 0.001 ; 8 ; 1249.3 ; 2.7 ; 0
COM ---------------------- Branch Separator ----------------------
COM ---------------------- Branch Separator ----------------------
COM ---------------------- Branch Separator ----------------------
BEM 0.124 ; 0.005 ; 5 ; 1727.7 ; 2.7 ; 0
COM ---------------------- Branch Separator ----------------------
BEM 0.00147 ; 0.00021 ; 4 ; 1745.6 ; 2.7 ; -2
COM ---------------------- Branch Separator ----------------------
BEM 0.0072 ; 0.0023 ; 3 ; 1795.8 ; 2.7 ; -1
COM ---------------------- Branch Separator ----------------------
BEM 0.006 ; 0.005 ; 2 ; 1937 ; 2.7 ; 0
COM ---------------------- Branch Separator ----------------------
BEM 0.06 ; 0.04 ; 1 ; 2066 ; 2.7 ; 0
COM ---------------------- Branch Separator ----------------------
COM -------------- Level Separator - T1/2 in seconds -------------
LED 2123.1 ; 0.3 ; 2 ;  ;  ; 60
GA  0.000022 ; 0.000008 ; 1795.13 ; 0.06 ; 3
GA  0.000022 ; 0.000006 ; 1936.3 ; 0.3 ; 2
COM -------------- Level Separator - T1/2 in seconds -------------
LED 2036.99 ; 0.17 ; 2 ;  ;  ; 59
GA  0.000046 ; 0.000008 ; 1850.17 ; 0.2 ; 2
GA  0.000019 ; 0.000005 ; 1979.3 ; 0.3 ; 1
COM -------------- Level Separator - T1/2 in seconds -------------
LED 2029.84 ; 0.16 ; 10 ;  ;  ; 58
GA  0.00009 ; 0.00003 ; 939.89 ; 0.15 ; 17
GA  0.000097 ; 0.000016 ; 1013.55 ; 0.13 ; 14
GA  0.000038 ; 0.000008 ; 1972 ; 0.3 ; 1
GA  0.000019 ; 0.000005 ; 2029.4 ; 0.5 ; 0
EK  0.0000001 ; 0.0000001 ; 1920.19 ; 0.16 ; 0
EL1 0.000000017 ; 0.000000016 ; 2009.37 ; 0.16 ; 0
EL2 0.0000000019 ; 0.000000002 ; 2010.15 ; 0.16 ; 0
EL3 0.00000000015 ; 0.00000000009 ; 2013.54 ; 0.16 ; 0
EM  0.0000000046 ; 0.0000000043 ; 2025.66 ; 0.16 ; 0
EN  0.0000000016 ; 0.0000000015 ; 2029.05 ; 0.16 ; 0
COM -------------- Level Separator - T1/2 in seconds -------------
LED 2022.84 ; 0.1 ; 35 ;  ;  ; 57
GA  0.00007 ; 0.000017 ; 384.47 ; 0.09 ; 33
EK  0.0000031 ; 0.0000008 ; 274.91 ; 0.1 ; 33
EL1 0.00000056 ; 0.00000014 ; 364.09 ; 0.1 ; 33
EL2 0.00000105 ; 0.00000026 ; 364.87 ; 0.1 ; 33
EL3 0.00000037 ; 0.00000009 ; 368.26 ; 0.1 ; 33
EM  0.00000052 ; 0.00000013 ; 380.38 ; 0.1 ; 33
EN  0.000000171 ; 0.000000042 ; 383.77 ; 0.1 ; 33
GA  0.00014 ; 0.00004 ; 1053.11 ; 0.2 ; 12
EK  0.0000021 ; 0.0000014 ; 944.22 ; 0.1 ; 12
EL1 0.00000035 ; 0.00000022 ; 1033.4 ; 0.1 ; 12
EL2 0.000000057 ; 0.000000017 ; 1034.18 ; 0.1 ; 12
EL3 0.000000007 ; 0.0000000047 ; 1037.57 ; 0.1 ; 12
EM  0.0000001 ; 0.00000006 ; 1049.69 ; 0.1 ; 12
EN  0.000000033 ; 0.000000018 ; 1053.08 ; 0.1 ; 12
GA  0.000062 ; 0.000014 ; 1148.17 ; 0.14 ; 8
EK  0.00000074 ; 0.00000047 ; 1038.72 ; 0.1 ; 8
EL1 0.00000012 ; 0.00000007 ; 1127.9 ; 0.1 ; 8
EL2 0.0000000195 ; 0.0000000046 ; 1128.68 ; 0.1 ; 8
EL3 0.0000000022 ; 0.0000000014 ; 1132.07 ; 0.1 ; 8
EM  0.000000035 ; 0.000000017 ; 1144.19 ; 0.1 ; 8
EN  0.000000012 ; 0.000000006 ; 1147.58 ; 0.1 ; 8
GA  0.000065 ; 0.000017 ; 1190.83 ; 0.2 ; 7
EK  0.00000072 ; 0.00000043 ; 1081.37 ; 0.1 ; 7
EL1 0.00000012 ; 0.00000007 ; 1170.55 ; 0.1 ; 7
EL2 0.000000018 ; 0.000000005 ; 1171.33 ; 0.1 ; 7
EL3 0.0000000021 ; 0.0000000013 ; 1174.72 ; 0.1 ; 7
EM  0.000000034 ; 0.000000017 ; 1186.84 ; 0.1 ; 7
EN  0.000000011 ; 0.000000006 ; 1190.23 ; 0.1 ; 7
GA  0.000223 ; 0.000022 ; 1965.22 ; 0.12 ; 1
EK  0.00000076 ; 0.00000028 ; 1855.43 ; 0.1 ; 1
EL1 0.000000123 ; 0.000000046 ; 1944.61 ; 0.1 ; 1
EL2 0.0000000145 ; 0.0000000025 ; 1945.39 ; 0.1 ; 1
EL3 0.0000000016 ; 0.0000000006 ; 1948.78 ; 0.1 ; 1
EM  0.000000033 ; 0.000000012 ; 1960.9 ; 0.1 ; 1
EN  0.0000000107 ; 0.0000000037 ; 1964.29 ; 0.1 ; 1
COM -------------- Level Separator - T1/2 in seconds -------------
LED 2013.6 ; 0.3 ; 2 ;  ;  ; 56
GA  0.000022 ; 0.000008 ; 1826.8 ; 0.3 ; 2
GA  0.000008 ; 0.000003 ; 1955.9 ; 0.5 ; 1
COM -------------- Level Separator - T1/2 in seconds -------------
LED 2010.11 ; 0.05 ; 30 ;  ;  ; 55
GA  0.00007 ; 0.000017 ; 372.59 ; 0.03 ; 33
EK  0.0000033 ; 0.0000008 ; 262.18 ; 0.05 ; 33
EL1 0.00000059 ; 0.00000014 ; 351.36 ; 0.05 ; 33
EL2 0.00000119 ; 0.00000029 ; 352.14 ; 0.05 ; 33
EL3 0.00000042 ; 0.0000001 ; 355.53 ; 0.05 ; 33
EM  0.00000058 ; 0.00000014 ; 367.65 ; 0.05 ; 33
EN  0.000000192 ; 0.000000047 ; 371.04 ; 0.05 ; 33
GA  0.00029 ; 0.00003 ; 887.26 ; 0.1 ; 18
EK  0.0000067 ; 0.0000041 ; 777.51 ; 0.05 ; 18
EL1 0.0000011 ; 0.0000007 ; 866.69 ; 0.05 ; 18
EL2 0.0000002 ; 0.000000021 ; 867.47 ; 0.05 ; 18
EL3 0.000000026 ; 0.000000018 ; 870.86 ; 0.05 ; 18
EM  0.00000032 ; 0.00000018 ; 882.98 ; 0.05 ; 18
EN  0.0000001 ; 0.00000005 ; 886.37 ; 0.05 ; 18
GA  0.00028 ; 0.00003 ; 919.03 ; 0.12 ; 17
GA  0.00047 ; 0.0001 ; 1040.94 ; 0.15 ; 12
EK  0.000024 ; 0.000024 ; 931.49 ; 0.05 ; 12
EL1 0.0000047 ; 0.0000048 ; 1020.67 ; 0.05 ; 12
EL2 0.000001 ; 0.0000008 ; 1021.45 ; 0.05 ; 12
EL3 0.00000024 ; 0.00000019 ; 1024.84 ; 0.05 ; 12
EM  0.0000014 ; 0.0000014 ; 1036.96 ; 0.05 ; 12
EN  0.00000052 ; 0.00000047 ; 1040.35 ; 0.05 ; 12
GA  0.00046 ; 0.00005 ; 1823.22 ; 0.1 ; 2
GA  0.00062 ; 0.00005 ; 1952.37 ; 0.1 ; 1
EK  0.0000062 ; 0.000005 ; 1842.7 ; 0.05 ; 1
EL1 0.0000011 ; 0.0000009 ; 1931.88 ; 0.05 ; 1
EL2 0.00000017 ; 0.00000013 ; 1932.66 ; 0.05 ; 1
EL3 0.000000016 ; 0.000000011 ; 1936.05 ; 0.05 ; 1
EM  0.00000031 ; 0.00000025 ; 1948.17 ; 0.05 ; 1
EN  0.0000001 ; 0.00000009 ; 1951.56 ; 0.05 ; 1
COM -------------- Level Separator - T1/2 in seconds -------------
LED 1987.46 ; 0.1 ; 22 ;  ;  ; 54
GA  0.0003 ; 0.0003 ; 1017.94 ; 0.2 ; 12
EK  0.000015 ; 0.000021 ; 908.84 ; 0.1 ; 12
EL1 0.0000033 ; 0.0000045 ; 998.02 ; 0.1 ; 12
EL2 0.0000007 ; 0.0000009 ; 998.8 ; 0.1 ; 12
EL3 0.00000015 ; 0.00000021 ; 1002.19 ; 0.1 ; 12
EM  0.0000009 ; 0.0000013 ; 1014.31 ; 0.1 ; 12
EN  0.00000034 ; 0.00000047 ; 1017.7 ; 0.1 ; 12
GA  0.000081 ; 0.000017 ; 1609.44 ; 0.15 ; 4
EK  0.00000027 ; 0.00000006 ; 1499.63 ; 0.1 ; 4
EL1 0.000000041 ; 0.000000009 ; 1588.81 ; 0.1 ; 4
EL2 0.0000000082 ; 0.0000000017 ; 1589.59 ; 0.1 ; 4
EL3 0.00000000144 ; 0.0000000003 ; 1592.98 ; 0.1 ; 4
EM  0.0000000123 ; 0.0000000026 ; 1605.1 ; 0.1 ; 4
EN  0.000000004 ; 0.0000000009 ; 1608.49 ; 0.1 ; 4
GA  0.000046 ; 0.000008 ; 1800.9 ; 0.2 ; 2
GA  0.000208 ; 0.000014 ; 1929.78 ; 0.2 ; 1
EK  0.0000021 ; 0.0000017 ; 1820.05 ; 0.1 ; 1
EL1 0.00000037 ; 0.00000031 ; 1909.23 ; 0.1 ; 1
EL2 0.000000058 ; 0.000000046 ; 1910.01 ; 0.1 ; 1
EL3 0.0000000058 ; 0.0000000038 ; 1913.4 ; 0.1 ; 1
EM  0.0000001 ; 0.0000001 ; 1925.52 ; 0.1 ; 1
EN  0.000000035 ; 0.000000029 ; 1928.91 ; 0.1 ; 1
COM -------------- Level Separator - T1/2 in seconds -------------
LED 1964.98 ; 0.07 ; 1 ;  ;  ; 53
GA  0.000124 ; 0.000013 ; 1907.14 ; 0.11 ; 1
COM -------------- Level Separator - T1/2 in seconds -------------
LED 1958.72 ; 0.22 ; 8 ;  ;  ; 52
GA  0.000019 ; 0.000005 ; 1772.2 ; 0.3 ; 2
EK  0.00000025 ; 0.0000002 ; 1662.25 ; 0.22 ; 2
EL1 0.000000044 ; 0.000000038 ; 1751.43 ; 0.22 ; 2
EL2 0.000000008 ; 0.000000006 ; 1752.21 ; 0.22 ; 2
EL3 0.0000000008 ; 0.0000000006 ; 1755.6 ; 0.22 ; 2
EM  0.000000013 ; 0.000000012 ; 1767.72 ; 0.22 ; 2
EN  0.000000004 ; 0.0000000038 ; 1771.11 ; 0.22 ; 2
GA  0.000016 ; 0.000005 ; 1958.4 ; 0.3 ; 0
COM -------------- Level Separator - T1/2 in seconds -------------
LED 1944.895 ; 0.011 ; 51 ;  ;  ; 51
GA  0.000178 ; 0.000021 ; 356.7 ; 0.3 ; 31
EK  0.00011 ; 0.00011 ; 246.91 ; 0.018 ; 31
EL1 0.000025 ; 0.000025 ; 336.088 ; 0.018 ; 31
EL2 0.0000039 ; 0.0000038 ; 336.867 ; 0.018 ; 31
EL3 0.0000016 ; 0.0000016 ; 340.26 ; 0.018 ; 31
EM  0.000007 ; 0.000009 ; 352.384 ; 0.018 ; 31
EN  0.0000025 ; 0.0000025 ; 355.769 ; 0.018 ; 31
GA  0.00019 ; 0.00004 ; 718.3 ; 0.03 ; 23
EK  0.00000097 ; 0.00000021 ; 608.68 ; 0.013 ; 23
EL1 0.000000137 ; 0.000000029 ; 697.858 ; 0.013 ; 23
EL2 0.0000000187 ; 0.0000000039 ; 698.637 ; 0.013 ; 23
EL3 0.0000000101 ; 0.0000000021 ; 702.03 ; 0.013 ; 23
EM  0.000000039 ; 0.000000008 ; 714.154 ; 0.013 ; 23
EN  0.0000000128 ; 0.0000000027 ; 717.539 ; 0.013 ; 23
GA  0.0002 ; 0.00006 ; 776.51 ; 0.03 ; 20
GA  0.00014 ; 0.00004 ; 791.43 ; 0.09 ; 19
EK  0.000007 ; 0.000002 ; 681.778 ; 0.015 ; 19
EL1 0.00000114 ; 0.00000033 ; 770.956 ; 0.015 ; 19
EL2 0.000000132 ; 0.000000038 ; 771.735 ; 0.015 ; 19
EL3 0.0000000058 ; 0.0000000017 ; 775.128 ; 0.015 ; 19
EM  0.00000031 ; 0.00000009 ; 787.252 ; 0.015 ; 19
EN  0.000000101 ; 0.000000029 ; 790.637 ; 0.015 ; 19
GA  0.000124 ; 0.00002 ; 853.96 ; 0.08 ; 17
EK  0.0000031 ; 0.000002 ; 744.228 ; 0.014 ; 17
EL1 0.0000005 ; 0.00000038 ; 833.406 ; 0.014 ; 17
EL2 0.000000096 ; 0.000000016 ; 834.185 ; 0.014 ; 17
EL3 0.000000012 ; 0.000000009 ; 837.578 ; 0.014 ; 17
EM  0.00000015 ; 0.00000008 ; 849.702 ; 0.014 ; 17
EN  0.00000005 ; 0.000000026 ; 853.087 ; 0.014 ; 17
GA  0.00052 ; 0.00006 ; 975.98 ; 0.05 ; 12
EK  0.0000149 ; 0.0000017 ; 866.277 ; 0.012 ; 12
EL1 0.00000244 ; 0.00000028 ; 955.455 ; 0.012 ; 12
EL2 0.000000274 ; 0.000000032 ; 956.234 ; 0.012 ; 12
EL3 0.0000000124 ; 0.0000000014 ; 959.627 ; 0.012 ; 12
EM  0.00000065 ; 0.00000008 ; 971.751 ; 0.012 ; 12
EN  0.000000215 ; 0.000000025 ; 975.136 ; 0.012 ; 12
GA  0.000054 ; 0.000003 ; 1000.68 ; 0.1 ; 10
GA  0.00036 ; 0.00004 ; 1758.11 ; 0.05 ; 2
EK  0.00000103 ; 0.00000011 ; 1648.422 ; 0.012 ; 2
EL1 0.000000159 ; 0.000000018 ; 1737.6 ; 0.012 ; 2
EL2 0.0000000282 ; 0.0000000032 ; 1738.379 ; 0.012 ; 2
EL3 0.0000000048 ; 0.0000000005 ; 1741.772 ; 0.012 ; 2
EM  0.000000046 ; 0.000000005 ; 1753.896 ; 0.012 ; 2
EN  0.0000000152 ; 0.0000000017 ; 1757.281 ; 0.012 ; 2
GA  0.00094 ; 0.00007 ; 1887.13 ; 0.05 ; 1
EK  0.0000036 ; 0.0000013 ; 1777.486 ; 0.012 ; 1
EL1 0.00000056 ; 0.00000021 ; 1866.664 ; 0.012 ; 1
EL2 0.000000069 ; 0.000000011 ; 1867.443 ; 0.012 ; 1
EL3 0.0000000075 ; 0.0000000029 ; 1870.836 ; 0.012 ; 1
EM  0.00000015 ; 0.00000006 ; 1882.96 ; 0.012 ; 1
EN  0.000000051 ; 0.000000018 ; 1886.345 ; 0.012 ; 1
COM -------------- Level Separator - T1/2 in seconds -------------
LED 1937.16 ; 0.09 ; 4 ;  ;  ; 50
GA  0.00029 ; 0.00003 ; 397.95 ; 0.1 ; 30
GA  0.00011 ; 0.00004 ; 1062.57 ; 0.15 ; 8
GA  0.000084 ; 0.000009 ; 1750.58 ; 0.2 ; 2
GA  0.000013 ; 0.000005 ; 1879.6 ; 0.3 ; 1
COM -------------- Level Separator - T1/2 in seconds -------------
LED 1928.57 ; 0.06 ; 22 ;  ;  ; 49
GA  0.000025 ; 0.000007 ; 168.53 ; 0.12 ; 43
EK  0.000045 ; 0.000042 ; 58.7 ; 0.06 ; 43
EL1 0.000008 ; 0.000008 ; 147.88 ; 0.06 ; 43
EL2 0.000007 ; 0.000005 ; 148.66 ; 0.06 ; 43
EL3 0.0000032 ; 0.0000034 ; 152.05 ; 0.06 ; 43
EM  0.0000045 ; 0.0000015 ; 164.17 ; 0.06 ; 43
EN  0.00000151 ; 0.00000048 ; 167.56 ; 0.06 ; 43
GA  0.000108 ; 0.000017 ; 389.32 ; 0.13 ; 30
EK  0.000021 ; 0.000017 ; 279.71 ; 0.11 ; 30
EL1 0.0000033 ; 0.0000026 ; 368.89 ; 0.11 ; 30
EL2 0.00000108 ; 0.00000046 ; 369.67 ; 0.11 ; 30
EL3 0.00000028 ; 0.00000026 ; 373.06 ; 0.11 ; 30
EM  0.00000119 ; 0.00000047 ; 385.18 ; 0.11 ; 30
EN  0.00000039 ; 0.00000016 ; 388.57 ; 0.11 ; 30
GA  0.000084 ; 0.000025 ; 1742.1 ; 0.3 ; 2
GA  0.000257 ; 0.000024 ; 1870.82 ; 0.09 ; 1
EK  0.00000098 ; 0.00000037 ; 1761.16 ; 0.06 ; 1
EL1 0.00000016 ; 0.00000006 ; 1850.34 ; 0.06 ; 1
EL2 0.0000000193 ; 0.0000000034 ; 1851.12 ; 0.06 ; 1
EL3 0.0000000021 ; 0.0000000008 ; 1854.51 ; 0.06 ; 1
EM  0.000000044 ; 0.000000016 ; 1866.63 ; 0.06 ; 1
EN  0.000000014 ; 0.000000005 ; 1870.02 ; 0.06 ; 1
COM -------------- Level Separator - T1/2 in seconds -------------
LED 1906.64 ; 0.1 ; 8 ;  ;  ; 48
GA  0.000116 ; 0.000025 ; 490.33 ; 0.15 ; 26
EK  0.0000032 ; 0.0000007 ; 380.88 ; 0.12 ; 26
EL1 0.00000056 ; 0.00000012 ; 470.06 ; 0.12 ; 26
EL2 0.00000068 ; 0.00000015 ; 470.84 ; 0.12 ; 26
EL3 0.000000205 ; 0.000000044 ; 474.23 ; 0.12 ; 26
EM  0.00000037 ; 0.00000008 ; 486.35 ; 0.12 ; 26
EN  0.000000123 ; 0.000000027 ; 489.74 ; 0.12 ; 26
GA  0.00011 ; 0.00004 ; 1074.73 ; 0.15 ; 7
COM -------------- Level Separator - T1/2 in seconds -------------
LED 1899.95 ; 0.04 ; 29 ;  ;  ; 47
GA  0.00014 ; 0.00003 ; 877.38 ; 0.07 ; 15
EK  0.0000034 ; 0.0000022 ; 767.773 ; 0.04 ; 15
EL1 0.00000055 ; 0.00000036 ; 856.951 ; 0.04 ; 15
EL2 0.0000001 ; 0.000000021 ; 857.73 ; 0.04 ; 15
EL3 0.000000013 ; 0.00000001 ; 861.123 ; 0.04 ; 15
EM  0.00000015 ; 0.00000009 ; 873.247 ; 0.04 ; 15
EN  0.000000052 ; 0.000000029 ; 876.632 ; 0.04 ; 15
GA  0.00004 ; 0.00001 ; 930.99 ; 0.07 ; 12
GA  0.000057 ; 0.000011 ; 1713.49 ; 0.2 ; 2
EK  0.0000008 ; 0.0000006 ; 1603.477 ; 0.04 ; 2
EL1 0.00000014 ; 0.00000012 ; 1692.655 ; 0.04 ; 2
EL2 0.000000023 ; 0.000000023 ; 1693.434 ; 0.04 ; 2
EL3 0.0000000029 ; 0.0000000023 ; 1696.827 ; 0.04 ; 2
EM  0.00000004 ; 0.000000035 ; 1708.951 ; 0.04 ; 2
EN  0.000000014 ; 0.000000012 ; 1712.336 ; 0.04 ; 2
GA  0.00037 ; 0.00006 ; 1842.15 ; 0.08 ; 1
EK  0.00000155 ; 0.00000027 ; 1732.541 ; 0.04 ; 1
EL1 0.000000248 ; 0.000000044 ; 1821.719 ; 0.04 ; 1
EL2 0.0000000296 ; 0.0000000049 ; 1822.498 ; 0.04 ; 1
EL3 0.000000003 ; 0.0000000005 ; 1825.891 ; 0.04 ; 1
EM  0.000000067 ; 0.000000012 ; 1838.015 ; 0.04 ; 1
EN  0.0000000224 ; 0.0000000039 ; 1841.4 ; 0.04 ; 1
GA  0.00003 ; 0.000006 ; 1900.16 ; 0.2 ; 0
EK  0.00000018 ; 0.00000018 ; 1790.3 ; 0.04 ; 0
EL1 0.000000033 ; 0.000000031 ; 1879.478 ; 0.04 ; 0
EL2 0.0000000039 ; 0.0000000037 ; 1880.257 ; 0.04 ; 0
EL3 0.00000000027 ; 0.00000000016 ; 1883.65 ; 0.04 ; 0
EM  0.000000009 ; 0.000000009 ; 1895.774 ; 0.04 ; 0
EN  0.0000000029 ; 0.0000000026 ; 1899.159 ; 0.04 ; 0
COM -------------- Level Separator - T1/2 in seconds -------------
LED 1892.996 ; 0.017 ; 28 ;  ;  ; 46
GA  0.000068 ; 0.000007 ; 666.45 ; 0.05 ; 23
EK  0.000000401 ; 0.000000042 ; 556.781 ; 0.018 ; 23
EL1 0.000000056 ; 0.000000006 ; 645.959 ; 0.018 ; 23
EL2 0.0000000081 ; 0.0000000008 ; 646.738 ; 0.018 ; 23
EL3 0.00000000443 ; 0.00000000046 ; 650.131 ; 0.018 ; 23
EM  0.0000000163 ; 0.0000000017 ; 662.255 ; 0.018 ; 23
EN  0.0000000053 ; 0.0000000006 ; 665.64 ; 0.018 ; 23
GA  0.00046 ; 0.00005 ; 870.47 ; 0.07 ; 15
EK  0.0000178 ; 0.000002 ; 760.819 ; 0.018 ; 15
EL1 0.00000292 ; 0.00000032 ; 849.997 ; 0.018 ; 15
EL2 0.000000333 ; 0.000000037 ; 850.776 ; 0.018 ; 15
EL3 0.0000000147 ; 0.0000000016 ; 854.169 ; 0.018 ; 15
EM  0.00000078 ; 0.00000009 ; 866.293 ; 0.018 ; 15
EN  0.000000258 ; 0.000000028 ; 869.678 ; 0.018 ; 15
GA  0.000089 ; 0.000012 ; 1706.17 ; 0.07 ; 2
EK  0.00000054 ; 0.00000012 ; 1596.523 ; 0.017 ; 2
EL1 0.000000087 ; 0.000000018 ; 1685.701 ; 0.017 ; 2
EL2 0.0000000095 ; 0.0000000014 ; 1686.48 ; 0.017 ; 2
EL3 0.00000000067 ; 0.00000000022 ; 1689.873 ; 0.017 ; 2
EM  0.0000000231 ; 0.0000000047 ; 1701.997 ; 0.017 ; 2
EN  0.0000000077 ; 0.0000000016 ; 1705.382 ; 0.017 ; 2
GA  0.00038 ; 0.00004 ; 1835.29 ; 0.1 ; 1
EK  0.00000111 ; 0.00000012 ; 1725.587 ; 0.017 ; 1
EL1 0.000000173 ; 0.000000019 ; 1814.765 ; 0.017 ; 1
EL2 0.0000000269 ; 0.0000000029 ; 1815.544 ; 0.017 ; 1
EL3 0.0000000042 ; 0.00000000045 ; 1818.937 ; 0.017 ; 1
EM  0.000000049 ; 0.000000005 ; 1831.061 ; 0.017 ; 1
EN  0.0000000161 ; 0.0000000017 ; 1834.446 ; 0.017 ; 1
COM -------------- Level Separator - T1/2 in seconds -------------
LED 1797.65 ; 0.08 ; 22 ;  ;  ; 45
GA  0.00013 ; 0.00003 ; 1401.52 ; 0.1 ; 5
EK  0.0000017 ; 0.0000016 ; 1291.92 ; 0.08 ; 5
EL1 0.0000003 ; 0.00000028 ; 1381.1 ; 0.08 ; 5
EL2 0.000000039 ; 0.00000004 ; 1381.88 ; 0.08 ; 5
EL3 0.0000000031 ; 0.0000000021 ; 1385.27 ; 0.08 ; 5
EM  0.00000008 ; 0.00000008 ; 1397.39 ; 0.08 ; 5
EN  0.000000027 ; 0.000000027 ; 1400.78 ; 0.08 ; 5
GA  0.00021 ; 0.00005 ; 1469.74 ; 0.15 ; 3
EK  0.0000025 ; 0.0000024 ; 1360 ; 0.08 ; 3
EL1 0.00000042 ; 0.00000041 ; 1449.18 ; 0.08 ; 3
EL2 0.00000005 ; 0.00000005 ; 1449.96 ; 0.08 ; 3
EL3 0.0000000044 ; 0.0000000027 ; 1453.35 ; 0.08 ; 3
EM  0.00000013 ; 0.00000011 ; 1465.47 ; 0.08 ; 3
EN  0.00000004 ; 0.000000039 ; 1468.86 ; 0.08 ; 3
GA  0.00011 ; 0.00004 ; 1740.5 ; 0.3 ; 1
GA  0.000022 ; 0.000008 ; 1797.5 ; 0.5 ; 0
EK  0.00000015 ; 0.00000016 ; 1688 ; 0.08 ; 0
EL1 0.000000026 ; 0.000000026 ; 1777.18 ; 0.08 ; 0
EL2 0.0000000033 ; 0.0000000033 ; 1777.96 ; 0.08 ; 0
EL3 0.00000000024 ; 0.00000000016 ; 1781.35 ; 0.08 ; 0
EM  0.000000007 ; 0.000000007 ; 1793.47 ; 0.08 ; 0
EN  0.0000000024 ; 0.0000000024 ; 1796.86 ; 0.08 ; 0
COM -------------- Level Separator - T1/2 in seconds -------------
LED 1795.9 ; 0.1 ; 2 ;  ;  ; 44
GA  0.00015 ; 0.00003 ; 1276.72 ; 0.1 ; 6
GA  0.00018 ; 0.00004 ; 1738.46 ; 0.05 ; 1
COM -------------- Level Separator - T1/2 in seconds -------------
LED 1760.218 ; 0.024 ; 28 ;  ;  ; 43
GA  0.00039 ; 0.00005 ; 737.74 ; 0.05 ; 15
EK  0.000014 ; 0.00001 ; 628.041 ; 0.025 ; 15
EL1 0.0000023 ; 0.0000016 ; 717.219 ; 0.025 ; 15
EL2 0.00000048 ; 0.00000007 ; 717.998 ; 0.025 ; 15
EL3 0.00000007 ; 0.00000005 ; 721.391 ; 0.025 ; 15
EM  0.0000007 ; 0.00000036 ; 733.515 ; 0.025 ; 15
EN  0.00000023 ; 0.00000012 ; 736.9 ; 0.025 ; 15
GA  0.0001 ; 0.00003 ; 791.43 ; 0.09 ; 12
EK  0.0000031 ; 0.0000021 ; 681.6 ; 0.025 ; 12
EL1 0.0000005 ; 0.00000043 ; 770.778 ; 0.025 ; 12
EL2 0.000000098 ; 0.00000003 ; 771.557 ; 0.025 ; 12
EL3 0.000000014 ; 0.000000011 ; 774.95 ; 0.025 ; 12
EM  0.00000015 ; 0.00000008 ; 787.074 ; 0.025 ; 12
EN  0.000000049 ; 0.000000028 ; 790.459 ; 0.025 ; 12
GA  0.00034 ; 0.00004 ; 1573.389 ; 0.024 ; 2
EK  0.00000116 ; 0.00000014 ; 1463.745 ; 0.024 ; 2
EL1 0.000000181 ; 0.000000021 ; 1552.923 ; 0.024 ; 2
EL2 0.0000000371 ; 0.0000000044 ; 1553.702 ; 0.024 ; 2
EL3 0.0000000065 ; 0.0000000008 ; 1557.095 ; 0.024 ; 2
EM  0.000000054 ; 0.000000006 ; 1569.219 ; 0.024 ; 2
EN  0.0000000178 ; 0.0000000021 ; 1572.604 ; 0.024 ; 2
GA  0.00055 ; 0.00007 ; 1702.4 ; 0.08 ; 1
EK  0.000008 ; 0.000006 ; 1592.809 ; 0.024 ; 1
EL1 0.0000014 ; 0.0000012 ; 1681.987 ; 0.024 ; 1
EL2 0.00000022 ; 0.00000022 ; 1682.766 ; 0.024 ; 1
EL3 0.000000028 ; 0.000000022 ; 1686.159 ; 0.024 ; 1
EM  0.00000038 ; 0.00000033 ; 1698.283 ; 0.024 ; 1
EN  0.00000014 ; 0.00000011 ; 1701.668 ; 0.024 ; 1
COM -------------- Level Separator - T1/2 in seconds -------------
LED 1758.24 ; 0.12 ; 9 ;  ;  ; 42
GA  0.00035 ; 0.00006 ; 326.04 ; 0.2 ; 27
EK  0.0000216 ; 0.0000037 ; 216.61 ; 0.12 ; 27
EL1 0.0000039 ; 0.0000007 ; 305.79 ; 0.12 ; 27
EL2 0.0000101 ; 0.0000017 ; 306.57 ; 0.12 ; 27
EL3 0.0000039 ; 0.0000007 ; 309.96 ; 0.12 ; 27
EM  0.0000048 ; 0.0000008 ; 322.08 ; 0.12 ; 27
EN  0.00000158 ; 0.00000027 ; 325.47 ; 0.12 ; 27
GA  0.000059 ; 0.000017 ; 1571.55 ; 0.2 ; 2
GA  0.000105 ; 0.000025 ; 1700.62 ; 0.2 ; 1
COM -------------- Level Separator - T1/2 in seconds -------------
LED 1743.89 ; 0.03 ; 42 ;  ;  ; 41
GA  0.00031 ; 0.00004 ; 399.83 ; 0.14 ; 25
EK  0.000005 ; 0.0000006 ; 290.162 ; 0.032 ; 25
EL1 0.00000068 ; 0.00000009 ; 379.34 ; 0.032 ; 25
EL2 0.000000141 ; 0.000000018 ; 380.119 ; 0.032 ; 25
EL3 0.000000087 ; 0.000000011 ; 383.512 ; 0.032 ; 25
EM  0.000000216 ; 0.000000028 ; 395.636 ; 0.032 ; 25
EN  0.00000007 ; 0.000000009 ; 399.021 ; 0.032 ; 25
GA  0.00016 ; 0.00004 ; 1347.5 ; 0.15 ; 5
EK  0.0000024 ; 0.0000023 ; 1238.162 ; 0.03 ; 5
EL1 0.00000042 ; 0.0000004 ; 1327.34 ; 0.03 ; 5
EL2 0.00000005 ; 0.00000007 ; 1328.119 ; 0.03 ; 5
EL3 0.0000000045 ; 0.0000000031 ; 1331.512 ; 0.03 ; 5
EM  0.00000011 ; 0.00000012 ; 1343.636 ; 0.03 ; 5
EN  0.000000037 ; 0.000000036 ; 1347.021 ; 0.03 ; 5
GA  0.00014 ; 0.00003 ; 1365.71 ; 0.12 ; 4
EK  0.0000035 ; 0.000003 ; 1256.061 ; 0.032 ; 4
EL1 0.0000007 ; 0.0000006 ; 1345.239 ; 0.032 ; 4
EL2 0.00000011 ; 0.0000001 ; 1346.018 ; 0.032 ; 4
EL3 0.000000018 ; 0.000000015 ; 1349.411 ; 0.032 ; 4
EM  0.0000002 ; 0.00000017 ; 1361.535 ; 0.032 ; 4
EN  0.00000007 ; 0.00000007 ; 1364.92 ; 0.032 ; 4
GA  0.00022 ; 0.00005 ; 1415.55 ; 0.14 ; 3
EK  0.00000187 ; 0.00000043 ; 1306.237 ; 0.03 ; 3
EL1 0.00000033 ; 0.00000007 ; 1395.415 ; 0.03 ; 3
EL2 0.000000139 ; 0.000000032 ; 1396.194 ; 0.03 ; 3
EL3 0.0000000145 ; 0.0000000033 ; 1399.587 ; 0.03 ; 3
EM  0.000000119 ; 0.000000027 ; 1411.711 ; 0.03 ; 3
EN  0.000000039 ; 0.000000009 ; 1415.096 ; 0.03 ; 3
GA  0.00173 ; 0.00009 ; 1557.13 ; 0.07 ; 2
EK  0.0000095 ; 0.000001 ; 1447.417 ; 0.03 ; 2
EL1 0.00000152 ; 0.00000016 ; 1536.595 ; 0.03 ; 2
EL2 0.000000216 ; 0.000000013 ; 1537.374 ; 0.03 ; 2
EL3 0.0000000256 ; 0.0000000023 ; 1540.767 ; 0.03 ; 2
EM  0.000000424 ; 0.00000004 ; 1552.891 ; 0.03 ; 2
EN  0.000000139 ; 0.000000013 ; 1556.276 ; 0.03 ; 2
GA  0.00094 ; 0.00007 ; 1686.22 ; 0.11 ; 1
EK  0.00000285 ; 0.00000022 ; 1576.481 ; 0.03 ; 1
EL1 0.000000441 ; 0.000000033 ; 1665.659 ; 0.03 ; 1
EL2 0.000000083 ; 0.000000006 ; 1666.438 ; 0.03 ; 1
EL3 0.0000000144 ; 0.0000000011 ; 1669.831 ; 0.03 ; 1
EM  0.00000013 ; 0.00000001 ; 1681.955 ; 0.03 ; 1
EN  0.0000000426 ; 0.0000000032 ; 1685.34 ; 0.03 ; 1
COM -------------- Level Separator - T1/2 in seconds -------------
LED 1735.45 ; 0.025 ; 4 ;  ;  ; 40
GA  0.00022 ; 0.00004 ; 1217.03 ; 0.1 ; 6
GA  0.00021 ; 0.00005 ; 1357.81 ; 0.15 ; 4
GA  0.0004 ; 0.00005 ; 1548.65 ; 0.06 ; 2
GA  0.00057 ; 0.00006 ; 1677.66 ; 0.06 ; 1
COM -------------- Level Separator - T1/2 in seconds -------------
LED 1724.283 ; 0.006 ; 50 ;  ;  ; 39
GA  0.000062 ; 0.000019 ; 497.64 ; 0.1 ; 23
EK  0.000027 ; 0.000008 ; 388.068 ; 0.009 ; 23
EL1 0.0000056 ; 0.0000017 ; 477.246 ; 0.009 ; 23
EL2 0.00000088 ; 0.00000027 ; 478.025 ; 0.009 ; 23
EL3 0.00000022 ; 0.00000007 ; 481.418 ; 0.009 ; 23
EM  0.0000017 ; 0.0000005 ; 493.542 ; 0.009 ; 23
EN  0.00000055 ; 0.00000017 ; 496.927 ; 0.009 ; 23
GA  0.00024 ; 0.00004 ; 548.73 ; 0.11 ; 22
EK  0.000019 ; 0.000015 ; 439.24 ; 0.05 ; 22
EL1 0.0000031 ; 0.0000022 ; 528.42 ; 0.05 ; 22
EL2 0.00000077 ; 0.00000021 ; 529.2 ; 0.05 ; 22
EL3 0.00000014 ; 0.00000012 ; 532.59 ; 0.05 ; 22
EM  0.00000098 ; 0.00000046 ; 544.71 ; 0.05 ; 22
EN  0.00000032 ; 0.00000016 ; 548.1 ; 0.05 ; 22
GA  0.0019 ; 0.0005 ; 570.88 ; 0.04 ; 19
EK  0.00022 ; 0.00006 ; 461.166 ; 0.012 ; 19
EL1 0.000037 ; 0.00001 ; 550.344 ; 0.012 ; 19
EL2 0.0000044 ; 0.0000012 ; 551.123 ; 0.012 ; 19
EL3 0.00000019 ; 0.00000005 ; 554.516 ; 0.012 ; 19
EM  0.00001 ; 0.0000026 ; 566.64 ; 0.012 ; 19
EN  0.0000033 ; 0.0000009 ; 570.025 ; 0.012 ; 19
GA  0.00181 ; 0.00015 ; 701.742 ; 0.015 ; 15
EK  0.000124 ; 0.00001 ; 592.106 ; 0.008 ; 15
EL1 0.0000203 ; 0.0000017 ; 681.284 ; 0.008 ; 15
EL2 0.00000237 ; 0.0000002 ; 682.063 ; 0.008 ; 15
EL3 0.000000103 ; 0.000000009 ; 685.456 ; 0.008 ; 15
EM  0.00000547 ; 0.00000046 ; 697.58 ; 0.008 ; 15
EN  0.0000018 ; 0.00000015 ; 700.965 ; 0.008 ; 15
GA  0.0103 ; 0.0004 ; 755.313 ; 0.009 ; 12
EK  0.00058 ; 0.000024 ; 645.665 ; 0.008 ; 12
EL1 0.0000952 ; 0.0000039 ; 734.843 ; 0.008 ; 12
EL2 0.00001102 ; 0.00000046 ; 735.622 ; 0.008 ; 12
EL3 0.000000481 ; 0.00000002 ; 739.015 ; 0.008 ; 12
EM  0.0000255 ; 0.0000011 ; 751.139 ; 0.008 ; 12
EN  0.00000842 ; 0.00000035 ; 754.524 ; 0.008 ; 12
GA  0.00049 ; 0.00006 ; 1537.89 ; 0.1 ; 2
EK  0.000009 ; 0.000007 ; 1427.81 ; 0.007 ; 2
EL1 0.0000015 ; 0.0000015 ; 1516.988 ; 0.007 ; 2
EL2 0.00000029 ; 0.00000025 ; 1517.767 ; 0.007 ; 2
EL3 0.000000034 ; 0.00000003 ; 1521.16 ; 0.007 ; 2
EM  0.00000049 ; 0.0000004 ; 1533.284 ; 0.007 ; 2
EN  0.00000016 ; 0.00000014 ; 1536.669 ; 0.007 ; 2
GA  0.00173 ; 0.00009 ; 1666.514 ; 0.013 ; 1
EK  0.0000121 ; 0.0000007 ; 1556.874 ; 0.007 ; 1
EL1 0.00000198 ; 0.00000011 ; 1646.052 ; 0.007 ; 1
EL2 0.000000205 ; 0.000000011 ; 1646.831 ; 0.007 ; 1
EL3 0.0000000114 ; 0.0000000006 ; 1650.224 ; 0.007 ; 1
EM  0.000000524 ; 0.000000029 ; 1662.348 ; 0.007 ; 1
EN  0.000000173 ; 0.000000009 ; 1665.733 ; 0.007 ; 1
GA  0.0003 ; 0.00004 ; 1724.19 ; 0.05 ; 0
COM -------------- Level Separator - T1/2 in seconds -------------
LED 1688.394 ; 0.011 ; 22 ;  ;  ; 38
GA  0.00009 ; 0.00003 ; 42.46 ; 0.05 ; 35
EL1 0.0028 ; 0.0009 ; 21.968 ; 0.016 ; 35
EL2 0.00032 ; 0.00011 ; 22.747 ; 0.016 ; 35
EL3 0.000019 ; 0.000006 ; 26.14 ; 0.016 ; 35
EM  0.00076 ; 0.00025 ; 38.264 ; 0.016 ; 35
EN  0.00025 ; 0.00008 ; 41.649 ; 0.016 ; 35
GA  0.00027 ; 0.00008 ; 671.95 ; 0.08 ; 14
GA  0.000073 ; 0.000017 ; 813.88 ; 0.1 ; 8
EK  0.0000021 ; 0.0000014 ; 704.271 ; 0.021 ; 8
EL1 0.00000036 ; 0.00000023 ; 793.449 ; 0.021 ; 8
EL2 0.000000066 ; 0.000000016 ; 794.228 ; 0.021 ; 8
EL3 0.000000009 ; 0.000000007 ; 797.621 ; 0.021 ; 8
EM  0.0000001 ; 0.00000006 ; 809.745 ; 0.021 ; 8
EN  0.000000034 ; 0.000000019 ; 813.13 ; 0.021 ; 8
GA  0.00513 ; 0.00017 ; 1501.59 ; 0.05 ; 2
GA  0.0152 ; 0.0006 ; 1630.618 ; 0.02 ; 1
EK  0.000081 ; 0.000034 ; 1520.985 ; 0.012 ; 1
EL1 0.000014 ; 0.000006 ; 1610.163 ; 0.012 ; 1
EL2 0.0000017 ; 0.00000024 ; 1610.942 ; 0.012 ; 1
EL3 0.00000018 ; 0.00000008 ; 1614.335 ; 0.012 ; 1
EM  0.0000035 ; 0.0000014 ; 1626.459 ; 0.012 ; 1
EN  0.00000117 ; 0.00000046 ; 1629.844 ; 0.012 ; 1
COM -------------- Level Separator - T1/2 in seconds -------------
LED 1683.82 ; 0.05 ; 21 ;  ;  ; 37
GA  0.00016 ; 0.00003 ; 457.18 ; 0.15 ; 23
EK  0.000019 ; 0.000016 ; 347.6 ; 0.05 ; 23
EL1 0.0000034 ; 0.0000025 ; 436.78 ; 0.05 ; 23
EL2 0.00000096 ; 0.00000033 ; 437.56 ; 0.05 ; 23
EL3 0.00000021 ; 0.0000002 ; 440.95 ; 0.05 ; 23
EM  0.0000011 ; 0.0000005 ; 453.07 ; 0.05 ; 23
EN  0.00000036 ; 0.00000017 ; 456.46 ; 0.05 ; 23
GA  0.00067 ; 0.00007 ; 1164.55 ; 0.07 ; 6
EK  0.000008 ; 0.0000041 ; 1054.98 ; 0.05 ; 6
EL1 0.0000013 ; 0.0000007 ; 1144.16 ; 0.05 ; 6
EL2 0.000000202 ; 0.000000026 ; 1144.94 ; 0.05 ; 6
EL3 0.000000023 ; 0.000000014 ; 1148.33 ; 0.05 ; 6
EM  0.00000037 ; 0.00000017 ; 1160.45 ; 0.05 ; 6
EN  0.00000012 ; 0.00000006 ; 1163.84 ; 0.05 ; 6
GA  0.00109 ; 0.00025 ; 1287.77 ; 0.08 ; 5
EK  0.00001 ; 0.000006 ; 1178.09 ; 0.05 ; 5
EL1 0.0000016 ; 0.0000009 ; 1267.27 ; 0.05 ; 5
EL2 0.00000024 ; 0.00000006 ; 1268.05 ; 0.05 ; 5
EL3 0.000000027 ; 0.000000015 ; 1271.44 ; 0.05 ; 5
EM  0.00000046 ; 0.00000022 ; 1283.56 ; 0.05 ; 5
EN  0.00000015 ; 0.00000008 ; 1286.95 ; 0.05 ; 5
COM -------------- Level Separator - T1/2 in seconds -------------
LED 1682.81 ; 0.03 ; 21 ;  ;  ; 36
GA  0.000054 ; 0.000003 ; 660.1 ; 0.3 ; 15
EK  0.0000027 ; 0.0000022 ; 550.633 ; 0.031 ; 15
EL1 0.00000043 ; 0.00000032 ; 639.811 ; 0.031 ; 15
EL2 0.000000094 ; 0.000000012 ; 640.59 ; 0.031 ; 15
EL3 0.000000015 ; 0.000000012 ; 643.983 ; 0.031 ; 15
EM  0.00000013 ; 0.00000007 ; 656.107 ; 0.031 ; 15
EN  0.00000004 ; 0.000000021 ; 659.492 ; 0.031 ; 15
GA  0.0092 ; 0.0003 ; 1495.904 ; 0.016 ; 2
EK  0.0000344 ; 0.0000013 ; 1386.337 ; 0.03 ; 2
EL1 0.00000536 ; 0.00000019 ; 1475.515 ; 0.03 ; 2
EL2 0.000001171 ; 0.000000042 ; 1476.294 ; 0.03 ; 2
EL3 0.000000207 ; 0.000000008 ; 1479.687 ; 0.03 ; 2
EM  0.00000163 ; 0.00000006 ; 1491.811 ; 0.03 ; 2
EN  0.000000535 ; 0.000000019 ; 1495.196 ; 0.03 ; 2
GA  0.0027 ; 0.00023 ; 1625.09 ; 0.04 ; 1
EK  0.000043 ; 0.000035 ; 1515.401 ; 0.03 ; 1
EL1 0.000008 ; 0.000007 ; 1604.579 ; 0.03 ; 1
EL2 0.0000014 ; 0.0000011 ; 1605.358 ; 0.03 ; 1
EL3 0.00000016 ; 0.00000014 ; 1608.751 ; 0.03 ; 1
EM  0.0000022 ; 0.0000019 ; 1620.875 ; 0.03 ; 1
EN  0.0000007 ; 0.0000007 ; 1624.26 ; 0.03 ; 1
COM -------------- Level Separator - T1/2 in seconds -------------
LED 1645.954 ; 0.012 ; 72 ;  ;  ; 35
GA  0.000102 ; 0.000022 ; 114.56 ; 0.07 ; 29
EK  0.0005 ; 0.0005 ; 4.83 ; 0.013 ; 29
EL1 0.00009 ; 0.00008 ; 94.008 ; 0.013 ; 29
EL2 0.00014 ; 0.00013 ; 94.787 ; 0.013 ; 29
EL3 0.00009 ; 0.00009 ; 98.18 ; 0.013 ; 29
EM  0.000082 ; 0.000044 ; 110.304 ; 0.013 ; 29
EN  0.000028 ; 0.000014 ; 113.689 ; 0.013 ; 29
GA  0.00022 ; 0.00003 ; 419.38 ; 0.07 ; 23
EK  0.00000321 ; 0.00000044 ; 309.739 ; 0.014 ; 23
EL1 0.00000044 ; 0.00000006 ; 398.917 ; 0.014 ; 23
EL2 0.000000088 ; 0.000000012 ; 399.696 ; 0.014 ; 23
EL3 0.000000054 ; 0.000000007 ; 403.089 ; 0.014 ; 23
EM  0.000000138 ; 0.000000019 ; 415.213 ; 0.014 ; 23
EN  0.000000045 ; 0.000000006 ; 418.598 ; 0.014 ; 23
GA  0.00025 ; 0.00003 ; 492.29 ; 0.08 ; 19
EK  0.000025 ; 0.00002 ; 382.837 ; 0.016 ; 19
EL1 0.0000043 ; 0.0000033 ; 472.015 ; 0.016 ; 19
EL2 0.00000115 ; 0.00000033 ; 472.794 ; 0.016 ; 19
EL3 0.00000022 ; 0.0000002 ; 476.187 ; 0.016 ; 19
EM  0.0000014 ; 0.0000006 ; 488.311 ; 0.016 ; 19
EN  0.00000046 ; 0.00000022 ; 491.696 ; 0.016 ; 19
GA  0.00129 ; 0.0001 ; 523.129 ; 0.022 ; 18
EK  0.0000121 ; 0.000001 ; 413.353 ; 0.013 ; 18
EL1 0.00000166 ; 0.00000013 ; 502.531 ; 0.013 ; 18
EL2 0.000000286 ; 0.000000023 ; 503.31 ; 0.013 ; 18
EL3 0.000000166 ; 0.000000013 ; 506.703 ; 0.013 ; 18
EM  0.000000503 ; 0.00000004 ; 518.827 ; 0.013 ; 18
EN  0.000000165 ; 0.000000013 ; 522.212 ; 0.013 ; 18
GA  0.00048 ; 0.00006 ; 555.07 ; 0.16 ; 17
GA  0.00012 ; 0.00003 ; 623.48 ; 0.22 ; 15
EK  0.000007 ; 0.000005 ; 513.777 ; 0.013 ; 15
EL1 0.0000011 ; 0.0000009 ; 602.955 ; 0.013 ; 15
EL2 0.00000025 ; 0.00000007 ; 603.734 ; 0.013 ; 15
EL3 0.000000048 ; 0.000000038 ; 607.127 ; 0.013 ; 15
EM  0.00000034 ; 0.00000018 ; 619.251 ; 0.013 ; 15
EN  0.00000012 ; 0.00000007 ; 622.636 ; 0.013 ; 15
GA  0.00047 ; 0.00005 ; 629.41 ; 0.05 ; 14
EK  0.0000082 ; 0.0000009 ; 519.898 ; 0.024 ; 14
EL1 0.00000137 ; 0.00000015 ; 609.076 ; 0.024 ; 14
EL2 0.00000109 ; 0.00000012 ; 609.855 ; 0.024 ; 14
EL3 0.000000282 ; 0.00000003 ; 613.248 ; 0.024 ; 14
EM  0.0000007 ; 0.00000008 ; 625.372 ; 0.024 ; 14
EN  0.00000023 ; 0.000000025 ; 628.757 ; 0.024 ; 14
GA  0.00058 ; 0.00006 ; 666.45 ; 0.05 ; 13
EK  0.000029 ; 0.000023 ; 556.805 ; 0.018 ; 13
EL1 0.0000046 ; 0.0000035 ; 645.983 ; 0.018 ; 13
EL2 0.00000099 ; 0.00000015 ; 646.762 ; 0.018 ; 13
EL3 0.00000016 ; 0.00000012 ; 650.155 ; 0.018 ; 13
EM  0.0000014 ; 0.0000007 ; 662.279 ; 0.018 ; 13
EN  0.00000043 ; 0.00000022 ; 665.664 ; 0.018 ; 13
GA  0.00065 ; 0.00006 ; 677.08 ; 0.1 ; 12
EK  0.000032 ; 0.00002 ; 567.336 ; 0.013 ; 12
EL1 0.0000045 ; 0.0000033 ; 656.514 ; 0.013 ; 12
EL2 0.00000105 ; 0.00000015 ; 657.293 ; 0.013 ; 12
EL3 0.00000016 ; 0.00000012 ; 660.686 ; 0.013 ; 12
EM  0.0000015 ; 0.0000007 ; 672.81 ; 0.013 ; 12
EN  0.00000048 ; 0.00000024 ; 676.195 ; 0.013 ; 12
GA  0.00065 ; 0.00006 ; 1250.06 ; 0.05 ; 5
GA  0.0087 ; 0.0005 ; 1459.131 ; 0.022 ; 2
EK  0.000034 ; 0.000002 ; 1349.481 ; 0.013 ; 2
EL1 0.0000053 ; 0.00000031 ; 1438.659 ; 0.013 ; 2
EL2 0.0000012 ; 0.00000007 ; 1439.438 ; 0.013 ; 2
EL3 0.000000212 ; 0.000000013 ; 1442.831 ; 0.013 ; 2
EM  0.00000163 ; 0.0000001 ; 1454.955 ; 0.013 ; 2
EN  0.000000534 ; 0.000000032 ; 1458.34 ; 0.013 ; 2
GA  0.0306 ; 0.0012 ; 1588.2 ; 0.025 ; 1
EK  0.00017 ; 0.00007 ; 1478.545 ; 0.013 ; 1
EL1 0.000028 ; 0.000012 ; 1567.723 ; 0.013 ; 1
EL2 0.0000037 ; 0.00000048 ; 1568.502 ; 0.013 ; 1
EL3 0.0000004 ; 0.00000018 ; 1571.895 ; 0.013 ; 1
EM  0.0000077 ; 0.0000031 ; 1584.019 ; 0.013 ; 1
EN  0.0000026 ; 0.0000011 ; 1587.404 ; 0.013 ; 1
COM -------------- Level Separator - T1/2 in seconds -------------
LED 1643.125 ; 0.015 ; 43 ;  ;  ; 34
GA  0.00023 ; 0.00004 ; 474.79 ; 0.1 ; 20
EK  0.000025 ; 0.000021 ; 365.1 ; 0.016 ; 20
EL1 0.0000044 ; 0.0000033 ; 454.278 ; 0.016 ; 20
EL2 0.0000012 ; 0.00000038 ; 455.057 ; 0.016 ; 20
EL3 0.00000025 ; 0.00000023 ; 458.45 ; 0.016 ; 20
EM  0.0000014 ; 0.0000007 ; 470.574 ; 0.016 ; 20
EN  0.00000046 ; 0.00000022 ; 473.959 ; 0.016 ; 20
GA  0.0007 ; 0.00007 ; 520.16 ; 0.03 ; 18
EK  0.000063 ; 0.000049 ; 410.524 ; 0.016 ; 18
EL1 0.000011 ; 0.000008 ; 499.702 ; 0.016 ; 18
EL2 0.0000027 ; 0.0000007 ; 500.481 ; 0.016 ; 18
EL3 0.00000049 ; 0.00000049 ; 503.874 ; 0.016 ; 18
EM  0.0000033 ; 0.0000015 ; 515.998 ; 0.016 ; 18
EN  0.0000011 ; 0.0000005 ; 519.383 ; 0.016 ; 18
GA  0.00015 ; 0.00003 ; 626.8 ; 0.22 ; 14
GA  0.00105 ; 0.0001 ; 674.63 ; 0.04 ; 12
EK  0.000052 ; 0.000032 ; 564.507 ; 0.016 ; 12
EL1 0.000008 ; 0.000005 ; 653.685 ; 0.016 ; 12
EL2 0.00000171 ; 0.00000025 ; 654.464 ; 0.016 ; 12
EL3 0.00000027 ; 0.00000021 ; 657.857 ; 0.016 ; 12
EM  0.0000024 ; 0.0000012 ; 669.981 ; 0.016 ; 12
EN  0.00000078 ; 0.0000004 ; 673.366 ; 0.016 ; 12
GA  0.00038 ; 0.00006 ; 698.99 ; 0.1 ; 10
EK  0.0000055 ; 0.0000009 ; 589.279 ; 0.02 ; 10
EL1 0.00000091 ; 0.00000014 ; 678.457 ; 0.02 ; 10
EL2 0.0000006 ; 0.0000001 ; 679.236 ; 0.02 ; 10
EL3 0.000000147 ; 0.000000023 ; 682.629 ; 0.02 ; 10
EM  0.00000042 ; 0.00000007 ; 694.753 ; 0.02 ; 10
EN  0.000000138 ; 0.000000022 ; 698.138 ; 0.02 ; 10
GA  0.00524 ; 0.00024 ; 1247.1 ; 0.05 ; 5
EK  0.0000789 ; 0.0000038 ; 1137.397 ; 0.016 ; 5
EL1 0.0000129 ; 0.0000006 ; 1226.575 ; 0.016 ; 5
EL2 0.0000014 ; 0.00000007 ; 1227.354 ; 0.016 ; 5
EL3 0.0000000676 ; 0.0000000032 ; 1230.747 ; 0.016 ; 5
EM  0.00000343 ; 0.00000017 ; 1242.871 ; 0.016 ; 5
EN  0.00000113 ; 0.00000005 ; 1246.256 ; 0.016 ; 5
GA  0.00015 ; 0.00003 ; 1315.33 ; 0.1 ; 3
EK  0.0000013 ; 0.0000008 ; 1205.472 ; 0.016 ; 3
EL1 0.00000021 ; 0.00000011 ; 1294.65 ; 0.016 ; 3
EL2 0.000000031 ; 0.000000007 ; 1295.429 ; 0.016 ; 3
EL3 0.0000000034 ; 0.0000000019 ; 1298.822 ; 0.016 ; 3
EM  0.00000006 ; 0.000000028 ; 1310.946 ; 0.016 ; 3
EN  0.00000002 ; 0.00000001 ; 1314.331 ; 0.016 ; 3
COM -------------- Level Separator - T1/2 in seconds -------------
LED 1638.284 ; 0.009 ; 35 ;  ;  ; 33
GA  0.00014 ; 0.00003 ; 470.21 ; 0.2 ; 20
EK  0.00000162 ; 0.00000035 ; 360.259 ; 0.01 ; 20
EL1 0.000000222 ; 0.000000048 ; 449.437 ; 0.01 ; 20
EL2 0.000000041 ; 0.000000009 ; 450.216 ; 0.01 ; 20
EL3 0.000000025 ; 0.000000005 ; 453.609 ; 0.01 ; 20
EM  0.000000068 ; 0.000000015 ; 465.733 ; 0.01 ; 20
EN  0.0000000224 ; 0.0000000048 ; 469.118 ; 0.01 ; 20
GA  0.00051 ; 0.00006 ; 515.12 ; 0.07 ; 18
EK  0.0000049 ; 0.0000006 ; 405.683 ; 0.011 ; 18
EL1 0.00000068 ; 0.00000008 ; 494.861 ; 0.011 ; 18
EL2 0.000000118 ; 0.000000014 ; 495.64 ; 0.011 ; 18
EL3 0.000000069 ; 0.000000008 ; 499.033 ; 0.011 ; 18
EM  0.000000206 ; 0.000000024 ; 511.157 ; 0.011 ; 18
EN  0.000000067 ; 0.000000008 ; 514.542 ; 0.011 ; 18
GA  0.0002 ; 0.00007 ; 1309.76 ; 0.2 ; 3
EK  0.0000032 ; 0.0000032 ; 1200.631 ; 0.01 ; 3
EL1 0.0000006 ; 0.0000006 ; 1289.809 ; 0.01 ; 3
EL2 0.00000008 ; 0.00000008 ; 1290.588 ; 0.01 ; 3
EL3 0.0000000062 ; 0.0000000046 ; 1293.981 ; 0.01 ; 3
EM  0.00000016 ; 0.00000015 ; 1306.105 ; 0.01 ; 3
EN  0.00000005 ; 0.00000005 ; 1309.49 ; 0.01 ; 3
GA  0.0062 ; 0.0004 ; 1580.531 ; 0.025 ; 1
EK  0.000035 ; 0.000015 ; 1470.875 ; 0.01 ; 1
EL1 0.0000056 ; 0.0000025 ; 1560.053 ; 0.01 ; 1
EL2 0.00000076 ; 0.00000011 ; 1560.832 ; 0.01 ; 1
EL3 0.000000081 ; 0.000000038 ; 1564.225 ; 0.01 ; 1
EM  0.0000016 ; 0.0000006 ; 1576.349 ; 0.01 ; 1
EN  0.00000053 ; 0.00000023 ; 1579.734 ; 0.01 ; 1
GA  0.0046 ; 0.0003 ; 1638.272 ; 0.023 ; 0
EK  0.0000147 ; 0.000001 ; 1528.634 ; 0.009 ; 0
EL1 0.00000227 ; 0.00000015 ; 1617.812 ; 0.009 ; 0
EL2 0.000000444 ; 0.00000003 ; 1618.591 ; 0.009 ; 0
EL3 0.000000077 ; 0.000000005 ; 1621.984 ; 0.009 ; 0
EM  0.000000673 ; 0.000000045 ; 1634.108 ; 0.009 ; 0
EN  0.000000221 ; 0.000000015 ; 1637.493 ; 0.009 ; 0
COM -------------- Level Separator - T1/2 in seconds -------------
LED 1617.78 ; 0.07 ; 3 ;  ;  ; 32
GA  0.000086 ; 0.000009 ; 649.02 ; 0.12 ; 12
GA  0.00037 ; 0.00008 ; 1430.99 ; 0.1 ; 2
GA  0.00021 ; 0.00005 ; 1560.02 ; 0.07 ; 1
COM -------------- Level Separator - T1/2 in seconds -------------
LED 1588.335 ; 0.014 ; 13 ;  ;  ; 31
GA  0.0002 ; 0.00005 ; 56.88 ; 0.05 ; 29
EL1 0.036 ; 0.024 ; 36.389 ; 0.015 ; 29
EL2 0.003 ; 0.002 ; 37.168 ; 0.015 ; 29
EL3 0.014 ; 0.011 ; 40.561 ; 0.015 ; 29
EM  0.014 ; 0.011 ; 52.685 ; 0.015 ; 29
EN  0.005 ; 0.0032 ; 56.07 ; 0.015 ; 29
GA  0.00028 ; 0.00004 ; 137.936 ; 0.022 ; 28
EK  0.00168 ; 0.00024 ; 28.291 ; 0.017 ; 28
EL1 0.000285 ; 0.000041 ; 117.469 ; 0.017 ; 28
EL2 0.000034 ; 0.0000049 ; 118.248 ; 0.017 ; 28
EL3 0.00000176 ; 0.00000025 ; 121.641 ; 0.017 ; 28
EM  0.000077 ; 0.000011 ; 133.765 ; 0.017 ; 28
EN  0.0000255 ; 0.0000037 ; 137.15 ; 0.017 ; 28
COM -------------- Level Separator - T1/2 in seconds -------------
LED 1539.21 ; 0.09 ; 8 ;  ;  ; 30
GA  0.000138 ; 0.000023 ; 415.96 ; 0.14 ; 18
EK  0.00000205 ; 0.00000034 ; 306.61 ; 0.09 ; 18
EL1 0.000000277 ; 0.000000046 ; 395.79 ; 0.09 ; 18
EL2 0.000000056 ; 0.000000009 ; 396.57 ; 0.09 ; 18
EL3 0.000000035 ; 0.000000006 ; 399.96 ; 0.09 ; 18
EM  0.000000088 ; 0.000000015 ; 412.08 ; 0.09 ; 18
EN  0.0000000288 ; 0.0000000048 ; 415.47 ; 0.09 ; 18
GA  0.000108 ; 0.000022 ; 1142.87 ; 0.15 ; 5
COM -------------- Level Separator - T1/2 in seconds -------------
LED 1531.474 ; 0.006 ; 42 ;  ;  ; 29
GA  0.0126 ; 0.0004 ; 99.505 ; 0.012 ; 27
EL1 0.0325 ; 0.0011 ; 79.023 ; 0.008 ; 27
EL2 0.00384 ; 0.00014 ; 79.802 ; 0.008 ; 27
EL3 0.000207 ; 0.000007 ; 83.195 ; 0.008 ; 27
EM  0.00881 ; 0.00031 ; 95.319 ; 0.008 ; 27
EN  0.0029 ; 0.0001 ; 98.704 ; 0.008 ; 27
GA  0.00026 ; 0.00003 ; 377.99 ; 0.1 ; 19
EK  0.000052 ; 0.000042 ; 268.357 ; 0.012 ; 19
EL1 0.000008 ; 0.000008 ; 357.535 ; 0.012 ; 19
EL2 0.0000031 ; 0.0000013 ; 358.314 ; 0.012 ; 19
EL3 0.0000008 ; 0.0000008 ; 361.707 ; 0.012 ; 19
EM  0.0000031 ; 0.0000013 ; 373.831 ; 0.012 ; 19
EN  0.00000101 ; 0.00000038 ; 377.216 ; 0.012 ; 19
GA  0.00128 ; 0.0001 ; 440.45 ; 0.024 ; 17
EK  0.000303 ; 0.000024 ; 330.807 ; 0.01 ; 17
EL1 0.0000503 ; 0.000004 ; 419.985 ; 0.01 ; 17
EL2 0.00000604 ; 0.00000048 ; 420.764 ; 0.01 ; 17
EL3 0.000000266 ; 0.000000021 ; 424.157 ; 0.01 ; 17
EM  0.0000136 ; 0.0000011 ; 436.281 ; 0.01 ; 17
EN  0.00000448 ; 0.00000036 ; 439.666 ; 0.01 ; 17
GA  0.0051 ; 0.0004 ; 508.955 ; 0.013 ; 15
EK  0.000444 ; 0.000035 ; 399.297 ; 0.008 ; 15
EL1 0.000074 ; 0.000006 ; 488.475 ; 0.008 ; 15
EL2 0.0000215 ; 0.0000017 ; 489.254 ; 0.008 ; 15
EL3 0.0000045 ; 0.00000036 ; 492.647 ; 0.008 ; 15
EM  0.0000245 ; 0.000002 ; 504.771 ; 0.008 ; 15
EN  0.0000081 ; 0.0000006 ; 508.156 ; 0.008 ; 15
GA  0.0089 ; 0.0004 ; 562.496 ; 0.007 ; 12
EK  0.00062 ; 0.00045 ; 452.856 ; 0.008 ; 12
EL1 0.00011 ; 0.00008 ; 542.034 ; 0.008 ; 12
EL2 0.000027 ; 0.000005 ; 542.813 ; 0.008 ; 12
EL3 0.0000044 ; 0.0000045 ; 546.206 ; 0.008 ; 12
EM  0.000034 ; 0.000015 ; 558.33 ; 0.008 ; 12
EN  0.000011 ; 0.000005 ; 561.715 ; 0.008 ; 12
GA  0.000102 ; 0.000017 ; 1135.26 ; 0.15 ; 5
GA  0.000094 ; 0.00002 ; 1344.62 ; 0.15 ; 2
EK  0.00000075 ; 0.00000041 ; 1235.001 ; 0.007 ; 2
EL1 0.00000013 ; 0.00000007 ; 1324.179 ; 0.007 ; 2
EL2 0.0000000185 ; 0.0000000044 ; 1324.958 ; 0.007 ; 2
EL3 0.0000000021 ; 0.0000000011 ; 1328.351 ; 0.007 ; 2
EM  0.000000036 ; 0.000000017 ; 1340.475 ; 0.007 ; 2
EN  0.000000012 ; 0.000000006 ; 1343.86 ; 0.007 ; 2
COM -------------- Level Separator - T1/2 in seconds -------------
LED 1450.394 ; 0.01 ; 39 ;  ;  ; 28
GA  0.00019 ; 0.00004 ; 18.415 ; 0.012 ; 27
EL3 0.00073 ; 0.00015 ; 2.115 ; 0.012 ; 27
EM  0.00038 ; 0.00008 ; 14.239 ; 0.012 ; 27
EN  0.000118 ; 0.000025 ; 17.624 ; 0.012 ; 27
GA  0.00058 ; 0.00006 ; 223.793 ; 0.021 ; 23
EK  0.00086 ; 0.00009 ; 114.179 ; 0.012 ; 23
EL1 0.000144 ; 0.000015 ; 203.357 ; 0.012 ; 23
EL2 0.0000198 ; 0.0000024 ; 204.136 ; 0.012 ; 23
EL3 0.000002 ; 0.0000008 ; 207.529 ; 0.012 ; 23
EM  0.0000399 ; 0.0000042 ; 219.653 ; 0.012 ; 23
EN  0.0000132 ; 0.0000014 ; 223.038 ; 0.012 ; 23
GA  0.0009 ; 0.0003 ; 282.02 ; 0.04 ; 20
EK  0.00036 ; 0.00038 ; 172.369 ; 0.011 ; 20
EL1 0.00006 ; 0.00006 ; 261.547 ; 0.011 ; 20
EL2 0.000031 ; 0.000019 ; 262.326 ; 0.011 ; 20
EL3 0.00001 ; 0.00001 ; 265.719 ; 0.011 ; 20
EM  0.000027 ; 0.00001 ; 277.843 ; 0.011 ; 20
EN  0.000009 ; 0.0000036 ; 281.228 ; 0.011 ; 20
GA  0.000025 ; 0.000023 ; 930.99 ; 0.07 ; 6
EK  0.0000005 ; 0.0000006 ; 821.552 ; 0.012 ; 6
EL1 0.00000008 ; 0.00000009 ; 910.73 ; 0.012 ; 6
EL2 0.000000015 ; 0.000000014 ; 911.509 ; 0.012 ; 6
EL3 0.000000002 ; 0.0000000022 ; 914.902 ; 0.012 ; 6
EM  0.000000025 ; 0.000000026 ; 927.026 ; 0.012 ; 6
EN  0.000000008 ; 0.000000008 ; 930.411 ; 0.012 ; 6
GA  0.00019 ; 0.00006 ; 1054.13 ; 0.2 ; 5
EK  0.0000028 ; 0.0000019 ; 944.666 ; 0.011 ; 5
EL1 0.00000047 ; 0.00000031 ; 1033.844 ; 0.011 ; 5
EL2 0.000000077 ; 0.000000025 ; 1034.623 ; 0.011 ; 5
EL3 0.000000009 ; 0.000000006 ; 1038.016 ; 0.011 ; 5
EM  0.00000013 ; 0.00000009 ; 1050.14 ; 0.011 ; 5
EN  0.000000044 ; 0.000000025 ; 1053.525 ; 0.011 ; 5
GA  0.000111 ; 0.000022 ; 1451.43 ; 0.15 ; 0
EK  0.00000078 ; 0.00000037 ; 1340.744 ; 0.01 ; 0
EL1 0.00000012 ; 0.00000007 ; 1429.922 ; 0.01 ; 0
EL2 0.0000000174 ; 0.000000004 ; 1430.701 ; 0.01 ; 0
EL3 0.0000000019 ; 0.000000001 ; 1434.094 ; 0.01 ; 0
EM  0.000000034 ; 0.000000016 ; 1446.218 ; 0.01 ; 0
EN  0.000000011 ; 0.000000006 ; 1449.603 ; 0.01 ; 0
COM -------------- Level Separator - T1/2 in seconds -------------
LED 1431.979 ; 0.006 ; 70 ;  ;  ; 27
GA  0.000286 ; 0.000019 ; 257.482 ; 0.021 ; 21
EK  0.000294 ; 0.00002 ; 147.821 ; 0.019 ; 21
EL1 0.0000493 ; 0.0000034 ; 236.999 ; 0.019 ; 21
EL2 0.00000598 ; 0.00000041 ; 237.778 ; 0.019 ; 21
EL3 0.000000281 ; 0.000000019 ; 241.171 ; 0.019 ; 21
EM  0.0000133 ; 0.0000009 ; 253.295 ; 0.019 ; 21
EN  0.0000044 ; 0.0000003 ; 256.68 ; 0.019 ; 21
GA  0.00043 ; 0.00003 ; 263.58 ; 0.1 ; 20
EK  0.0000171 ; 0.0000012 ; 153.954 ; 0.008 ; 20
EL1 0.00000222 ; 0.00000016 ; 243.132 ; 0.008 ; 20
EL2 0.000000619 ; 0.000000044 ; 243.911 ; 0.008 ; 20
EL3 0.000000429 ; 0.000000031 ; 247.304 ; 0.008 ; 20
EM  0.00000078 ; 0.00000006 ; 259.428 ; 0.008 ; 20
EN  0.000000255 ; 0.000000018 ; 262.813 ; 0.008 ; 20
GA  0.00031 ; 0.00005 ; 278.8 ; 0.15 ; 19
EK  0.0000261 ; 0.0000042 ; 168.862 ; 0.012 ; 19
EL1 0.0000049 ; 0.0000008 ; 258.04 ; 0.012 ; 19
EL2 0.0000169 ; 0.0000027 ; 258.819 ; 0.012 ; 19
EL3 0.0000072 ; 0.0000012 ; 262.212 ; 0.012 ; 19
EM  0.0000078 ; 0.0000013 ; 274.336 ; 0.012 ; 19
EN  0.00000257 ; 0.00000042 ; 277.721 ; 0.012 ; 19
GA  0.00405 ; 0.0002 ; 340.969 ; 0.021 ; 17
EK  0.00029 ; 0.00008 ; 231.312 ; 0.01 ; 17
EL1 0.000053 ; 0.000012 ; 320.49 ; 0.01 ; 17
EL2 0.000096 ; 0.000006 ; 321.269 ; 0.01 ; 17
EL3 0.0000356 ; 0.0000024 ; 324.662 ; 0.01 ; 17
EM  0.0000482 ; 0.0000031 ; 336.786 ; 0.01 ; 17
EN  0.0000159 ; 0.000001 ; 340.171 ; 0.01 ; 17
GA  0.0202 ; 0.0006 ; 409.46 ; 0.013 ; 15
EK  0.0032 ; 0.0026 ; 299.802 ; 0.008 ; 15
EL1 0.00055 ; 0.00042 ; 388.98 ; 0.008 ; 15
EL2 0.00018 ; 0.00006 ; 389.759 ; 0.008 ; 15
EL3 0.000042 ; 0.000038 ; 393.152 ; 0.008 ; 15
EM  0.00018 ; 0.00008 ; 405.276 ; 0.008 ; 15
EN  0.000062 ; 0.000025 ; 408.661 ; 0.008 ; 15
GA  0.000199 ; 0.000019 ; 452.5 ; 0.06 ; 13
EK  0.0000065 ; 0.0000006 ; 342.83 ; 0.015 ; 13
EL1 0.00000112 ; 0.00000011 ; 432.008 ; 0.015 ; 13
EL2 0.00000158 ; 0.00000015 ; 432.787 ; 0.015 ; 13
EL3 0.000000501 ; 0.000000049 ; 436.18 ; 0.015 ; 13
EM  0.00000084 ; 0.00000008 ; 448.304 ; 0.015 ; 13
EN  0.000000276 ; 0.000000027 ; 451.689 ; 0.015 ; 13
GA  0.0445 ; 0.0024 ; 463.002 ; 0.006 ; 12
EK  0.00139 ; 0.00008 ; 353.361 ; 0.008 ; 12
EL1 0.00024 ; 0.000013 ; 442.539 ; 0.008 ; 12
EL2 0.000324 ; 0.000018 ; 443.318 ; 0.008 ; 12
EL3 0.000101 ; 0.000006 ; 446.711 ; 0.008 ; 12
EM  0.000174 ; 0.00001 ; 458.835 ; 0.008 ; 12
EN  0.000057 ; 0.0000032 ; 462.22 ; 0.008 ; 12
GA  0.000102 ; 0.000011 ; 1103.43 ; 0.1 ; 3
EK  0.0000014 ; 0.00000015 ; 994.326 ; 0.007 ; 3
EL1 0.000000257 ; 0.000000028 ; 1083.504 ; 0.007 ; 3
EL2 0.000000161 ; 0.000000018 ; 1084.283 ; 0.007 ; 3
EL3 0.000000019 ; 0.0000000021 ; 1087.676 ; 0.007 ; 3
EM  0.000000111 ; 0.000000012 ; 1099.8 ; 0.007 ; 3
EN  0.0000000367 ; 0.000000004 ; 1103.185 ; 0.007 ; 3
GA  0.0011 ; 0.00008 ; 1245.15 ; 0.06 ; 2
EK  0.000011 ; 0.000006 ; 1135.506 ; 0.007 ; 2
EL1 0.0000018 ; 0.000001 ; 1224.684 ; 0.007 ; 2
EL2 0.000000272 ; 0.000000031 ; 1225.463 ; 0.007 ; 2
EL3 0.000000031 ; 0.000000017 ; 1228.856 ; 0.007 ; 2
EM  0.00000051 ; 0.00000022 ; 1240.98 ; 0.007 ; 2
EN  0.00000016 ; 0.00000008 ; 1244.365 ; 0.007 ; 2
GA  0.000196 ; 0.000014 ; 1374.24 ; 0.07 ; 1
EK  0.0000047 ; 0.0000039 ; 1264.57 ; 0.007 ; 1
EL1 0.000001 ; 0.0000008 ; 1353.748 ; 0.007 ; 1
EL2 0.00000016 ; 0.00000014 ; 1354.527 ; 0.007 ; 1
EL3 0.000000025 ; 0.00000002 ; 1357.92 ; 0.007 ; 1
EM  0.00000027 ; 0.00000024 ; 1370.044 ; 0.007 ; 1
EN  0.0000001 ; 0.00000007 ; 1373.429 ; 0.007 ; 1
COM -------------- Level Separator - T1/2 in seconds -------------
LED 1416.11 ; 0.06 ; 10 ;  ;  ; 26
GA  0.00034 ; 0.00004 ; 471.77 ; 0.15 ; 10
EK  0.0000102 ; 0.0000012 ; 362.26 ; 0.06 ; 10
EL1 0.00000176 ; 0.00000021 ; 451.44 ; 0.06 ; 10
EL2 0.00000231 ; 0.00000027 ; 452.22 ; 0.06 ; 10
EL3 0.00000071 ; 0.00000008 ; 455.61 ; 0.06 ; 10
EM  0.00000125 ; 0.00000015 ; 467.73 ; 0.06 ; 10
EN  0.000000409 ; 0.000000049 ; 471.12 ; 0.06 ; 10
GA  0.00022 ; 0.00005 ; 1019.88 ; 0.1 ; 5
GA  0.000062 ; 0.000014 ; 1088.2 ; 0.15 ; 3
GA  0.000078 ; 0.000025 ; 1229.42 ; 0.15 ; 2
COM -------------- Level Separator - T1/2 in seconds -------------
LED 1344.078 ; 0.011 ; 29 ;  ;  ; 25
GA  0.000111 ; 0.000027 ; 168.53 ; 0.12 ; 22
EK  0.0002 ; 0.00018 ; 59.04 ; 0.05 ; 22
EL1 0.000033 ; 0.000034 ; 148.22 ; 0.05 ; 22
EL2 0.000029 ; 0.000023 ; 149 ; 0.05 ; 22
EL3 0.000014 ; 0.000015 ; 152.39 ; 0.05 ; 22
EM  0.00002 ; 0.000006 ; 164.51 ; 0.05 ; 22
EN  0.0000067 ; 0.0000019 ; 167.9 ; 0.05 ; 22
GA  0.00053 ; 0.00006 ; 824.931 ; 0.025 ; 6
EK  0.0000057 ; 0.0000006 ; 715.236 ; 0.013 ; 6
EL1 0.00000092 ; 0.00000011 ; 804.414 ; 0.013 ; 6
EL2 0.00000047 ; 0.00000005 ; 805.193 ; 0.013 ; 6
EL3 0.000000105 ; 0.000000012 ; 808.586 ; 0.013 ; 6
EM  0.000000374 ; 0.000000043 ; 820.71 ; 0.013 ; 6
EN  0.000000123 ; 0.000000014 ; 824.095 ; 0.013 ; 6
GA  0.00111 ; 0.0001 ; 947.976 ; 0.024 ; 5
EK  0.000022 ; 0.000013 ; 838.35 ; 0.012 ; 5
EL1 0.0000036 ; 0.0000021 ; 927.528 ; 0.012 ; 5
EL2 0.00000062 ; 0.00000006 ; 928.307 ; 0.012 ; 5
EL3 0.00000008 ; 0.00000006 ; 931.7 ; 0.012 ; 5
EM  0.000001 ; 0.0000006 ; 943.824 ; 0.012 ; 5
EN  0.00000034 ; 0.00000017 ; 947.209 ; 0.012 ; 5
GA  0.000073 ; 0.000014 ; 1157.16 ; 0.15 ; 2
EK  0.0000016 ; 0.0000015 ; 1047.605 ; 0.012 ; 2
EL1 0.00000029 ; 0.0000003 ; 1136.783 ; 0.012 ; 2
EL2 0.000000036 ; 0.000000037 ; 1137.562 ; 0.012 ; 2
EL3 0.0000000036 ; 0.000000003 ; 1140.955 ; 0.012 ; 2
EM  0.00000008 ; 0.00000007 ; 1153.079 ; 0.012 ; 2
EN  0.000000027 ; 0.000000028 ; 1156.464 ; 0.012 ; 2
GA  0.00052 ; 0.00011 ; 1286.29 ; 0.2 ; 1
COM -------------- Level Separator - T1/2 in seconds -------------
LED 1297.423 ; 0.01 ; 21 ;  ;  ; 24
GA  0.00114 ; 0.00008 ; 204.029 ; 0.011 ; 15
EK  0.0083 ; 0.0006 ; 94.388 ; 0.009 ; 15
EL1 0.00225 ; 0.00016 ; 183.566 ; 0.009 ; 15
EL2 0.000327 ; 0.000023 ; 184.345 ; 0.009 ; 15
EL3 0.000288 ; 0.000021 ; 187.738 ; 0.009 ; 15
EM  0.00074 ; 0.00005 ; 199.862 ; 0.009 ; 15
EN  0.000249 ; 0.000018 ; 203.247 ; 0.009 ; 15
GA  0.00017 ; 0.00004 ; 901.38 ; 0.03 ; 5
EK  0.00000156 ; 0.00000037 ; 791.695 ; 0.011 ; 5
EL1 0.00000025 ; 0.00000006 ; 880.873 ; 0.011 ; 5
EL2 0.000000112 ; 0.000000026 ; 881.652 ; 0.011 ; 5
EL3 0.000000024 ; 0.000000006 ; 885.045 ; 0.011 ; 5
EM  0.000000096 ; 0.000000023 ; 897.169 ; 0.011 ; 5
EN  0.000000032 ; 0.000000007 ; 900.554 ; 0.011 ; 5
GA  0.000272 ; 0.000021 ; 1110.604 ; 0.009 ; 2
EK  0.00000064 ; 0.00000005 ; 1000.95 ; 0.011 ; 2
EL1 0.000000092 ; 0.000000007 ; 1090.128 ; 0.011 ; 2
EL2 0.0000000092 ; 0.0000000007 ; 1090.907 ; 0.011 ; 2
EL3 0.00000000467 ; 0.00000000037 ; 1094.3 ; 0.011 ; 2
EM  0.0000000249 ; 0.000000002 ; 1106.424 ; 0.011 ; 2
EN  0.0000000082 ; 0.0000000006 ; 1109.809 ; 0.011 ; 2
COM -------------- Level Separator - T1/2 in seconds -------------
LED 1226.565 ; 0.007 ; 22 ;  ;  ; 23
GA  0.00024 ; 0.00006 ; 135.507 ; 0.022 ; 17
EK  0.000044 ; 0.000011 ; 25.898 ; 0.011 ; 17
EL1 0.0000053 ; 0.0000013 ; 115.076 ; 0.011 ; 17
EL2 0.0000023 ; 0.0000006 ; 115.855 ; 0.011 ; 17
EL3 0.00000195 ; 0.00000049 ; 119.248 ; 0.011 ; 17
EM  0.0000023 ; 0.0000006 ; 131.372 ; 0.011 ; 17
EN  0.00000076 ; 0.00000019 ; 134.757 ; 0.011 ; 17
GA  0.00162 ; 0.00018 ; 707.42 ; 0.05 ; 6
EK  0.000023 ; 0.0000026 ; 597.723 ; 0.009 ; 6
EL1 0.00000377 ; 0.00000042 ; 686.901 ; 0.009 ; 6
EL2 0.00000247 ; 0.00000028 ; 687.68 ; 0.009 ; 6
EL3 0.0000006 ; 0.00000007 ; 691.073 ; 0.009 ; 6
EM  0.00000173 ; 0.00000019 ; 703.197 ; 0.009 ; 6
EN  0.00000057 ; 0.00000006 ; 706.582 ; 0.009 ; 6
GA  0.0061 ; 0.0006 ; 830.481 ; 0.008 ; 5
EK  0.000068 ; 0.000007 ; 720.837 ; 0.009 ; 5
EL1 0.000011 ; 0.0000011 ; 810.015 ; 0.009 ; 5
EL2 0.0000053 ; 0.0000005 ; 810.794 ; 0.009 ; 5
EL3 0.00000117 ; 0.00000012 ; 814.187 ; 0.009 ; 5
EM  0.00000436 ; 0.00000044 ; 826.311 ; 0.009 ; 5
EN  0.00000144 ; 0.00000014 ; 829.696 ; 0.009 ; 5
GA  0.00056 ; 0.00018 ; 1039.83 ; 0.07 ; 2
COM -------------- Level Separator - T1/2 in seconds -------------
LED 1175.39 ; 0.05 ; 22 ;  ;  ; 22
GA  0.00026 ; 0.00004 ; 231.42 ; 0.1 ; 10
EK  0.0000315 ; 0.0000049 ; 121.54 ; 0.05 ; 10
EL1 0.0000063 ; 0.000001 ; 210.72 ; 0.05 ; 10
EL2 0.0000308 ; 0.0000048 ; 211.5 ; 0.05 ; 10
EL3 0.0000146 ; 0.0000022 ; 214.89 ; 0.05 ; 10
EM  0.000014 ; 0.0000022 ; 227.01 ; 0.05 ; 10
EN  0.0000046 ; 0.0000007 ; 230.4 ; 0.05 ; 10
GA  0.00081 ; 0.00014 ; 988.65 ; 0.2 ; 2
EK  0.0000063 ; 0.0000011 ; 878.92 ; 0.05 ; 2
EL1 0.00000101 ; 0.00000017 ; 968.1 ; 0.05 ; 2
EL2 0.00000039 ; 0.00000007 ; 968.88 ; 0.05 ; 2
EL3 0.00000008 ; 0.000000014 ; 972.27 ; 0.05 ; 2
EM  0.00000036 ; 0.00000006 ; 984.39 ; 0.05 ; 2
EN  0.00000012 ; 0.000000021 ; 987.78 ; 0.05 ; 2
GA  0.00061 ; 0.00007 ; 1117.65 ; 0.1 ; 1
GA  0.00025 ; 0.00004 ; 1175.33 ; 0.1 ; 0
EK  0.0000053 ; 0.0000048 ; 1065.74 ; 0.05 ; 0
EL1 0.000001 ; 0.000001 ; 1154.92 ; 0.05 ; 0
EL2 0.00000012 ; 0.00000013 ; 1155.7 ; 0.05 ; 0
EL3 0.000000013 ; 0.00000001 ; 1159.09 ; 0.05 ; 0
EM  0.00000025 ; 0.00000025 ; 1171.21 ; 0.05 ; 0
EN  0.00000009 ; 0.00000009 ; 1174.6 ; 0.05 ; 0
COM -------------- Level Separator - T1/2 in seconds -------------
LED 1174.508 ; 0.018 ; 7 ;  ;  ; 21
GA  0.0014 ; 0.0006 ; 987.87 ; 0.1 ; 2
EK  0.000025 ; 0.000018 ; 878.035 ; 0.018 ; 2
EL1 0.0000041 ; 0.0000029 ; 967.213 ; 0.018 ; 2
EL2 0.00000069 ; 0.0000003 ; 967.992 ; 0.018 ; 2
EL3 0.00000008 ; 0.00000007 ; 971.385 ; 0.018 ; 2
EM  0.0000011 ; 0.0000007 ; 983.509 ; 0.018 ; 2
EN  0.00000038 ; 0.00000025 ; 986.894 ; 0.018 ; 2
COM -------------- Level Separator - T1/2 in seconds -------------
LED 1168.375 ; 0.005 ; 48 ;  ;  ; 20
GA  0.00027 ; 0.00006 ; 77.34 ; 0.03 ; 17
EL1 0.0000204 ; 0.0000045 ; 56.886 ; 0.009 ; 17
EL2 0.0000136 ; 0.000003 ; 57.665 ; 0.009 ; 17
EL3 0.0000132 ; 0.0000029 ; 61.058 ; 0.009 ; 17
EM  0.0000115 ; 0.0000026 ; 73.182 ; 0.009 ; 17
EN  0.0000037 ; 0.0000008 ; 76.567 ; 0.009 ; 17
GA  0.00169 ; 0.00006 ; 145.842 ; 0.02 ; 15
EK  0.000264 ; 0.00001 ; 36.198 ; 0.008 ; 15
EL1 0.0000319 ; 0.0000012 ; 125.376 ; 0.008 ; 15
EL2 0.0000134 ; 0.0000005 ; 126.155 ; 0.008 ; 15
EL3 0.00001087 ; 0.00000041 ; 129.548 ; 0.008 ; 15
EM  0.0000136 ; 0.0000005 ; 141.672 ; 0.008 ; 15
EN  0.0000044 ; 0.00000017 ; 145.057 ; 0.008 ; 15
GA  0.00299 ; 0.00023 ; 199.402 ; 0.015 ; 12
EK  0.000225 ; 0.000018 ; 89.757 ; 0.007 ; 12
EL1 0.0000283 ; 0.0000022 ; 178.935 ; 0.007 ; 12
EL2 0.0000095 ; 0.0000007 ; 179.714 ; 0.007 ; 12
EL3 0.0000071 ; 0.0000006 ; 183.107 ; 0.007 ; 12
EM  0.0000108 ; 0.0000008 ; 195.231 ; 0.007 ; 12
EN  0.00000352 ; 0.00000028 ; 198.616 ; 0.007 ; 12
GA  0.000332 ; 0.000036 ; 649.02 ; 0.12 ; 6
EK  0.0000055 ; 0.0000006 ; 539.533 ; 0.008 ; 6
EL1 0.00000091 ; 0.0000001 ; 628.711 ; 0.008 ; 6
EL2 0.00000069 ; 0.00000008 ; 629.49 ; 0.008 ; 6
EL3 0.000000176 ; 0.000000019 ; 632.883 ; 0.008 ; 6
EM  0.000000452 ; 0.000000049 ; 645.007 ; 0.008 ; 6
EN  0.000000149 ; 0.000000016 ; 648.392 ; 0.008 ; 6
GA  0.0152 ; 0.0006 ; 772.291 ; 0.007 ; 5
EK  0.000283 ; 0.00002 ; 662.647 ; 0.007 ; 5
EL1 0.0000462 ; 0.0000033 ; 751.825 ; 0.007 ; 5
EL2 0.0000167 ; 0.0000007 ; 752.604 ; 0.007 ; 5
EL3 0.0000034 ; 0.00000017 ; 755.997 ; 0.007 ; 5
EM  0.0000164 ; 0.000001 ; 768.121 ; 0.007 ; 5
EN  0.0000054 ; 0.0000003 ; 771.506 ; 0.007 ; 5
GA  0.0097 ; 0.0004 ; 840.372 ; 0.009 ; 3
EK  0.0001008 ; 0.0000044 ; 730.722 ; 0.006 ; 3
EL1 0.0000163 ; 0.0000007 ; 819.9 ; 0.006 ; 3
EL2 0.00000809 ; 0.00000035 ; 820.679 ; 0.006 ; 3
EL3 0.00000178 ; 0.00000008 ; 824.072 ; 0.006 ; 3
EM  0.00000653 ; 0.00000029 ; 836.196 ; 0.006 ; 3
EN  0.00000215 ; 0.0000001 ; 839.581 ; 0.006 ; 3
GA  0.00284 ; 0.00022 ; 1110.604 ; 0.009 ; 1
EK  0.0000067 ; 0.0000005 ; 1000.966 ; 0.006 ; 1
EL1 0.00000096 ; 0.00000008 ; 1090.144 ; 0.006 ; 1
EL2 0.000000096 ; 0.000000008 ; 1090.923 ; 0.006 ; 1
EL3 0.0000000488 ; 0.0000000038 ; 1094.316 ; 0.006 ; 1
EM  0.00000026 ; 0.00000002 ; 1106.44 ; 0.006 ; 1
EN  0.000000085 ; 0.000000007 ; 1109.825 ; 0.006 ; 1
COM -------------- Level Separator - T1/2 in seconds -------------
LED 1153.467 ; 0.01 ; 44 ; 2.9E-10 ; 2.E-11 ; 19
GA  0.00036 ; 0.00005 ; 173.96 ; 0.03 ; 13
EK  0.0006 ; 0.0005 ; 64.318 ; 0.017 ; 13
EL1 0.0001 ; 0.00009 ; 153.496 ; 0.017 ; 13
EL2 0.00008 ; 0.00006 ; 154.275 ; 0.017 ; 13
EL3 0.00004 ; 0.00004 ; 157.668 ; 0.017 ; 13
EM  0.000058 ; 0.000011 ; 169.792 ; 0.017 ; 13
EN  0.000019 ; 0.0000037 ; 173.177 ; 0.017 ; 13
GA  0.00054 ; 0.00019 ; 184.547 ; 0.019 ; 12
EK  0.043 ; 0.022 ; 74.849 ; 0.011 ; 12
GA  0.00031 ; 0.00005 ; 214.89 ; 0.1 ; 9
EK  0.000043 ; 0.000007 ; 105.24 ; 0.07 ; 9
EL1 0.0000089 ; 0.0000014 ; 194.42 ; 0.07 ; 9
EL2 0.000051 ; 0.000008 ; 195.2 ; 0.07 ; 9
EL3 0.0000251 ; 0.0000041 ; 198.59 ; 0.07 ; 9
EM  0.0000231 ; 0.0000037 ; 210.71 ; 0.07 ; 9
EN  0.0000076 ; 0.0000012 ; 214.1 ; 0.07 ; 9
GA  0.00204 ; 0.00028 ; 278.8 ; 0.15 ; 8
EK  0.001 ; 0.0008 ; 169.344 ; 0.021 ; 8
EL1 0.00016 ; 0.00014 ; 258.522 ; 0.021 ; 8
EL2 0.000073 ; 0.00004 ; 259.301 ; 0.021 ; 8
EL3 0.000024 ; 0.000025 ; 262.694 ; 0.021 ; 8
EM  0.000063 ; 0.000015 ; 274.818 ; 0.021 ; 8
EN  0.000021 ; 0.000005 ; 278.203 ; 0.021 ; 8
GA  0.00232 ; 0.00014 ; 321.646 ; 0.008 ; 7
EK  0.000147 ; 0.000009 ; 211.994 ; 0.014 ; 7
EL1 0.0000269 ; 0.0000017 ; 301.172 ; 0.014 ; 7
EL2 0.0000708 ; 0.0000044 ; 301.951 ; 0.014 ; 7
EL3 0.0000276 ; 0.0000017 ; 305.344 ; 0.014 ; 7
EM  0.0000335 ; 0.0000021 ; 317.468 ; 0.014 ; 7
EN  0.000011 ; 0.0000007 ; 320.853 ; 0.014 ; 7
GA  0.00126 ; 0.0001 ; 1095.671 ; 0.023 ; 1
EK  0.000018 ; 0.00001 ; 986.058 ; 0.011 ; 1
EL1 0.0000028 ; 0.0000017 ; 1075.236 ; 0.011 ; 1
EL2 0.000000456 ; 0.000000045 ; 1076.015 ; 0.011 ; 1
EL3 0.000000053 ; 0.000000032 ; 1079.408 ; 0.011 ; 1
EM  0.00000076 ; 0.00000038 ; 1091.532 ; 0.011 ; 1
EN  0.00000026 ; 0.00000013 ; 1094.917 ; 0.011 ; 1
GA  0.00148 ; 0.00013 ; 1153.27 ; 0.04 ; 0
EK  0.000033 ; 0.00003 ; 1043.817 ; 0.01 ; 0
EL1 0.000006 ; 0.000006 ; 1132.995 ; 0.01 ; 0
EL2 0.0000007 ; 0.0000007 ; 1133.774 ; 0.01 ; 0
EL3 0.00000007 ; 0.00000006 ; 1137.167 ; 0.01 ; 0
EM  0.0000016 ; 0.0000015 ; 1149.291 ; 0.01 ; 0
EN  0.0000005 ; 0.0000005 ; 1152.676 ; 0.01 ; 0
COM -------------- Level Separator - T1/2 in seconds -------------
LED 1122.951 ; 0.006 ; 28 ;  ;  ; 18
GA  0.00114 ; 0.00006 ; 100.41 ; 0.03 ; 15
EL1 0.00187 ; 0.0001 ; 79.952 ; 0.008 ; 15
EL2 0.000231 ; 0.000013 ; 80.731 ; 0.008 ; 15
EL3 0.000494 ; 0.000027 ; 84.124 ; 0.008 ; 15
EM  0.000701 ; 0.000038 ; 96.248 ; 0.008 ; 15
EN  0.000236 ; 0.000013 ; 99.633 ; 0.008 ; 15
GA  0.00754 ; 0.00023 ; 153.967 ; 0.011 ; 12
EK  0.001037 ; 0.000035 ; 44.333 ; 0.008 ; 12
EL1 0.0001261 ; 0.0000043 ; 133.511 ; 0.008 ; 12
EL2 0.0000508 ; 0.0000017 ; 134.29 ; 0.008 ; 12
EL3 0.0000408 ; 0.0000014 ; 137.683 ; 0.008 ; 12
EM  0.0000526 ; 0.0000018 ; 149.807 ; 0.008 ; 12
EN  0.0000171 ; 0.0000006 ; 153.192 ; 0.008 ; 12
GA  0.0068 ; 0.0008 ; 726.88 ; 0.1 ; 5
EK  0.000092 ; 0.000011 ; 617.223 ; 0.008 ; 5
EL1 0.000015 ; 0.0000018 ; 706.401 ; 0.008 ; 5
EL2 0.0000094 ; 0.0000011 ; 707.18 ; 0.008 ; 5
EL3 0.00000225 ; 0.00000027 ; 710.573 ; 0.008 ; 5
EM  0.0000067 ; 0.0000008 ; 722.697 ; 0.008 ; 5
EN  0.00000221 ; 0.00000026 ; 726.082 ; 0.008 ; 5
GA  0.0431 ; 0.0014 ; 794.942 ; 0.014 ; 3
EK  0.00057 ; 0.00005 ; 685.298 ; 0.007 ; 3
EL1 0.000094 ; 0.000009 ; 774.476 ; 0.007 ; 3
EL2 0.0000434 ; 0.0000016 ; 775.255 ; 0.007 ; 3
EL3 0.00000953 ; 0.00000043 ; 778.648 ; 0.007 ; 3
EM  0.0000366 ; 0.0000025 ; 790.772 ; 0.007 ; 3
EN  0.000012 ; 0.0000008 ; 794.157 ; 0.007 ; 3
GA  0.00135 ; 0.00008 ; 1065.168 ; 0.015 ; 1
COM -------------- Level Separator - T1/2 in seconds -------------
LED 1091.017 ; 0.008 ; 14 ;  ;  ; 17
GA  0.0078 ; 0.0004 ; 904.2 ; 0.05 ; 2
EK  0.0000711 ; 0.0000038 ; 794.544 ; 0.009 ; 2
EL1 0.0000114 ; 0.0000006 ; 883.722 ; 0.009 ; 2
EL2 0.00000506 ; 0.00000027 ; 884.501 ; 0.009 ; 2
EL3 0.00000108 ; 0.00000006 ; 887.894 ; 0.009 ; 2
EM  0.00000436 ; 0.00000023 ; 900.018 ; 0.009 ; 2
EN  0.00000143 ; 0.00000008 ; 903.403 ; 0.009 ; 2
GA  0.00204 ; 0.00012 ; 1033.244 ; 0.023 ; 1
EK  0.0000147 ; 0.0000009 ; 923.608 ; 0.009 ; 1
EL1 0.00000234 ; 0.00000014 ; 1012.786 ; 0.009 ; 1
EL2 0.00000085 ; 0.00000005 ; 1013.565 ; 0.009 ; 1
EL3 0.00000017 ; 0.00000001 ; 1016.958 ; 0.009 ; 1
EM  0.00000082 ; 0.00000005 ; 1029.082 ; 0.009 ; 1
EN  0.000000271 ; 0.000000016 ; 1032.467 ; 0.009 ; 1
COM -------------- Level Separator - T1/2 in seconds -------------
LED 1059.93 ; 0.03 ; 21 ;  ;  ; 16
GA  0.00027 ; 0.00003 ; 540.67 ; 0.05 ; 6
EK  0.000022 ; 0.000016 ; 431.088 ; 0.031 ; 6
EL1 0.0000035 ; 0.0000027 ; 520.266 ; 0.031 ; 6
EL2 0.00000092 ; 0.00000021 ; 521.045 ; 0.031 ; 6
EL3 0.00000016 ; 0.00000016 ; 524.438 ; 0.031 ; 6
EM  0.0000011 ; 0.0000005 ; 536.562 ; 0.031 ; 6
EN  0.00000037 ; 0.00000017 ; 539.947 ; 0.031 ; 6
GA  0.00029 ; 0.00006 ; 663.88 ; 0.08 ; 5
EK  0.000014 ; 0.000012 ; 554.202 ; 0.03 ; 5
EL1 0.0000023 ; 0.0000018 ; 643.38 ; 0.03 ; 5
EL2 0.0000005 ; 0.00000012 ; 644.159 ; 0.03 ; 5
EL3 0.00000008 ; 0.00000006 ; 647.552 ; 0.03 ; 5
EM  0.0000007 ; 0.00000038 ; 659.676 ; 0.03 ; 5
EN  0.00000022 ; 0.00000012 ; 663.061 ; 0.03 ; 5
GA  0.00032 ; 0.00007 ; 873.1 ; 0.15 ; 2
EK  0.00000116 ; 0.00000025 ; 763.457 ; 0.03 ; 2
EL1 0.000000163 ; 0.000000036 ; 852.635 ; 0.03 ; 2
EL2 0.0000000194 ; 0.0000000043 ; 853.414 ; 0.03 ; 2
EL3 0.0000000101 ; 0.0000000022 ; 856.807 ; 0.03 ; 2
EM  0.000000046 ; 0.00000001 ; 868.931 ; 0.03 ; 2
EN  0.0000000149 ; 0.0000000033 ; 872.316 ; 0.03 ; 2
COM -------------- Level Separator - T1/2 in seconds -------------
LED 1022.527 ; 0.006 ; 14 ;  ;  ; 15
GA  0.017 ; 0.0007 ; 835.704 ; 0.008 ; 2
EK  0.000179 ; 0.000008 ; 726.054 ; 0.007 ; 2
EL1 0.0000289 ; 0.0000013 ; 815.232 ; 0.007 ; 2
EL2 0.0000144 ; 0.0000006 ; 816.011 ; 0.007 ; 2
EL3 0.0000032 ; 0.00000014 ; 819.404 ; 0.007 ; 2
EM  0.0000116 ; 0.0000005 ; 831.528 ; 0.007 ; 2
EN  0.00000381 ; 0.00000017 ; 834.913 ; 0.007 ; 2
GA  0.0499 ; 0.0017 ; 964.786 ; 0.008 ; 1
EK  0.000426 ; 0.000017 ; 855.118 ; 0.007 ; 1
EL1 0.0000684 ; 0.0000028 ; 944.296 ; 0.007 ; 1
EL2 0.000026 ; 0.000001 ; 945.075 ; 0.007 ; 1
EL3 0.0000053 ; 0.0000002 ; 948.468 ; 0.007 ; 1
EM  0.0000246 ; 0.0000009 ; 960.592 ; 0.007 ; 1
EN  0.00000807 ; 0.00000031 ; 963.977 ; 0.007 ; 1
COM -------------- Level Separator - T1/2 in seconds -------------
LED 1016.406 ; 0.021 ; 10 ;  ;  ; 14
GA  0.00084 ; 0.00007 ; 620.32 ; 0.07 ; 5
GA  0.0007 ; 0.00007 ; 688.12 ; 0.04 ; 3
GA  0.0029 ; 0.0005 ; 958.59 ; 0.04 ; 1
GA  0.00019 ; 0.00003 ; 1016.44 ; 0.1 ; 0
EK  0.0000032 ; 0.000002 ; 906.756 ; 0.021 ; 0
EL1 0.00000051 ; 0.00000031 ; 995.934 ; 0.021 ; 0
EL2 0.000000086 ; 0.000000014 ; 996.713 ; 0.021 ; 0
EL3 0.000000009 ; 0.000000008 ; 1000.106 ; 0.021 ; 0
EM  0.00000015 ; 0.00000008 ; 1012.23 ; 0.021 ; 0
EN  0.000000049 ; 0.000000025 ; 1015.615 ; 0.021 ; 0
COM -------------- Level Separator - T1/2 in seconds -------------
LED 979.499 ; 0.014 ; 35 ;  ;  ; 13
GA  0.0012 ; 0.00011 ; 583.391 ; 0.01 ; 5
EK  0.0000091 ; 0.0000008 ; 473.771 ; 0.015 ; 5
EL1 0.00000126 ; 0.00000012 ; 562.949 ; 0.015 ; 5
EL2 0.000000201 ; 0.000000019 ; 563.728 ; 0.015 ; 5
EL3 0.000000113 ; 0.000000011 ; 567.121 ; 0.015 ; 5
EM  0.000000374 ; 0.000000035 ; 579.245 ; 0.015 ; 5
EN  0.000000123 ; 0.000000011 ; 582.63 ; 0.015 ; 5
GA  0.00094 ; 0.0001 ; 651.53 ; 0.03 ; 3
EK  0.0000058 ; 0.0000006 ; 541.846 ; 0.015 ; 3
EL1 0.00000081 ; 0.00000009 ; 631.024 ; 0.015 ; 3
EL2 0.000000118 ; 0.000000013 ; 631.803 ; 0.015 ; 3
EL3 0.000000065 ; 0.000000007 ; 635.196 ; 0.015 ; 3
EM  0.000000235 ; 0.000000025 ; 647.32 ; 0.015 ; 3
EN  0.000000077 ; 0.000000008 ; 650.705 ; 0.015 ; 3
GA  0.00081 ; 0.00005 ; 792.69 ; 0.1 ; 2
EK  0.0000093 ; 0.0000006 ; 683.026 ; 0.015 ; 2
EL1 0.00000152 ; 0.0000001 ; 772.204 ; 0.015 ; 2
EL2 0.00000083 ; 0.00000005 ; 772.983 ; 0.015 ; 2
EL3 0.000000189 ; 0.000000012 ; 776.376 ; 0.015 ; 2
EM  0.000000635 ; 0.00000004 ; 788.5 ; 0.015 ; 2
EN  0.000000209 ; 0.000000013 ; 791.885 ; 0.015 ; 2
GA  0.000154 ; 0.000023 ; 921.87 ; 0.12 ; 1
EK  0.0000032 ; 0.0000021 ; 812.09 ; 0.015 ; 1
EL1 0.00000052 ; 0.00000033 ; 901.268 ; 0.015 ; 1
EL2 0.000000094 ; 0.000000014 ; 902.047 ; 0.015 ; 1
EL3 0.000000012 ; 0.000000008 ; 905.44 ; 0.015 ; 1
EM  0.00000015 ; 0.00000008 ; 917.564 ; 0.015 ; 1
EN  0.000000051 ; 0.000000026 ; 920.949 ; 0.015 ; 1
GA  0.00028 ; 0.00003 ; 979.49 ; 0.1 ; 0
EK  0.00000221 ; 0.00000024 ; 869.849 ; 0.014 ; 0
EL1 0.000000354 ; 0.000000038 ; 959.027 ; 0.014 ; 0
EL2 0.000000139 ; 0.000000015 ; 959.806 ; 0.014 ; 0
EL3 0.0000000285 ; 0.0000000031 ; 963.199 ; 0.014 ; 0
EM  0.000000129 ; 0.000000014 ; 975.323 ; 0.014 ; 0
EN  0.0000000423 ; 0.0000000046 ; 978.708 ; 0.014 ; 0
COM -------------- Level Separator - T1/2 in seconds -------------
LED 968.968 ; 0.005 ; 21 ;  ;  ; 12
GA  0.005 ; 0.0004 ; 782.14 ; 0.006 ; 2
EK  0.0000591 ; 0.0000048 ; 672.495 ; 0.006 ; 2
EL1 0.0000097 ; 0.0000008 ; 761.673 ; 0.006 ; 2
EL2 0.00000535 ; 0.00000043 ; 762.452 ; 0.006 ; 2
EL3 0.00000123 ; 0.0000001 ; 765.845 ; 0.006 ; 2
EM  0.00000406 ; 0.00000033 ; 777.969 ; 0.006 ; 2
EN  0.00000134 ; 0.00000011 ; 781.354 ; 0.006 ; 2
GA  0.262 ; 0.008 ; 911.196 ; 0.006 ; 1
EK  0.00236 ; 0.00008 ; 801.559 ; 0.006 ; 1
EL1 0.000379 ; 0.000013 ; 890.737 ; 0.006 ; 1
EL2 0.000166 ; 0.000006 ; 891.516 ; 0.006 ; 1
EL3 0.0000352 ; 0.0000012 ; 894.909 ; 0.006 ; 1
EM  0.0001438 ; 0.0000049 ; 907.033 ; 0.006 ; 1
EN  0.0000473 ; 0.0000016 ; 910.418 ; 0.006 ; 1
GA  0.159 ; 0.005 ; 968.96 ; 0.009 ; 0
EK  0.001282 ; 0.000045 ; 859.318 ; 0.005 ; 0
EL1 0.000205 ; 0.000007 ; 948.496 ; 0.005 ; 0
EL2 0.0000817 ; 0.0000029 ; 949.275 ; 0.005 ; 0
EL3 0.0000169 ; 0.0000006 ; 952.668 ; 0.005 ; 0
EM  0.000075 ; 0.0000026 ; 964.792 ; 0.005 ; 0
EN  0.0000247 ; 0.0000009 ; 968.177 ; 0.005 ; 0
COM -------------- Level Separator - T1/2 in seconds -------------
LED 968.369 ; 0.02 ; 21 ;  ;  ; 11
GA  0.0005 ; 0.00006 ; 449.11 ; 0.06 ; 6
EK  0.0000166 ; 0.000002 ; 339.527 ; 0.021 ; 6
EL1 0.00000287 ; 0.00000035 ; 428.705 ; 0.021 ; 6
EL2 0.0000041 ; 0.0000005 ; 429.484 ; 0.021 ; 6
EL3 0.0000013 ; 0.00000016 ; 432.877 ; 0.021 ; 6
EM  0.00000216 ; 0.00000026 ; 445.001 ; 0.021 ; 6
EN  0.00000071 ; 0.00000009 ; 448.386 ; 0.021 ; 6
GA  0.00156 ; 0.00018 ; 572.1 ; 0.05 ; 5
EK  0.00011 ; 0.00008 ; 462.641 ; 0.021 ; 5
EL1 0.000017 ; 0.000013 ; 551.819 ; 0.021 ; 5
EL2 0.0000044 ; 0.0000009 ; 552.598 ; 0.021 ; 5
EL3 0.0000008 ; 0.0000006 ; 555.991 ; 0.021 ; 5
EM  0.0000056 ; 0.0000027 ; 568.115 ; 0.021 ; 5
EN  0.0000019 ; 0.000001 ; 571.5 ; 0.021 ; 5
GA  0.00057 ; 0.00006 ; 640.32 ; 0.04 ; 3
EK  0.0000097 ; 0.000001 ; 530.716 ; 0.02 ; 3
EL1 0.00000161 ; 0.00000017 ; 619.894 ; 0.02 ; 3
EL2 0.00000124 ; 0.00000013 ; 620.673 ; 0.02 ; 3
EL3 0.000000319 ; 0.000000034 ; 624.066 ; 0.02 ; 3
EM  0.00000081 ; 0.00000009 ; 636.19 ; 0.02 ; 3
EN  0.000000265 ; 0.000000028 ; 639.575 ; 0.02 ; 3
COM -------------- Level Separator - T1/2 in seconds -------------
LED 944.196 ; 0.013 ; 14 ;  ;  ; 10
GA  0.00084 ; 0.00007 ; 616.21 ; 0.03 ; 3
EK  0.00000574 ; 0.00000049 ; 506.543 ; 0.014 ; 3
EL1 0.0000008 ; 0.00000007 ; 595.721 ; 0.014 ; 3
EL2 0.000000122 ; 0.00000001 ; 596.5 ; 0.014 ; 3
EL3 0.000000068 ; 0.000000006 ; 599.893 ; 0.014 ; 3
EM  0.000000234 ; 0.00000002 ; 612.017 ; 0.014 ; 3
EN  0.000000077 ; 0.000000006 ; 615.402 ; 0.014 ; 3
GA  0.001 ; 0.0001 ; 944.19 ; 0.03 ; 0
EK  0.00002 ; 0.000012 ; 834.546 ; 0.013 ; 0
EL1 0.0000032 ; 0.0000019 ; 923.724 ; 0.013 ; 0
EL2 0.00000057 ; 0.00000006 ; 924.503 ; 0.013 ; 0
EL3 0.00000007 ; 0.00000005 ; 927.896 ; 0.013 ; 0
EM  0.0000009 ; 0.0000005 ; 940.02 ; 0.013 ; 0
EN  0.00000031 ; 0.00000015 ; 943.405 ; 0.013 ; 0
COM -------------- Level Separator - T1/2 in seconds -------------
LED 938.58 ; 0.07 ; 14 ;  ;  ; 9
GA  0.00024 ; 0.00005 ; 610.65 ; 0.1 ; 3
EK  0.00000167 ; 0.00000035 ; 500.93 ; 0.07 ; 3
EL1 0.000000232 ; 0.000000048 ; 590.11 ; 0.07 ; 3
EL2 0.000000036 ; 0.000000007 ; 590.89 ; 0.07 ; 3
EL3 0.00000002 ; 0.0000000042 ; 594.28 ; 0.07 ; 3
EM  0.000000068 ; 0.000000014 ; 606.4 ; 0.07 ; 3
EN  0.0000000223 ; 0.0000000047 ; 609.79 ; 0.07 ; 3
GA  0.000065 ; 0.000019 ; 880.76 ; 0.1 ; 1
EK  0.00000062 ; 0.00000018 ; 771.17 ; 0.07 ; 1
EL1 0.0000001 ; 0.000000029 ; 860.35 ; 0.07 ; 1
EL2 0.000000046 ; 0.000000014 ; 861.13 ; 0.07 ; 1
EL3 0.00000001 ; 0.0000000029 ; 864.52 ; 0.07 ; 1
EM  0.000000039 ; 0.000000011 ; 876.64 ; 0.07 ; 1
EN  0.0000000128 ; 0.0000000037 ; 880.03 ; 0.07 ; 1
COM -------------- Level Separator - T1/2 in seconds -------------
LED 874.473 ; 0.018 ; 28 ;  ;  ; 8
GA  0.00224 ; 0.00019 ; 478.4 ; 0.05 ; 5
EK  0.000025 ; 0.0000022 ; 368.745 ; 0.019 ; 5
EL1 0.00000343 ; 0.0000003 ; 457.923 ; 0.019 ; 5
EL2 0.00000063 ; 0.00000005 ; 458.702 ; 0.019 ; 5
EL3 0.000000373 ; 0.000000032 ; 462.095 ; 0.019 ; 5
EM  0.00000106 ; 0.00000009 ; 474.219 ; 0.019 ; 5
EN  0.000000345 ; 0.00000003 ; 477.604 ; 0.019 ; 5
GA  0.00199 ; 0.00016 ; 546.445 ; 0.021 ; 3
EK  0.0000171 ; 0.0000014 ; 436.82 ; 0.018 ; 3
EL1 0.00000236 ; 0.00000019 ; 525.998 ; 0.018 ; 3
EL2 0.000000394 ; 0.000000032 ; 526.777 ; 0.018 ; 3
EL3 0.000000226 ; 0.000000018 ; 530.17 ; 0.018 ; 3
EM  0.00000071 ; 0.00000006 ; 542.294 ; 0.018 ; 3
EN  0.000000232 ; 0.000000019 ; 545.679 ; 0.018 ; 3
GA  0.00031 ; 0.00004 ; 816.82 ; 0.1 ; 1
EK  0.000009 ; 0.000006 ; 707.064 ; 0.018 ; 1
EL1 0.0000016 ; 0.000001 ; 796.242 ; 0.018 ; 1
EL2 0.000000276 ; 0.000000038 ; 797.021 ; 0.018 ; 1
EL3 0.000000037 ; 0.000000028 ; 800.414 ; 0.018 ; 1
EM  0.00000043 ; 0.00000022 ; 812.538 ; 0.018 ; 1
EN  0.00000014 ; 0.00000007 ; 815.923 ; 0.018 ; 1
GA  0.0005 ; 0.00011 ; 874.45 ; 0.08 ; 0
EK  0.0000048 ; 0.0000011 ; 764.823 ; 0.018 ; 0
EL1 0.00000078 ; 0.00000017 ; 854.001 ; 0.018 ; 0
EL2 0.00000036 ; 0.00000008 ; 854.78 ; 0.018 ; 0
EL3 0.000000079 ; 0.000000017 ; 858.173 ; 0.018 ; 0
EM  0.0000003 ; 0.00000007 ; 870.297 ; 0.018 ; 0
EN  0.0000001 ; 0.000000022 ; 873.682 ; 0.018 ; 0
COM -------------- Level Separator - T1/2 in seconds -------------
LED 831.823 ; 0.01 ; 14 ;  ;  ; 7
GA  0.00171 ; 0.00019 ; 503.819 ; 0.023 ; 3
EK  0.0000173 ; 0.0000019 ; 394.17 ; 0.011 ; 3
EL1 0.00000237 ; 0.00000027 ; 483.348 ; 0.011 ; 3
EL2 0.000000419 ; 0.000000047 ; 484.127 ; 0.011 ; 3
EL3 0.000000245 ; 0.000000027 ; 487.52 ; 0.011 ; 3
EM  0.00000072 ; 0.00000008 ; 499.644 ; 0.011 ; 3
EN  0.000000236 ; 0.000000026 ; 503.029 ; 0.011 ; 3
GA  0.00062 ; 0.00004 ; 774.07 ; 0.1 ; 1
EK  0.00000746 ; 0.00000049 ; 664.414 ; 0.011 ; 1
EL1 0.00000122 ; 0.00000008 ; 753.592 ; 0.011 ; 1
EL2 0.000000688 ; 0.000000045 ; 754.371 ; 0.011 ; 1
EL3 0.000000159 ; 0.000000011 ; 757.764 ; 0.011 ; 1
EM  0.000000518 ; 0.000000034 ; 769.888 ; 0.011 ; 1
EN  0.00000017 ; 0.000000011 ; 773.273 ; 0.011 ; 1
COM -------------- Level Separator - T1/2 in seconds -------------
LED 519.192 ; 0.006 ; 14 ;  ;  ; 6
GA  0.00045 ; 0.00009 ; 140.999 ; 0.02 ; 4
EK  0.000076 ; 0.000015 ; 31.363 ; 0.012 ; 4
EL1 0.0000091 ; 0.0000018 ; 120.541 ; 0.012 ; 4
EL2 0.0000039 ; 0.0000008 ; 121.32 ; 0.012 ; 4
EL3 0.0000032 ; 0.0000006 ; 124.713 ; 0.012 ; 4
EM  0.0000039 ; 0.0000008 ; 136.837 ; 0.012 ; 4
EN  0.00000128 ; 0.00000026 ; 140.222 ; 0.012 ; 4
GA  0.0037 ; 0.0006 ; 332.371 ; 0.006 ; 2
EK  0.000088 ; 0.000014 ; 222.719 ; 0.007 ; 2
EL1 0.0000117 ; 0.0000019 ; 311.897 ; 0.007 ; 2
EL2 0.00000279 ; 0.00000045 ; 312.676 ; 0.007 ; 2
EL3 0.00000181 ; 0.0000003 ; 316.069 ; 0.007 ; 2
EM  0.0000039 ; 0.0000006 ; 328.193 ; 0.007 ; 2
EN  0.00000128 ; 0.00000021 ; 331.578 ; 0.007 ; 2
COM -------------- Level Separator - T1/2 in seconds -------------
LED 396.078 ; 0.005 ; 14 ;  ;  ; 5
GA  0.0397 ; 0.0013 ; 209.248 ; 0.007 ; 2
EK  0.00267 ; 0.0001 ; 99.605 ; 0.006 ; 2
EL1 0.000337 ; 0.000012 ; 188.783 ; 0.006 ; 2
EL2 0.0001104 ; 0.0000039 ; 189.562 ; 0.006 ; 2
EL3 0.0000814 ; 0.0000029 ; 192.955 ; 0.006 ; 2
EM  0.0001274 ; 0.0000046 ; 205.079 ; 0.006 ; 2
EN  0.0000414 ; 0.0000015 ; 208.464 ; 0.006 ; 2
GA  0.114 ; 0.004 ; 338.32 ; 0.005 ; 1
EK  0.00261 ; 0.0001 ; 228.669 ; 0.006 ; 1
EL1 0.000349 ; 0.000014 ; 317.847 ; 0.006 ; 1
EL2 0.0000817 ; 0.0000031 ; 318.626 ; 0.006 ; 1
EL3 0.000053 ; 0.000002 ; 322.019 ; 0.006 ; 1
EM  0.0001156 ; 0.0000044 ; 334.143 ; 0.006 ; 1
EN  0.0000378 ; 0.0000014 ; 337.528 ; 0.006 ; 1
COM -------------- Level Separator - T1/2 in seconds -------------
LED 378.179 ; 0.01 ; 7 ;  ;  ; 4
GA  0.00133 ; 0.00008 ; 191.351 ; 0.017 ; 2
EK  0.000227 ; 0.000014 ; 81.706 ; 0.011 ; 2
EL1 0.0000499 ; 0.0000031 ; 170.884 ; 0.011 ; 2
EL2 0.000354 ; 0.000022 ; 171.663 ; 0.011 ; 2
EL3 0.000185 ; 0.000011 ; 175.056 ; 0.011 ; 2
EM  0.000161 ; 0.00001 ; 187.18 ; 0.011 ; 2
EN  0.0000527 ; 0.0000033 ; 190.565 ; 0.011 ; 2
COM -------------- Level Separator - T1/2 in seconds -------------
LED 328.003 ; 0.004 ; 14 ;  ;  ; 3
GA  0.0355 ; 0.001 ; 270.245 ; 0.007 ; 1
EK  0.001335 ; 0.000043 ; 160.594 ; 0.006 ; 1
EL1 0.000174 ; 0.000005 ; 249.772 ; 0.006 ; 1
EL2 0.0000476 ; 0.0000015 ; 250.551 ; 0.006 ; 1
EL3 0.0000328 ; 0.000001 ; 253.944 ; 0.006 ; 1
EM  0.000061 ; 0.0000019 ; 266.068 ; 0.006 ; 1
EN  0.0000199 ; 0.0000006 ; 269.453 ; 0.006 ; 1
GA  0.0304 ; 0.0011 ; 328.004 ; 0.007 ; 0
EK  0.000745 ; 0.00003 ; 218.353 ; 0.004 ; 0
EL1 0.0000991 ; 0.0000039 ; 307.531 ; 0.004 ; 0
EL2 0.0000237 ; 0.0000009 ; 308.31 ; 0.004 ; 0
EL3 0.0000155 ; 0.0000006 ; 311.703 ; 0.004 ; 0
EM  0.0000331 ; 0.0000013 ; 323.8266 ; 0.004 ; 0
EN  0.0000108 ; 0.00000042 ; 327.2124 ; 0.004 ; 0
COM -------------- Level Separator - T1/2 in seconds -------------
LED 186.823 ; 0.004 ; 7 ;  ;  ; 2
GA  0.025 ; 0.0007 ; 129.065 ; 0.003 ; 1
EK  0.0066 ; 0.00021 ; 19.414 ; 0.006 ; 1
EL1 0.00256 ; 0.00008 ; 108.592 ; 0.006 ; 1
EL2 0.0374 ; 0.0012 ; 109.371 ; 0.006 ; 1
EL3 0.0236 ; 0.0007 ; 112.764 ; 0.006 ; 1
EM  0.0174 ; 0.0005 ; 124.888 ; 0.006 ; 1
EN  0.00572 ; 0.00018 ; 128.273 ; 0.006 ; 1
COM -------------- Level Separator - T1/2 in seconds -------------
LED 57.759 ; 0.004 ; 6 ;  ;  ; 1
GA  0.0047 ; 0.00017 ; 57.752 ; 0.013 ; 0
EL1 0.00921 ; 0.00036 ; 37.287 ; 0.004 ; 0
EL2 0.281 ; 0.011 ; 38.066 ; 0.004 ; 0
EL3 0.237 ; 0.009 ; 41.459 ; 0.004 ; 0
EM  0.144 ; 0.006 ; 53.5826 ; 0.004 ; 0
EN  0.0473 ; 0.0019 ; 56.9684 ; 0.004 ; 0
