PAR AM241
AZP 241 ; 95
NDA 1
COM ***************** Evaluation Date: 29/09/2009 ****************
COM ===================== Daughter Separator =====================
DAU NP237
DDE 1 ;  ; 43 ; 23
Q   5637.82 ; 0.12
COM ---------------------- Branch Separator ----------------------
COM ---------------------- Branch Separator ----------------------
COM ---------------------- Branch Separator ----------------------
COM ---------------------- Branch Separator ----------------------
COM ---------------------- Branch Separator ----------------------
COM ---------------------- Branch Separator ----------------------
COM ---------------------- Branch Separator ----------------------
COM ---------------------- Branch Separator ----------------------
ALP 0.0000004 ; 0.0000003 ; 36 ; 4757.58 ; 0.13 ; 0
COM ---------------------- Branch Separator ----------------------
COM ---------------------- Branch Separator ----------------------
ALP 0.00000086 ; 0 ; 34 ; 4800.99 ; 0.13 ; 0
COM ---------------------- Branch Separator ----------------------
ALP 0.000007 ; 0 ; 33 ; 4834.15 ; 0.13 ; 0
COM ---------------------- Branch Separator ----------------------
COM ---------------------- Branch Separator ----------------------
COM ---------------------- Branch Separator ----------------------
COM ---------------------- Branch Separator ----------------------
COM ---------------------- Branch Separator ----------------------
COM ---------------------- Branch Separator ----------------------
ALP 0.000001 ; 0 ; 27 ; 5007.07 ; 0.14 ; 0
COM ---------------------- Branch Separator ----------------------
COM ---------------------- Branch Separator ----------------------
COM ---------------------- Branch Separator ----------------------
ALP 0.0000011 ; 0 ; 24 ; 5065.97 ; 0.15 ; 0
COM ---------------------- Branch Separator ----------------------
ALP 0.000004 ; 0 ; 23 ; 5092.06 ; 0.13 ; 0
COM ---------------------- Branch Separator ----------------------
ALP 0.000004 ; 0 ; 22 ; 5099.08 ; 0.13 ; 0
COM ---------------------- Branch Separator ----------------------
COM ---------------------- Branch Separator ----------------------
ALP 0.000004 ; 0 ; 20 ; 5117.21 ; 0.13 ; 0
COM ---------------------- Branch Separator ----------------------
COM ---------------------- Branch Separator ----------------------
ALP 0.000007 ; 0 ; 18 ; 5155.12 ; 0.13 ; 0
COM ---------------------- Branch Separator ----------------------
ALP 0.000003 ; 0 ; 17 ; 5179.35 ; 0.13 ; 0
COM ---------------------- Branch Separator ----------------------
ALP 0.000009 ; 0 ; 16 ; 5181.63 ; 0.13 ; 0
COM ---------------------- Branch Separator ----------------------
ALP 0.000006 ; 0 ; 15 ; 5190.17 ; 0.23 ; 0
COM ---------------------- Branch Separator ----------------------
COM ---------------------- Branch Separator ----------------------
ALP 0.000013 ; 0 ; 13 ; 5225.08 ; 0.13 ; 0
COM ---------------------- Branch Separator ----------------------
COM ---------------------- Branch Separator ----------------------
ALP 0.000022 ; 0.000003 ; 11 ; 5244.13 ; 0.13 ; 0
COM ---------------------- Branch Separator ----------------------
COM ---------------------- Branch Separator ----------------------
ALP 0.000005 ; 0 ; 9 ; 5280.99 ; 0.13 ; 0
COM ---------------------- Branch Separator ----------------------
ALP 0.00014 ; 0.00003 ; 8 ; 5321.87 ; 0.13 ; 0
COM ---------------------- Branch Separator ----------------------
COM ---------------------- Branch Separator ----------------------
ALP 0.0166 ; 0.0003 ; 6 ; 5388.25 ; 0.13 ; 0
COM ---------------------- Branch Separator ----------------------
ALP 0.0001 ; 0 ; 5 ; 5416.28 ; 0.13 ; 0
COM ---------------------- Branch Separator ----------------------
ALP 0.1323 ; 0.001 ; 4 ; 5442.86 ; 0.12 ; 0
COM ---------------------- Branch Separator ----------------------
ALP 0.0004 ; 0 ; 3 ; 5469.47 ; 0.12 ; 0
COM ---------------------- Branch Separator ----------------------
ALP 0.8445 ; 0.001 ; 2 ; 5485.56 ; 0.12 ; 0
COM ---------------------- Branch Separator ----------------------
ALP 0.0023 ; 0.0001 ; 1 ; 5511.46 ; 0.12 ; 0
COM ---------------------- Branch Separator ----------------------
ALP 0.0038 ; 0.0001 ; 0 ; 5544.11 ; 0.12 ; 0
COM -------------- Level Separator - T1/2 in seconds -------------
LED 1014 ; 3 ; 1 ;  ;  ; 43
GA  0.00000001 ; 0.000000002 ; 1014.33 ;  ; 0
COM -------------- Level Separator - T1/2 in seconds -------------
LED 962 ; 3 ; 1 ;  ;  ; 42
GA  0.0000000004 ; 0.0000000001 ; 962.19 ;  ; 0
COM -------------- Level Separator - T1/2 in seconds -------------
LED 946 ; 2 ; 1 ;  ;  ; 41
GA  0.0000000001 ; 0.00000000002 ; 946.06 ;  ; 0
COM -------------- Level Separator - T1/2 in seconds -------------
LED 920.88 ; 0.2 ; 3 ;  ;  ; 40
GA  0.0000000008 ; 0.0000000003 ; 861.34 ; 0.2 ; 2
GA  0.0000000033 ; 0.0000000006 ; 887.68 ; 0.2 ; 1
GA  0.0000000019 ; 0.0000000003 ; 920.88 ; 0.2 ; 0
COM -------------- Level Separator - T1/2 in seconds -------------
LED 861.65 ; 0.19 ; 4 ;  ;  ; 39
GA  0.0000000062 ;  ; 786 ; 0.15 ; 3
GA  0.0000000123 ; 0.0000000007 ; 801.94 ; 0.2 ; 2
GA  0.0000000021 ; 0.0000000004 ; 828.6 ; 0.12 ; 1
GA  0.0000000061 ; 0.0000000006 ; 861.8 ; 0.12 ; 0
COM -------------- Level Separator - T1/2 in seconds -------------
LED 853.36 ; 0.15 ; 14 ;  ;  ; 38
GA  0.0000000069 ; 0.0000000005 ; 529.17 ; 0.2 ; 13
EK  0.000000000186 ; 0.000000000014 ; 410.5 ; 0.2 ; 13
EL1 0.0000000000339 ; 0.0000000000025 ; 506.74 ; 0.2 ; 13
EL2 0.0000000000407 ; 0.000000000003 ; 507.57 ; 0.2 ; 13
EL3 0.0000000000107 ; 0.0000000000008 ; 511.56 ; 0.2 ; 13
EM  0.0000000000224 ; 0.0000000000017 ; 524.56 ; 0.2 ; 13
EN  0.0000000000075 ; 0.0000000000006 ; 528.27 ; 0.2 ; 13
GA  0.0000000051 ; 0.0000000002 ; 627.18 ; 0.2 ; 8
EK  0.00000000036 ; 0.00000000026 ; 508.51 ; 0.2 ; 8
EL1 0.000000000061 ; 0.000000000046 ; 604.75 ; 0.2 ; 8
EL2 0.0000000000148 ; 0.0000000000016 ; 605.58 ; 0.2 ; 8
EL3 0.000000000002 ; 0.000000000002 ; 609.57 ; 0.2 ; 8
EM  0.000000000019 ; 0.000000000005 ; 622.57 ; 0.2 ; 8
EN  0.0000000000064 ; 0.0000000000032 ; 626.28 ; 0.2 ; 8
COM -------------- Level Separator - T1/2 in seconds -------------
LED 805.77 ; 0.12 ; 28 ;  ;  ; 37
GA  0.0000000085 ; 0.0000000005 ; 675.78 ; 0.13 ; 5
EK  0.00000000051 ; 0.00000000034 ; 557.11 ; 0.13 ; 5
EL1 0.00000000008 ; 0.00000000006 ; 653.35 ; 0.13 ; 5
EL2 0.0000000000191 ; 0.0000000000019 ; 654.18 ; 0.13 ; 5
EL3 0.0000000000026 ; 0.000000000002 ; 658.17 ; 0.13 ; 5
EM  0.000000000026 ; 0.000000000013 ; 671.17 ; 0.13 ; 5
EN  0.0000000000085 ; 0.0000000000043 ; 674.88 ; 0.13 ; 5
GA  0.0000000137 ; 0.0000000005 ; 729.72 ; 0.15 ; 3
EK  0.000000001082 ; 0.000000000048 ; 611.05 ; 0.15 ; 3
EL1 0.000000000183 ; 0.000000000007 ; 707.29 ; 0.15 ; 3
EL2 0.000000000023 ; 0.0000000000009 ; 708.12 ; 0.15 ; 3
EL3 0.000000000000817 ; 0.000000000000032 ; 712.11 ; 0.15 ; 3
EM  0.0000000000493 ; 0.0000000000023 ; 725.11 ; 0.15 ; 3
EN  0.0000000000168 ; 0.0000000000007 ; 728.82 ; 0.15 ; 3
GA  0.0000000279 ; 0.0000000004 ; 772.57 ; 0.12 ; 1
EK  0.000000001883 ; 0.000000000047 ; 653.9 ; 0.12 ; 1
EL1 0.000000000319 ; 0.000000000006 ; 750.14 ; 0.12 ; 1
EL2 0.0000000000401 ; 0.0000000000008 ; 750.97 ; 0.12 ; 1
EL3 0.000000000001426 ; 0.00000000000003 ; 754.96 ; 0.12 ; 1
EM  0.000000000087 ; 0.0000000000021 ; 767.96 ; 0.12 ; 1
EN  0.0000000000294 ; 0.0000000000006 ; 771.67 ; 0.12 ; 1
GA  0.0000000031 ;  ; 805.77 ; 0.12 ; 0
EK  0.00000000011 ; 0.00000000007 ; 687.1 ; 0.12 ; 0
EL1 0.000000000019 ; 0.000000000012 ; 783.34 ; 0.12 ; 0
EL2 0.00000000000401 ; 0.00000000000007 ; 784.17 ; 0.12 ; 0
EL3 0.00000000000046 ; 0.00000000000034 ; 788.16 ; 0.12 ; 0
EM  0.0000000000059 ; 0.0000000000031 ; 801.16 ; 0.12 ; 0
EN  0.000000000002 ; 0.000000000001 ; 804.87 ; 0.12 ; 0
COM -------------- Level Separator - T1/2 in seconds -------------
LED 799.82 ; 0.04 ; 29 ;  ;  ; 36
GA   ;  ; 77.86 ; 0.04 ; 33
GA  0.0000000128 ; 0.0000000005 ; 573.94 ; 0.2 ; 8
EK  0.0000000012 ; 0.0000000009 ; 455.27 ; 0.2 ; 8
EL1 0.00000000019 ; 0.00000000014 ; 551.51 ; 0.2 ; 8
EL2 0.000000000049 ; 0.000000000008 ; 552.34 ; 0.2 ; 8
EL3 0.000000000008 ; 0.000000000006 ; 556.33 ; 0.2 ; 8
EM  0.000000000035 ; 0.000000000021 ; 569.33 ; 0.2 ; 8
EN  0.000000000021 ; 0.00000000001 ; 573.04 ; 0.2 ; 8
GA  0.0000000704 ; 0.000000001 ; 641.32 ; 0.04 ; 6
EK  0.0000000042 ; 0.0000000035 ; 522.651 ; 0.04 ; 6
EL1 0.0000000008 ; 0.0000000006 ; 618.893 ; 0.04 ; 6
EL2 0.00000000019 ; 0.000000000021 ; 619.72 ; 0.04 ; 6
EL3 0.000000000028 ; 0.000000000021 ; 623.71 ; 0.04 ; 6
EM  0.00000000025 ; 0.00000000007 ; 636.709 ; 0.04 ; 6
EN  0.00000000008 ; 0.000000000044 ; 640.417 ; 0.04 ; 6
GA  0.0000000051 ; 0.0000000007 ; 669.83 ; 0.02 ; 5
EK  0.000000000033 ; 0.0000000000046 ; 551.161 ; 0.02 ; 5
EL1 0.0000000000047 ; 0.0000000000006 ; 647.403 ; 0.02 ; 5
EL2 0.00000000000075 ; 0.0000000000001 ; 648.23 ; 0.02 ; 5
EL3 0.00000000000038 ; 0.00000000000005 ; 652.22 ; 0.02 ; 5
EM  0.0000000000037 ; 0.0000000000005 ; 665.219 ; 0.02 ; 5
EN  0.00000000000047 ; 0.00000000000006 ; 668.927 ; 0.02 ; 5
GA  0.0000000501 ; 0.0000000006 ; 766.62 ; 0.04 ; 1
EK  0.000000000254 ; 0.000000000006 ; 647.951 ; 0.04 ; 1
EL1 0.0000000000364 ; 0.0000000000007 ; 744.193 ; 0.04 ; 1
EL2 0.0000000000053 ; 0.0000000000001 ; 745.02 ; 0.04 ; 1
EL3 0.00000000000257 ; 0.00000000000005 ; 749.01 ; 0.04 ; 1
EM  0.00000000001057 ; 0.00000000000024 ; 762.009 ; 0.04 ; 1
EN  0.00000000000354 ; 0.00000000000007 ; 765.717 ; 0.04 ; 1
COM -------------- Level Separator - T1/2 in seconds -------------
LED 770.57 ; 0.05 ; 3 ;  ;  ; 35
GA  0.0000000011 ; 0.0000000002 ; 446.15 ; 0.06 ; 13
GA  0.0000000794 ; 0.0000000011 ; 737.34 ; 0.05 ; 1
GA  0.0000000481 ; 0.0000000007 ; 770.57 ; 0.1 ; 0
COM -------------- Level Separator - T1/2 in seconds -------------
LED 755.685 ; 0.019 ; 35 ;  ;  ; 34
GA  0.0000000729 ; 0.0000000011 ; 597.19 ; 0.02 ; 6
EK  0.0000000058 ; 0.0000000044 ; 478.521 ; 0.02 ; 6
EL1 0.0000000009 ; 0.0000000007 ; 574.763 ; 0.02 ; 6
EL2 0.000000000241 ; 0.000000000037 ; 575.59 ; 0.02 ; 6
EL3 0.000000000036 ; 0.000000000029 ; 579.58 ; 0.02 ; 6
EM  0.00000000031 ; 0.00000000015 ; 592.579 ; 0.02 ; 6
EN  0.0000000001 ; 0.00000000005 ; 596.287 ; 0.02 ; 6
GA  0.000000376 ; 0.000000009 ; 652.73 ; 0.02 ; 4
EK  0.000000023 ; 0.000000019 ; 534.061 ; 0.02 ; 4
EL1 0.0000000041 ; 0.000000003 ; 630.303 ; 0.02 ; 4
EL2 0.00000000094 ; 0.00000000009 ; 631.13 ; 0.02 ; 4
EL3 0.00000000015 ; 0.00000000011 ; 635.12 ; 0.02 ; 4
EM  0.00000000124 ; 0.00000000038 ; 648.119 ; 0.02 ; 4
EN  0.00000000042 ; 0.00000000023 ; 651.827 ; 0.02 ; 4
GA  0.0000000331 ; 0.0000000008 ; 679.79 ; 0.02 ; 3
EK  0.000000000209 ; 0.000000000007 ; 561.121 ; 0.02 ; 3
EL1 0.0000000000297 ; 0.0000000000008 ; 657.363 ; 0.02 ; 3
EL2 0.00000000000472 ; 0.00000000000013 ; 658.19 ; 0.02 ; 3
EL3 0.00000000000235 ; 0.00000000000007 ; 662.18 ; 0.02 ; 3
EM  0.00000000000877 ; 0.00000000000027 ; 675.179 ; 0.02 ; 3
EN  0.00000000000294 ; 0.00000000000008 ; 678.887 ; 0.02 ; 3
GA  0.0000000517 ; 0.0000000008 ; 696.14 ; 0.02 ; 2
EK  0.0000000026 ; 0.0000000021 ; 577.471 ; 0.02 ; 2
EL1 0.00000000047 ; 0.00000000036 ; 673.713 ; 0.02 ; 2
EL2 0.000000000105 ; 0.000000000007 ; 674.54 ; 0.02 ; 2
EL3 0.000000000014 ; 0.000000000011 ; 678.53 ; 0.02 ; 2
EM  0.00000000014 ; 0.00000000005 ; 691.529 ; 0.02 ; 2
EN  0.000000000051 ; 0.000000000026 ; 695.237 ; 0.02 ; 2
GA  0.0000000784 ; 0.0000000011 ; 755.68 ; 0.02 ; 0
EK  0.000000000408 ; 0.00000000001 ; 637.011 ; 0.02 ; 0
EL1 0.0000000000584 ; 0.0000000000012 ; 733.253 ; 0.02 ; 0
EL2 0.00000000000859 ; 0.00000000000017 ; 734.08 ; 0.02 ; 0
EL3 0.00000000000417 ; 0.00000000000009 ; 738.07 ; 0.02 ; 0
EM  0.00000000001701 ; 0.00000000000039 ; 751.069 ; 0.02 ; 0
EN  0.00000000000569 ; 0.00000000000012 ; 754.777 ; 0.02 ; 0
COM -------------- Level Separator - T1/2 in seconds -------------
LED 721.961 ; 0.013 ; 33 ;  ;  ; 33
GA  0.0000000044 ; 0.0000000002 ; 563.46 ; 0.02 ; 6
EK  0.000000000106 ; 0.000000000005 ; 444.791 ; 0.02 ; 6
EL1 0.0000000000191 ; 0.0000000000009 ; 541.033 ; 0.02 ; 6
EL2 0.0000000000205 ; 0.000000000001 ; 541.86 ; 0.02 ; 6
EL3 0.00000000000518 ; 0.00000000000025 ; 545.85 ; 0.02 ; 6
EM  0.0000000000117 ; 0.0000000000006 ; 558.849 ; 0.02 ; 6
EN  0.00000000000394 ; 0.00000000000019 ; 562.557 ; 0.02 ; 6
GA  0.0000006 ; 0.00000002 ; 619.01 ; 0.02 ; 4
EK  0.000000042 ; 0.00000003 ; 500.341 ; 0.02 ; 4
EL1 0.000000007 ; 0.000000005 ; 596.583 ; 0.02 ; 4
EL2 0.0000000018 ; 0.00000000025 ; 597.41 ; 0.02 ; 4
EL3 0.00000000024 ; 0.00000000024 ; 601.4 ; 0.02 ; 4
EM  0.0000000022 ; 0.0000000006 ; 614.399 ; 0.02 ; 4
EN  0.00000000075 ; 0.00000000038 ; 618.107 ; 0.02 ; 4
GA  0.00000367 ; 0.00000006 ; 662.4 ; 0.02 ; 2
EK  0.00000066 ; 0.00000015 ; 543.731 ; 0.02 ; 2
EL1 0.000000125 ; 0.00000004 ; 639.973 ; 0.02 ; 2
EL2 0.000000032 ; 0.000000011 ; 640.8 ; 0.02 ; 2
EL3 0.0000000088 ; 0.0000000029 ; 644.79 ; 0.02 ; 2
GA  0.000000323 ; 0.000000006 ; 688.72 ; 0.04 ; 1
EK  0.00000000199 ; 0.00000000005 ; 570.051 ; 0.04 ; 1
EL1 0.000000000283 ; 0.000000000007 ; 666.293 ; 0.04 ; 1
EL2 0.0000000000446 ; 0.0000000000011 ; 667.12 ; 0.04 ; 1
EL3 0.0000000000221 ; 0.0000000000005 ; 671.11 ; 0.04 ; 1
EM  0.0000000000837 ; 0.0000000000022 ; 684.109 ; 0.04 ; 1
EN  0.000000000028 ; 0.0000000000007 ; 687.817 ; 0.04 ; 1
GA  0.00000196 ; 0.00000005 ; 721.96 ; 0.02 ; 0
EK  0.00000001098 ; 0.00000000034 ; 603.291 ; 0.02 ; 0
EL1 0.000000001582 ; 0.000000000047 ; 699.533 ; 0.02 ; 0
EL2 0.00000000024 ; 0.000000000007 ; 700.36 ; 0.02 ; 0
EL3 0.000000000118 ; 0.0000000000035 ; 704.35 ; 0.02 ; 0
EM  0.00000000047 ; 0.000000000023 ; 717.349 ; 0.02 ; 0
EN  0.0000000001551 ; 0.0000000000045 ; 721.057 ; 0.02 ; 0
COM -------------- Level Separator - T1/2 in seconds -------------
LED 666.19 ; 0.1 ; 3 ;  ;  ; 32
GA   ;  ; 398.64 ; 0.15 ; 9
GA  0.0000000124 ; 0.0000000005 ; 632.93 ; 0.15 ; 1
GA  0.0000000095 ; 0.0000000007 ; 666.2 ; 0.2 ; 0
COM -------------- Level Separator - T1/2 in seconds -------------
LED 646.03 ; 0.17 ; 7 ;  ;  ; 31
GA  0.0000000124 ; 0.0000000005 ; 586.59 ; 0.2 ; 2
EK  0.000000000278 ; 0.000000000012 ; 467.92 ; 0.2 ; 2
EL1 0.0000000000497 ; 0.0000000000021 ; 564.16 ; 0.2 ; 2
EL2 0.00000000005 ; 0.0000000000021 ; 564.99 ; 0.2 ; 2
EL3 0.0000000000123 ; 0.0000000000005 ; 568.98 ; 0.2 ; 2
EM  0.0000000000291 ; 0.0000000000013 ; 581.98 ; 0.2 ; 2
EN  0.00000000000982 ; 0.00000000000042 ; 585.69 ; 0.2 ; 2
COM -------------- Level Separator - T1/2 in seconds -------------
LED 597.99 ; 0.09 ; 22 ;  ;  ; 30
GA   ;  ; 138.3 ; 0.09 ; 23
GA  0.0000000137 ; 0.0000000005 ; 406.35 ; 0.15 ; 7
EK  0.0000000029 ; 0.0000000023 ; 287.68 ; 0.15 ; 7
EL1 0.00000000055 ; 0.00000000041 ; 383.92 ; 0.15 ; 7
EL2 0.00000000016 ; 0.00000000006 ; 384.75 ; 0.15 ; 7
EL3 0.000000000037 ; 0.000000000033 ; 388.74 ; 0.15 ; 7
EM  0.00000000018 ; 0.00000000007 ; 401.74 ; 0.15 ; 7
EN  0.000000000059 ; 0.000000000025 ; 405.45 ; 0.15 ; 7
GA  0.0000000269 ; 0.0000000006 ; 468.12 ; 0.15 ; 5
EK  0.000000004 ; 0.0000000032 ; 349.45 ; 0.15 ; 5
EL1 0.0000000007 ; 0.0000000005 ; 445.69 ; 0.15 ; 5
EL2 0.0000000002 ; 0.00000000005 ; 446.52 ; 0.15 ; 5
EL3 0.000000000038 ; 0.000000000035 ; 450.51 ; 0.15 ; 5
EM  0.00000000022 ; 0.00000000011 ; 463.51 ; 0.15 ; 5
EN  0.000000000077 ; 0.000000000034 ; 467.22 ; 0.15 ; 5
GA  0.0000000099 ; 0.0000000005 ; 522.06 ; 0.15 ; 3
EK  0.0000000011 ; 0.0000000009 ; 403.39 ; 0.15 ; 3
EL1 0.00000000019 ; 0.00000000014 ; 499.63 ; 0.15 ; 3
EL2 0.000000000051 ; 0.00000000001 ; 500.46 ; 0.15 ; 3
EL3 0.000000000009 ; 0.000000000008 ; 504.45 ; 0.15 ; 3
EM  0.000000000059 ; 0.00000000003 ; 517.45 ; 0.15 ; 3
EN  0.000000000021 ; 0.00000000001 ; 521.16 ; 0.15 ; 3
COM -------------- Level Separator - T1/2 in seconds -------------
LED 592.33 ; 0.07 ; 35 ;  ;  ; 29
GA  0.000000053 ; 0.000000011 ; 139.44 ; 0.08 ; 22
EK  0.0000000112 ; 0.0000000023 ; 20.77 ; 0.08 ; 22
EL1 0.0000000057 ; 0.0000000012 ; 117.01 ; 0.08 ; 22
EL2 0.000000074 ; 0.000000015 ; 117.84 ; 0.08 ; 22
EL3 0.000000042 ; 0.000000009 ; 121.83 ; 0.08 ; 22
EM  0.000000034 ; 0.000000007 ; 134.83 ; 0.08 ; 22
EN  0.0000000114 ; 0.0000000024 ; 138.54 ; 0.08 ; 22
GA  0.000000014 ; 0.000000005 ; 159.26 ; 0.2 ; 20
EK  0.0000000018 ; 0.0000000007 ; 40.59 ; 0.2 ; 20
EL1 0.00000000023 ; 0.00000000008 ; 136.83 ; 0.2 ; 20
EL2 0.000000000101 ; 0.000000000036 ; 137.66 ; 0.2 ; 20
EL3 0.000000000076 ; 0.000000000027 ; 141.65 ; 0.2 ; 20
EM  0.0000000001 ; 0.000000000036 ; 154.65 ; 0.2 ; 20
EN  0.000000000033 ; 0.000000000012 ; 158.36 ; 0.2 ; 20
GA  0.0000000049 ;  ; 196.76 ; 0.08 ; 18
EK  0.0000000004 ; 0.000000000008 ; 78.09 ; 0.08 ; 18
EL1 0.0000000000512 ; 0.0000000000007 ; 174.33 ; 0.08 ; 18
EL2 0.0000000000194 ; 0.00000000000029 ; 175.16 ; 0.08 ; 18
EL3 0.00000000001377 ; 0.0000000000002 ; 179.15 ; 0.08 ; 18
EM  0.00000000002048 ; 0.00000000000044 ; 192.15 ; 0.08 ; 18
EN  0.00000000000682 ; 0.0000000000001 ; 195.86 ; 0.08 ; 18
GA  0.0000000014 ; 0.0000000003 ; 400.78 ; 0.1 ; 7
EK  0.00000000031 ; 0.00000000026 ; 282.11 ; 0.1 ; 7
EL1 0.000000000056 ; 0.000000000044 ; 378.35 ; 0.1 ; 7
EL2 0.000000000018 ; 0.000000000008 ; 379.18 ; 0.1 ; 7
EL3 0.0000000000042 ; 0.0000000000043 ; 383.17 ; 0.1 ; 7
EM  0.000000000018 ; 0.000000000009 ; 396.17 ; 0.1 ; 7
EN  0.0000000000063 ; 0.0000000000029 ; 399.88 ; 0.1 ; 7
GA  0.00000001 ;  ; 462.34 ; 0.08 ; 5
EK  0.0000000015 ; 0.0000000012 ; 343.67 ; 0.08 ; 5
EL1 0.00000000026 ; 0.0000000002 ; 439.91 ; 0.08 ; 5
EL2 0.000000000078 ; 0.00000000002 ; 440.74 ; 0.08 ; 5
EL3 0.000000000015 ; 0.000000000013 ; 444.73 ; 0.08 ; 5
EM  0.00000000009 ; 0.00000000004 ; 457.73 ; 0.08 ; 5
EN  0.00000000003 ; 0.000000000013 ; 461.44 ; 0.08 ; 5
COM -------------- Level Separator - T1/2 in seconds -------------
LED 590.09 ; 0.04 ; 15 ;  ;  ; 28
GA   ;  ; 322.52 ; 0.04 ; 9
GA  0.0000000062 ; 0.0000000005 ; 487.13 ; 0.04 ; 4
EK  0.00000000144 ; 0.00000000012 ; 368.461 ; 0.04 ; 4
EL1 0.000000000246 ; 0.00000000002 ; 464.703 ; 0.04 ; 4
EL2 0.0000000000316 ; 0.0000000000026 ; 465.53 ; 0.04 ; 4
EL3 0.00000000000113 ; 0.00000000000009 ; 469.52 ; 0.04 ; 4
EM  0.000000000068 ; 0.000000000006 ; 482.519 ; 0.04 ; 4
EN  0.0000000000227 ; 0.0000000000019 ; 486.227 ; 0.04 ; 4
GA  0.000000028 ; 0.0000000006 ; 590.09 ; 0.04 ; 0
EK  0.000000000229 ; 0.000000000007 ; 471.421 ; 0.04 ; 0
EL1 0.0000000000324 ; 0.0000000000008 ; 567.663 ; 0.04 ; 0
EL2 0.00000000000571 ; 0.00000000000015 ; 568.49 ; 0.04 ; 0
EL3 0.00000000000294 ; 0.00000000000008 ; 572.48 ; 0.04 ; 0
EM  0.00000000000983 ; 0.00000000000029 ; 585.479 ; 0.04 ; 0
EN  0.00000000000329 ; 0.00000000000009 ; 589.187 ; 0.04 ; 0
COM -------------- Level Separator - T1/2 in seconds -------------
LED 546.12 ; 0.06 ; 23 ;  ;  ; 27
GA   ;  ; 31.92 ; 0.08 ; 26
GA   ;  ; 264.76 ; 0.07 ; 10
GA  0.0000000115 ; 0.0000000003 ; 278.04 ; 0.15 ; 9
EK  0.00000001233 ; 0.0000000004 ; 159.37 ; 0.15 ; 9
EL1 0.00000000213 ; 0.00000000007 ; 255.61 ; 0.15 ; 9
EL2 0.000000000275 ; 0.000000000009 ; 256.44 ; 0.15 ; 9
EL3 0.00000000001056 ; 0.00000000000031 ; 260.43 ; 0.15 ; 9
EM  0.000000000585 ; 0.000000000019 ; 273.43 ; 0.15 ; 9
EN  0.000000000198 ; 0.000000000006 ; 277.14 ; 0.15 ; 9
GA  0.000000021 ; 0.000000004 ; 512.5 ; 0.3 ; 1
EK  0.000000000225 ; 0.000000000043 ; 393.83 ; 0.3 ; 1
EL1 0.000000000032 ; 0.000000000006 ; 490.07 ; 0.3 ; 1
EL2 0.0000000000061 ; 0.0000000000012 ; 490.9 ; 0.3 ; 1
EL3 0.0000000000033 ; 0.0000000000006 ; 494.89 ; 0.3 ; 1
EM  0.0000000000099 ; 0.0000000000019 ; 507.89 ; 0.3 ; 1
EN  0.0000000000033 ; 0.0000000000006 ; 511.6 ; 0.3 ; 1
GA  0.0000000025 ; 0.0000000003 ; 546.12 ; 0.06 ; 0
EK  0.0000000000237 ; 0.0000000000029 ; 427.45 ; 0.06 ; 0
EL1 0.00000000000334 ; 0.0000000000004 ; 523.69 ; 0.06 ; 0
EL2 0.00000000000062 ; 0.00000000000008 ; 524.52 ; 0.06 ; 0
EL3 0.000000000000326 ; 0.000000000000039 ; 528.51 ; 0.06 ; 0
EM  0.00000000000102 ; 0.00000000000013 ; 541.51 ; 0.06 ; 0
EN  0.000000000000343 ; 0.000000000000041 ; 545.22 ; 0.06 ; 0
COM -------------- Level Separator - T1/2 in seconds -------------
LED 514.19 ; 0.04 ; 35 ;  ;  ; 26
GA  0.000000005 ;  ; 154.27 ; 0.2 ; 15
EK  0.000000028 ; 0.0000000006 ; 35.6 ; 0.2 ; 15
EL1 0.0000000049 ; 0.00000000008 ; 131.84 ; 0.2 ; 15
EL2 0.000000000618 ; 0.000000000009 ; 132.67 ; 0.2 ; 15
EL3 0.00000000002605 ; 0.0000000000004 ; 136.66 ; 0.2 ; 15
EM  0.000000001345 ; 0.00000000003 ; 149.66 ; 0.2 ; 15
EN  0.000000000454 ; 0.000000000007 ; 153.37 ; 0.2 ; 15
GA  0.0000000482 ; 0.0000000009 ; 232.81 ; 0.05 ; 10
EK  0.0000000848 ; 0.0000000025 ; 114.14 ; 0.05 ; 10
EL1 0.0000000147 ; 0.00000000037 ; 210.38 ; 0.05 ; 10
EL2 0.000000001885 ; 0.000000000046 ; 211.21 ; 0.05 ; 10
EL3 0.0000000000744 ; 0.0000000000017 ; 215.2 ; 0.05 ; 10
EM  0.00000000403 ; 0.00000000011 ; 228.2 ; 0.05 ; 10
EN  0.000000001363 ; 0.000000000034 ; 231.91 ; 0.05 ; 10
GA  0.0000000244 ; 0.0000000007 ; 246.73 ; 0.1 ; 9
EK  0.0000000364 ; 0.0000000013 ; 128.06 ; 0.1 ; 9
EL1 0.00000000632 ; 0.00000000021 ; 224.3 ; 0.1 ; 9
EL2 0.000000000813 ; 0.000000000026 ; 225.13 ; 0.1 ; 9
EL3 0.0000000000318 ; 0.000000000001 ; 229.12 ; 0.1 ; 9
EM  0.00000000173 ; 0.00000000006 ; 242.12 ; 0.1 ; 9
EN  0.000000000587 ; 0.000000000019 ; 245.83 ; 0.1 ; 9
GA  0.0000000953 ; 0.0000000012 ; 454.66 ; 0.08 ; 2
EK  0.0000000266 ; 0.0000000007 ; 335.99 ; 0.08 ; 2
EL1 0.00000000456 ; 0.00000000009 ; 432.23 ; 0.08 ; 2
EL2 0.000000000587 ; 0.000000000011 ; 433.06 ; 0.08 ; 2
EL3 0.00000000002116 ; 0.00000000000047 ; 437.05 ; 0.08 ; 2
EM  0.000000001248 ; 0.000000000033 ; 450.05 ; 0.08 ; 2
EN  0.000000000422 ; 0.000000000008 ; 453.76 ; 0.08 ; 2
GA  0.000000038 ; 0.000000002 ; 514 ; 0.5 ; 0
EK  0.000000000403 ; 0.000000000023 ; 395.3 ; 0.5 ; 0
EL1 0.0000000000567 ; 0.0000000000031 ; 491.6 ; 0.5 ; 0
EL2 0.000000000011 ; 0.0000000000006 ; 492.4 ; 0.5 ; 0
EL3 0.00000000000589 ; 0.00000000000032 ; 496.4 ; 0.5 ; 0
EM  0.0000000000179 ; 0.000000000001 ; 509.4 ; 0.5 ; 0
EN  0.00000000000591 ; 0.00000000000032 ; 513.1 ; 0.5 ; 0
COM -------------- Level Separator - T1/2 in seconds -------------
LED 497.01 ; 0.05 ; 7 ;  ;  ; 25
GA  0.000000215 ; 0.00000001 ; 191.96 ; 0.04 ; 11
EK  0.0000000348 ; 0.0000000017 ; 73.291 ; 0.04 ; 11
EL1 0.00000000985 ; 0.00000000048 ; 169.533 ; 0.04 ; 11
EL2 0.0000000744 ; 0.0000000036 ; 170.36 ; 0.04 ; 11
EL3 0.0000000364 ; 0.0000000018 ; 174.35 ; 0.04 ; 11
EM  0.0000000333 ; 0.0000000017 ; 187.349 ; 0.04 ; 11
EN  0.0000000113 ; 0.0000000005 ; 191.057 ; 0.04 ; 11
COM -------------- Level Separator - T1/2 in seconds -------------
LED 486.21 ; 0.09 ; 8 ;  ;  ; 24
GA  0.000000015 ;  ; 161.54 ; 0.1 ; 13
EK  0.0000000737 ; 0.0000000015 ; 42.87 ; 0.1 ; 13
EL1 0.00000001287 ; 0.0000000002 ; 139.11 ; 0.1 ; 13
EL2 0.000000001628 ; 0.000000000024 ; 139.94 ; 0.1 ; 13
EL3 0.0000000000681 ; 0.0000000000011 ; 143.93 ; 0.1 ; 13
EM  0.00000000354 ; 0.00000000008 ; 156.93 ; 0.1 ; 13
EN  0.000000001193 ; 0.000000000017 ; 160.64 ; 0.1 ; 13
GA   ;  ; 260.22 ; 0.09 ; 8
COM -------------- Level Separator - T1/2 in seconds -------------
LED 459.693 ; 0.024 ; 22 ;  ;  ; 23
GA   ;  ; 135.27 ; 0.04 ; 13
GA  0.000000281 ; 0.000000006 ; 383.81 ; 0.03 ; 3
EK  0.00000007 ; 0.00000006 ; 265.141 ; 0.03 ; 3
EL1 0.000000011 ; 0.000000011 ; 361.383 ; 0.03 ; 3
EL2 0.0000000042 ; 0.0000000017 ; 362.21 ; 0.03 ; 3
EL3 0.0000000008 ; 0.0000000008 ; 366.2 ; 0.03 ; 3
EM  0.0000000042 ; 0.0000000017 ; 379.199 ; 0.03 ; 3
EN  0.0000000014 ; 0.0000000005 ; 382.907 ; 0.03 ; 3
GA  0.00000031 ; 0.00000006 ; 426.47 ; 0.04 ; 1
EK  0.000000059 ; 0.000000048 ; 307.801 ; 0.04 ; 1
EL1 0.00000001 ; 0.000000008 ; 404.043 ; 0.04 ; 1
EL2 0.0000000031 ; 0.0000000011 ; 404.87 ; 0.04 ; 1
EL3 0.0000000007 ; 0.0000000006 ; 408.86 ; 0.04 ; 1
EM  0.0000000034 ; 0.0000000017 ; 421.859 ; 0.04 ; 1
EN  0.0000000011 ; 0.0000000005 ; 425.567 ; 0.04 ; 1
GA  0.0000000355 ; 0.0000000007 ; 459.68 ; 0.1 ; 0
EK  0.0000000053 ; 0.0000000043 ; 341.01 ; 0.1 ; 0
EL1 0.0000000009 ; 0.0000000007 ; 437.25 ; 0.1 ; 0
EL2 0.00000000028 ; 0.00000000007 ; 438.08 ; 0.1 ; 0
EL3 0.000000000053 ; 0.00000000005 ; 442.07 ; 0.1 ; 0
EM  0.00000000032 ; 0.00000000014 ; 455.07 ; 0.1 ; 0
EN  0.000000000106 ; 0.00000000005 ; 458.78 ; 0.1 ; 0
COM -------------- Level Separator - T1/2 in seconds -------------
LED 452.545 ; 0.022 ; 35 ;  ;  ; 22
GA  0.0000000129 ; 0.0000000006 ; 261 ; 0.07 ; 7
EK  0.00000000126 ; 0.00000000006 ; 142.33 ; 0.07 ; 7
EL1 0.000000000285 ; 0.000000000014 ; 238.57 ; 0.07 ; 7
EL2 0.00000000123 ; 0.00000000006 ; 239.4 ; 0.07 ; 7
EL3 0.000000000504 ; 0.000000000025 ; 243.39 ; 0.07 ; 7
EM  0.000000000552 ; 0.000000000028 ; 256.39 ; 0.07 ; 7
EN  0.000000000186 ; 0.000000000009 ; 260.1 ; 0.07 ; 7
GA  0.00000151 ; 0.00000004 ; 322.56 ; 0.03 ; 5
EK  0.000000817 ; 0.000000025 ; 203.891 ; 0.03 ; 5
EL1 0.0000001418 ; 0.0000000043 ; 300.133 ; 0.03 ; 5
EL2 0.0000000337 ; 0.0000000011 ; 300.96 ; 0.03 ; 5
EL3 0.00000000645 ; 0.00000000019 ; 304.95 ; 0.03 ; 5
EM  0.0000000448 ; 0.0000000014 ; 317.949 ; 0.03 ; 5
EN  0.00000001513 ; 0.00000000046 ; 321.657 ; 0.03 ; 5
GA  0.00000137 ; 0.00000003 ; 376.65 ; 0.03 ; 3
EK  0.000000638 ; 0.000000019 ; 257.981 ; 0.03 ; 3
EL1 0.0000001096 ; 0.0000000029 ; 354.223 ; 0.03 ; 3
EL2 0.00000001417 ; 0.00000000037 ; 355.05 ; 0.03 ; 3
EL3 0.000000000522 ; 0.000000000014 ; 359.04 ; 0.03 ; 3
EM  0.0000000301 ; 0.000000001 ; 372.039 ; 0.03 ; 3
EN  0.00000001016 ; 0.00000000027 ; 375.747 ; 0.03 ; 3
GA  0.000000284 ; 0.000000004 ; 419.33 ; 0.04 ; 1
EK  0.000000054 ; 0.000000045 ; 300.661 ; 0.04 ; 1
EL1 0.000000009 ; 0.000000009 ; 396.903 ; 0.04 ; 1
EL2 0.0000000031 ; 0.0000000011 ; 397.73 ; 0.04 ; 1
EL3 0.0000000007 ; 0.0000000006 ; 401.72 ; 0.04 ; 1
EM  0.0000000034 ; 0.0000000014 ; 414.719 ; 0.04 ; 1
EN  0.00000000114 ; 0.00000000048 ; 418.427 ; 0.04 ; 1
GA  0.0000000236 ; 0.0000000007 ; 452.6 ; 0.2 ; 0
EK  0.000000000843 ; 0.00000000003 ; 333.93 ; 0.2 ; 0
EL1 0.000000000159 ; 0.000000000005 ; 430.17 ; 0.2 ; 0
EL2 0.000000000251 ; 0.000000000008 ; 431 ; 0.2 ; 0
EL3 0.0000000000729 ; 0.0000000000025 ; 434.99 ; 0.2 ; 0
EM  0.0000000001281 ; 0.0000000000046 ; 447.99 ; 0.2 ; 0
EN  0.0000000000432 ; 0.0000000000014 ; 451.7 ; 0.2 ; 0
COM -------------- Level Separator - T1/2 in seconds -------------
LED 444.78 ; 0.1 ; 1 ;  ;  ; 21
GA  0.000000045 ;  ; 120.36 ; 0.08 ; 13
COM -------------- Level Separator - T1/2 in seconds -------------
LED 434.12 ; 0.05 ; 28 ;  ;  ; 20
GA  0.000000049 ;  ; 109.7 ; 0.07 ; 13
EL1 0.00000001107 ; 0.0000000002 ; 87.27 ; 0.07 ; 13
EL2 0.000000198 ; 0.0000000029 ; 88.1 ; 0.07 ; 13
EL3 0.0000001269 ; 0.000000002 ; 92.09 ; 0.07 ; 13
EM  0.0000000936 ; 0.000000002 ; 105.09 ; 0.07 ; 13
EN  0.0000000316 ; 0.00000000048 ; 108.8 ; 0.07 ; 13
GA   ;  ; 129.07 ; 0.06 ; 11
GA  0.0000000632 ; 0.000000001 ; 275.77 ; 0.08 ; 6
EK  0.000000038 ; 0.000000032 ; 157.1 ; 0.08 ; 6
EL1 0.000000006 ; 0.000000006 ; 253.34 ; 0.08 ; 6
EL2 0.0000000032 ; 0.0000000019 ; 254.17 ; 0.08 ; 6
EL3 0.000000001 ; 0.0000000009 ; 258.16 ; 0.08 ; 6
EM  0.0000000027 ; 0.0000000006 ; 271.16 ; 0.08 ; 6
EN  0.00000000092 ; 0.0000000002 ; 274.87 ; 0.08 ; 6
GA  0.0000000093 ; 0.0000000002 ; 304.21 ; 0.2 ; 5
EK  0.000000000288 ; 0.000000000008 ; 185.54 ; 0.2 ; 5
EL1 0.0000000000388 ; 0.000000000001 ; 281.78 ; 0.2 ; 5
EL2 0.00000000001091 ; 0.00000000000028 ; 282.61 ; 0.2 ; 5
EL3 0.00000000000679 ; 0.00000000000018 ; 286.6 ; 0.2 ; 5
EM  0.00000000001367 ; 0.00000000000041 ; 299.6 ; 0.2 ; 5
EN  0.00000000000456 ; 0.00000000000012 ; 303.31 ; 0.2 ; 5
GA  0.0000000129 ; 0.0000000005 ; 358.25 ; 0.2 ; 3
EK  0.000000000284 ; 0.000000000012 ; 239.58 ; 0.2 ; 3
EL1 0.0000000000387 ; 0.0000000000016 ; 335.82 ; 0.2 ; 3
EL2 0.0000000000097 ; 0.0000000000004 ; 336.65 ; 0.2 ; 3
EL3 0.00000000000575 ; 0.00000000000024 ; 340.64 ; 0.2 ; 3
EM  0.000000000013 ; 0.0000000000006 ; 353.64 ; 0.2 ; 3
EN  0.00000000000436 ; 0.00000000000018 ; 357.35 ; 0.2 ; 3
COM -------------- Level Separator - T1/2 in seconds -------------
LED 418.2 ; 0.1 ; 0 ;  ;  ; 19
COM -------------- Level Separator - T1/2 in seconds -------------
LED 395.53 ; 0.04 ; 14 ;  ;  ; 18
GA  0.0000017 ; 0.0000001 ; 169.56 ; 0.03 ; 8
EK  0.000000321 ; 0.00000002 ; 50.891 ; 0.03 ; 8
EL1 0.000000107 ; 0.000000006 ; 147.133 ; 0.03 ; 8
EL2 0.000001 ; 0.00000006 ; 147.96 ; 0.03 ; 8
EL3 0.000000525 ; 0.000000032 ; 151.95 ; 0.03 ; 8
EM  0.000000454 ; 0.000000029 ; 164.949 ; 0.03 ; 8
EN  0.000000153 ; 0.000000009 ; 168.657 ; 0.03 ; 8
GA  0.0000000206 ; 0.0000000006 ; 204.06 ; 0.06 ; 7
EK  0.00000000155 ; 0.00000000005 ; 85.39 ; 0.06 ; 7
EL1 0.000000000199 ; 0.000000000006 ; 181.63 ; 0.06 ; 7
EL2 0.0000000000735 ; 0.0000000000024 ; 182.46 ; 0.06 ; 7
EL3 0.0000000000515 ; 0.0000000000017 ; 186.45 ; 0.06 ; 7
EM  0.0000000000787 ; 0.0000000000028 ; 199.45 ; 0.06 ; 7
EN  0.0000000000262 ; 0.0000000000009 ; 203.16 ; 0.06 ; 7
COM -------------- Level Separator - T1/2 in seconds -------------
LED 370.928 ; 0.023 ; 17 ;  ;  ; 17
GA   ;  ; 38.54 ; 0.03 ; 14
EL  0 ; 0.0000000000009 ; 17.994 ; 0.03 ; 14
EM  0 ; 0.0000000000009 ; 33.929 ; 0.03 ; 14
GA  0.0000000488 ; 0.0000000009 ; 337.7 ; 0.2 ; 1
EK  0.00000000299 ; 0.00000000008 ; 219.03 ; 0.2 ; 1
EL1 0.000000000609 ; 0.000000000014 ; 315.27 ; 0.2 ; 1
EL2 0.00000000163 ; 0.000000000039 ; 316.1 ; 0.2 ; 1
EL3 0.000000000571 ; 0.000000000013 ; 320.09 ; 0.2 ; 1
EM  0.000000000761 ; 0.00000000002 ; 333.09 ; 0.2 ; 1
EN  0.000000000256 ; 0.000000000006 ; 336.8 ; 0.2 ; 1
GA  0.00000052 ; 0.000000008 ; 370.94 ; 0.03 ; 0
EK  0.000000218 ; 0.000000031 ; 252.271 ; 0.03 ; 0
EL1 0.000000037 ; 0.000000005 ; 348.513 ; 0.03 ; 0
EL2 0.0000000066 ; 0.0000000009 ; 349.34 ; 0.03 ; 0
EL3 0.0000000008 ; 0.0000000005 ; 353.33 ; 0.03 ; 0
EM  0.000000011 ; 0.0000000005 ; 366.329 ; 0.03 ; 0
EN  0.00000000369 ; 0.00000000033 ; 370.037 ; 0.03 ; 0
COM -------------- Level Separator - T1/2 in seconds -------------
LED 368.602 ; 0.02 ; 28 ;  ;  ; 16
GA  0.000000142 ; 0.000000003 ; 292.77 ; 0.06 ; 3
EK  0.0000000113 ; 0.00000000033 ; 174.1 ; 0.06 ; 3
EL1 0.00000000242 ; 0.00000000006 ; 270.34 ; 0.06 ; 3
EL2 0.00000000842 ; 0.00000000022 ; 271.17 ; 0.06 ; 3
EL3 0.00000000324 ; 0.00000000009 ; 275.16 ; 0.06 ; 3
EM  0.00000000383 ; 0.00000000012 ; 288.16 ; 0.06 ; 3
EN  0.000000001295 ; 0.000000000033 ; 291.87 ; 0.06 ; 3
GA  0.00000002 ; 0.000000003 ; 309.1 ; 0.3 ; 2
EK  0.0000000006 ; 0.00000000009 ; 190.43 ; 0.3 ; 2
EL1 0.000000000081 ; 0.000000000012 ; 286.67 ; 0.3 ; 2
EL2 0.0000000000225 ; 0.0000000000034 ; 287.5 ; 0.3 ; 2
EL3 0.0000000000139 ; 0.0000000000021 ; 291.49 ; 0.3 ; 2
EM  0.0000000000284 ; 0.0000000000043 ; 304.49 ; 0.3 ; 2
EN  0.0000000000094 ; 0.0000000000014 ; 308.2 ; 0.3 ; 2
GA  0.00000496 ; 0.00000007 ; 335.37 ; 0.03 ; 1
EK  0.00000268 ; 0.00000035 ; 216.701 ; 0.03 ; 1
EL1 0.00000046 ; 0.00000005 ; 312.943 ; 0.03 ; 1
EL2 0.000000088 ; 0.000000011 ; 313.77 ; 0.03 ; 1
EL3 0.000000013 ; 0.000000006 ; 317.76 ; 0.03 ; 1
EM  0.000000138 ; 0.000000005 ; 330.759 ; 0.03 ; 1
EN  0.0000000463 ; 0.0000000031 ; 334.467 ; 0.03 ; 1
GA  0.00000214 ; 0.00000005 ; 368.62 ; 0.03 ; 0
EK  0.000001057 ; 0.000000033 ; 249.951 ; 0.03 ; 0
EL1 0.0000001817 ; 0.000000005 ; 346.193 ; 0.03 ; 0
EL2 0.0000000235 ; 0.0000000006 ; 347.02 ; 0.03 ; 0
EL3 0.000000000867 ; 0.000000000024 ; 351.01 ; 0.03 ; 0
EM  0.0000000499 ; 0.0000000016 ; 364.009 ; 0.03 ; 0
EN  0.00000001683 ; 0.00000000046 ; 367.717 ; 0.03 ; 0
COM -------------- Level Separator - T1/2 in seconds -------------
LED 359.7 ; 0.1 ; 2 ;  ;  ; 15
GA   ;  ; 92.35 ; 0.2 ; 9
GA   ;  ; 300.13 ; 0.06 ; 2
COM -------------- Level Separator - T1/2 in seconds -------------
LED 332.376 ; 0.016 ; 19 ; 1.E-9 ;  ; 14
GA  0.00000026 ; 0.00000012 ; 51.01 ; 0.03 ; 10
EL1 0.000000046 ; 0.000000021 ; 28.583 ; 0.03 ; 10
EL2 0.000000049 ; 0.000000023 ; 29.41 ; 0.03 ; 10
EL3 0.000000051 ; 0.000000024 ; 33.4 ; 0.03 ; 10
EM  0.000000037 ; 0.000000017 ; 46.399 ; 0.03 ; 10
EN  0.000000012 ; 0.000000006 ; 50.107 ; 0.03 ; 10
GA  0.0000014 ; 0.0000002 ; 64.83 ; 0.02 ; 9
EL1 0.000000156 ; 0.000000022 ; 42.403 ; 0.02 ; 9
EL2 0.000000134 ; 0.000000019 ; 43.23 ; 0.02 ; 9
EL3 0.000000131 ; 0.000000019 ; 47.22 ; 0.02 ; 9
EM  0.000000104 ; 0.000000015 ; 60.219 ; 0.02 ; 9
EN  0.0000000342 ; 0.0000000049 ; 63.927 ; 0.02 ; 9
GA  0.0000015 ; 0.00000004 ; 332.35 ; 0.03 ; 0
EK  0.0000000946 ; 0.0000000032 ; 213.681 ; 0.03 ; 0
EL1 0.0000000194 ; 0.0000000006 ; 309.923 ; 0.03 ; 0
EL2 0.0000000534 ; 0.0000000016 ; 310.75 ; 0.03 ; 0
EL3 0.0000000189 ; 0.0000000006 ; 314.74 ; 0.03 ; 0
EM  0.0000000248 ; 0.0000000009 ; 327.739 ; 0.03 ; 0
EN  0.00000000836 ; 0.00000000026 ; 331.447 ; 0.03 ; 0
COM -------------- Level Separator - T1/2 in seconds -------------
LED 324.42 ; 0.023 ; 36 ;  ;  ; 13
GA   ;  ; 56.86 ; 0.03 ; 9
GA  0.00000023 ; 0.00000001 ; 165.81 ; 0.06 ; 6
EK  0.0000006 ; 0.0000005 ; 47.14 ; 0.06 ; 6
EL1 0.00000009 ; 0.00000009 ; 143.38 ; 0.06 ; 6
EL2 0.00000009 ; 0.00000007 ; 144.21 ; 0.06 ; 6
EL3 0.000000039 ; 0.000000039 ; 148.2 ; 0.06 ; 6
EM  0.00000006 ; 0.00000001 ; 161.2 ; 0.06 ; 6
EN  0.0000000199 ; 0.0000000032 ; 164.91 ; 0.06 ; 6
GA  0.000000434 ; 0.000000008 ; 221.46 ; 0.03 ; 4
EK  0.00000048 ; 0.00000043 ; 102.791 ; 0.03 ; 4
EL1 0.00000008 ; 0.00000007 ; 199.033 ; 0.03 ; 4
EL2 0.000000052 ; 0.000000035 ; 199.86 ; 0.03 ; 4
EL3 0.000000017 ; 0.000000022 ; 203.85 ; 0.03 ; 4
EM  0.0000000391 ; 0.0000000031 ; 216.849 ; 0.03 ; 4
EN  0.0000000132 ; 0.000000001 ; 220.557 ; 0.03 ; 4
GA  0.0000000146 ; 0.0000000003 ; 248.52 ; 0.03 ; 3
EK  0.000000000704 ; 0.000000000021 ; 129.851 ; 0.03 ; 3
EL1 0.0000000000926 ; 0.0000000000023 ; 226.093 ; 0.03 ; 3
EL2 0.0000000000299 ; 0.0000000000008 ; 226.92 ; 0.03 ; 3
EL3 0.00000000001978 ; 0.00000000000049 ; 230.91 ; 0.03 ; 3
EM  0.0000000000345 ; 0.000000000001 ; 243.909 ; 0.03 ; 3
EN  0.0000000000115 ; 0.00000000000029 ; 247.617 ; 0.03 ; 3
GA  0.0000000943 ; 0.0000000012 ; 264.88 ; 0.03 ; 2
EK  0.00000007 ; 0.00000006 ; 146.211 ; 0.03 ; 2
EL1 0.000000011 ; 0.000000009 ; 242.453 ; 0.03 ; 2
EL2 0.0000000057 ; 0.0000000038 ; 243.28 ; 0.03 ; 2
EL3 0.0000000018 ; 0.0000000017 ; 247.27 ; 0.03 ; 2
EM  0.0000000046 ; 0.0000000009 ; 260.269 ; 0.03 ; 2
EN  0.00000000157 ; 0.00000000029 ; 263.977 ; 0.03 ; 2
GA  0.0000000305 ; 0.0000000008 ; 291.3 ; 0.2 ; 1
EK  0.00000000104 ; 0.000000000035 ; 172.63 ; 0.2 ; 1
EL1 0.0000000001391 ; 0.0000000000042 ; 268.87 ; 0.2 ; 1
EL2 0.0000000000403 ; 0.0000000000012 ; 269.7 ; 0.2 ; 1
EL3 0.0000000000254 ; 0.0000000000008 ; 273.69 ; 0.2 ; 1
EM  0.0000000000494 ; 0.0000000000016 ; 286.69 ; 0.2 ; 1
EN  0.0000000000165 ; 0.0000000000005 ; 290.4 ; 0.2 ; 1
COM -------------- Level Separator - T1/2 in seconds -------------
LED 316.8 ; 0.2 ; 1 ;  ;  ; 12
GA   ;  ; 316.8 ; 0.2 ; 0
COM -------------- Level Separator - T1/2 in seconds -------------
LED 305.05 ; 0.03 ; 15 ;  ;  ; 11
GA   ;  ; 79.05 ; 0.03 ; 8
GA  0.0000046 ; 0.0000001 ; 146.55 ; 0.03 ; 6
EK  0.000000966 ; 0.000000028 ; 27.881 ; 0.03 ; 6
EL1 0.000000429 ; 0.000000011 ; 124.123 ; 0.03 ; 6
EL2 0.00000512 ; 0.00000013 ; 124.95 ; 0.03 ; 6
EL3 0.00000288 ; 0.00000008 ; 128.94 ; 0.03 ; 6
EM  0.00000235 ; 0.00000007 ; 141.939 ; 0.03 ; 6
EN  0.000000791 ; 0.000000021 ; 145.647 ; 0.03 ; 6
GA  0.00000018 ; 0.00000003 ; 175.07 ; 0.04 ; 5
EK  0.0000000192 ; 0.0000000032 ; 56.401 ; 0.04 ; 5
EL1 0.00000000242 ; 0.0000000004 ; 152.643 ; 0.04 ; 5
EL2 0.00000000099 ; 0.00000000017 ; 153.47 ; 0.04 ; 5
EL3 0.00000000073 ; 0.00000000012 ; 157.46 ; 0.04 ; 5
EM  0.00000000101 ; 0.00000000017 ; 170.459 ; 0.04 ; 5
EN  0.00000000033 ; 0.00000000006 ; 174.167 ; 0.04 ; 5
COM -------------- Level Separator - T1/2 in seconds -------------
LED 281.356 ; 0.018 ; 3 ;  ;  ; 10
GA   ;  ; 13.81 ; 0.02 ; 9
EM  0 ; 0.00000000006 ; 9.199 ; 0.02 ; 9
EN  0 ; 0.00000000007 ; 12.907 ; 0.02 ; 9
COM -------------- Level Separator - T1/2 in seconds -------------
LED 267.556 ; 0.012 ; 28 ; 5.2E-9 ; 2.E-10 ; 9
GA  0.00000066 ; 0.00000003 ; 164.61 ; 0.02 ; 4
EK  0.000000129 ; 0.000000006 ; 45.941 ; 0.02 ; 4
EL1 0.0000000449 ; 0.0000000021 ; 142.183 ; 0.02 ; 4
EL2 0.000000443 ; 0.000000021 ; 143.01 ; 0.02 ; 4
EL3 0.000000236 ; 0.000000011 ; 147 ; 0.02 ; 4
EM  0.000000201 ; 0.00000001 ; 159.999 ; 0.02 ; 4
EN  0.0000000676 ; 0.0000000032 ; 163.707 ; 0.02 ; 4
GA  0.00000786 ; 0.00000009 ; 208.005 ; 0.023 ; 2
EK  0.00001847 ; 0.00000045 ; 89.336 ; 0.023 ; 2
EL1 0.00000322 ; 0.00000006 ; 185.578 ; 0.023 ; 2
EL2 0.000000457 ; 0.000000009 ; 186.405 ; 0.023 ; 2
EL3 0.000000038 ; 0.0000000016 ; 190.395 ; 0.023 ; 2
EM  0.000000903 ; 0.000000021 ; 203.394 ; 0.023 ; 2
EN  0.000000305 ; 0.000000006 ; 207.102 ; 0.023 ; 2
GA  0.0000000087 ; 0.0000000008 ; 234.4 ; 0.04 ; 1
EK  0.0000000487 ; 0.0000000046 ; 115.731 ; 0.04 ; 1
EL1 0.0000000134 ; 0.0000000012 ; 211.973 ; 0.04 ; 1
EL2 0.00000000206 ; 0.00000000019 ; 212.8 ; 0.04 ; 1
EL3 0.00000000149 ; 0.00000000014 ; 216.79 ; 0.04 ; 1
EM  0.00000000445 ; 0.00000000042 ; 229.789 ; 0.04 ; 1
EN  0.00000000152 ; 0.00000000014 ; 233.497 ; 0.04 ; 1
GA  0.000000268 ; 0.000000006 ; 267.54 ; 0.04 ; 0
EK  0.000000198 ; 0.000000012 ; 148.871 ; 0.04 ; 0
EL1 0.0000000507 ; 0.0000000029 ; 245.113 ; 0.04 ; 0
EL2 0.0000000082 ; 0.00000000044 ; 245.94 ; 0.04 ; 0
EL3 0.0000000049 ; 0.00000000027 ; 249.93 ; 0.04 ; 0
EM  0.0000000166 ; 0.0000000007 ; 262.929 ; 0.04 ; 0
EN  0.00000000567 ; 0.00000000032 ; 266.637 ; 0.04 ; 0
COM -------------- Level Separator - T1/2 in seconds -------------
LED 225.957 ; 0.016 ; 20 ;  ;  ; 8
GA  0.0000042 ; 0.000001 ; 67.5 ; 0.02 ; 6
EL1 0.000038 ; 0.00001 ; 45.073 ; 0.02 ; 6
EL2 0.000034 ; 0.000015 ; 45.9 ; 0.02 ; 6
EL3 0.000021 ; 0.000011 ; 49.89 ; 0.02 ; 6
EM  0.000024 ; 0.000008 ; 62.889 ; 0.02 ; 6
EN  0.0000083 ; 0.0000028 ; 66.597 ; 0.02 ; 6
GA  0.00001 ; 0.0000004 ; 123.05 ; 0.01 ; 4
EK  0.00000184 ; 0.00000008 ; 4.381 ; 0.01 ; 4
EL1 0.00000156 ; 0.00000007 ; 100.623 ; 0.01 ; 4
EL2 0.0000242 ; 0.000001 ; 101.45 ; 0.01 ; 4
EL3 0.0000148 ; 0.0000006 ; 105.44 ; 0.01 ; 4
EM  0.0000113 ; 0.0000005 ; 118.439 ; 0.01 ; 4
EN  0.0000038 ; 0.00000016 ; 122.147 ; 0.01 ; 4
GA  0.00000073 ; 0.00000005 ; 150.04 ; 0.03 ; 3
EK  0.000000111 ; 0.000000008 ; 31.371 ; 0.03 ; 3
EL1 0.0000000137 ; 0.000000001 ; 127.613 ; 0.03 ; 3
EL2 0.00000000626 ; 0.00000000044 ; 128.44 ; 0.03 ; 3
EL3 0.0000000048 ; 0.00000000034 ; 132.43 ; 0.03 ; 3
EM  0.00000000604 ; 0.00000000043 ; 145.429 ; 0.03 ; 3
EN  0.00000000201 ; 0.00000000014 ; 149.137 ; 0.03 ; 3
COM -------------- Level Separator - T1/2 in seconds -------------
LED 191.53 ; 0.06 ; 2 ;  ;  ; 7
GA   ;  ; 61.56 ; 0.07 ; 5
GA   ;  ; 115.65 ; 0.06 ; 3
COM -------------- Level Separator - T1/2 in seconds -------------
LED 158.497 ; 0.011 ; 19 ;  ;  ; 6
GA  0.000181 ; 0.000018 ; 55.56 ; 0.02 ; 4
EL1 0.00293 ; 0.00031 ; 33.133 ; 0.02 ; 4
EL2 0.0033 ; 0.0005 ; 33.96 ; 0.02 ; 4
EL3 0.00241 ; 0.00043 ; 37.95 ; 0.02 ; 4
EM  0.00228 ; 0.0003 ; 50.949 ; 0.02 ; 4
EN  0.00076 ; 0.0001 ; 54.657 ; 0.02 ; 4
GA  0.000203 ; 0.000004 ; 98.97 ; 0.02 ; 2
EL1 0.0000654 ; 0.0000016 ; 76.543 ; 0.02 ; 2
EL2 0.001307 ; 0.000032 ; 77.37 ; 0.02 ; 2
EL3 0.000875 ; 0.000021 ; 81.36 ; 0.02 ; 2
EM  0.000625 ; 0.000017 ; 94.359 ; 0.02 ; 2
EN  0.000211 ; 0.000005 ; 98.067 ; 0.02 ; 2
GA  0.000041 ; 0.000002 ; 125.3 ; 0.02 ; 1
EK  0.00000935 ; 0.0000005 ; 6.631 ; 0.02 ; 1
EL1 0.00000114 ; 0.00000006 ; 102.873 ; 0.02 ; 1
EL2 0.000000591 ; 0.00000003 ; 103.7 ; 0.02 ; 1
EL3 0.000000478 ; 0.000000024 ; 107.69 ; 0.02 ; 1
EM  0.000000541 ; 0.000000029 ; 120.689 ; 0.02 ; 1
EN  0.000000179 ; 0.000000009 ; 124.397 ; 0.02 ; 1
COM -------------- Level Separator - T1/2 in seconds -------------
LED 129.99 ; 0.03 ; 2 ;  ;  ; 5
GA   ;  ; 54.09 ; 0.03 ; 3
GA  0.00000047 ; 0.00000016 ; 96.79 ; 0.03 ; 1
COM -------------- Level Separator - T1/2 in seconds -------------
LED 102.959 ; 0.003 ; 19 ; 8.E-11 ; 4.E-11 ; 4
GA   ;  ; 27.06 ; 0.01 ; 3
GA  0.000669 ; 0.000029 ; 43.42 ; 0.003 ; 2
EL1 0.0229 ; 0.0012 ; 20.993 ; 0.003 ; 2
EL2 0.036 ; 0.007 ; 21.82 ; 0.003 ; 2
EL3 0.029 ; 0.006 ; 25.81 ; 0.003 ; 2
EM  0.0234 ; 0.0035 ; 38.8094 ; 0.003 ; 2
EN  0.008 ; 0.0011 ; 42.5174 ; 0.003 ; 2
GA  0.000029 ; 0.000004 ; 69.76 ; 0.03 ; 1
EL1 0.00000278 ; 0.00000039 ; 47.333 ; 0.03 ; 1
EL2 0.00000225 ; 0.00000031 ; 48.16 ; 0.03 ; 1
EL3 0.00000216 ; 0.0000003 ; 52.15 ; 0.03 ; 1
EM  0.00000177 ; 0.00000025 ; 65.149 ; 0.03 ; 1
EN  0.00000058 ; 0.00000008 ; 68.857 ; 0.03 ; 1
GA  0.000195 ; 0.000004 ; 102.98 ; 0.02 ; 0
EL1 0.00000825 ; 0.00000021 ; 80.553 ; 0.02 ; 0
EL2 0.00000495 ; 0.00000013 ; 81.38 ; 0.02 ; 0
EL3 0.00000425 ; 0.00000011 ; 85.37 ; 0.02 ; 0
EM  0.00000427 ; 0.00000012 ; 98.369 ; 0.02 ; 0
EN  0.000001415 ; 0.000000036 ; 102.077 ; 0.02 ; 0
COM -------------- Level Separator - T1/2 in seconds -------------
LED 75.899 ; 0.005 ; 12 ; 5.6E-11 ;  ; 3
GA  0.000055 ; 0.000011 ; 42.704 ; 0.005 ; 1
EL1 0.00223 ; 0.00045 ; 20.277 ; 0.005 ; 1
EL2 0.00055 ; 0.0002 ; 21.104 ; 0.005 ; 1
EL3 0.00027 ; 0.00014 ; 25.094 ; 0.005 ; 1
EM  0.00076 ; 0.00017 ; 38.093 ; 0.005 ; 1
EN  0.00026 ; 0.00006 ; 41.801 ; 0.005 ; 1
GA  0.000006 ;  ; 75.9 ; 0.01 ; 0
EL1 0.00000533 ; 0.00000008 ; 53.473 ; 0.01 ; 0
EL2 0.0001302 ; 0.0000018 ; 54.3 ; 0.01 ; 0
EL3 0.0000962 ; 0.0000014 ; 58.29 ; 0.01 ; 0
EM  0.0000646 ; 0.0000013 ; 71.289 ; 0.01 ; 0
EN  0.00002174 ; 0.00000036 ; 74.997 ; 0.01 ; 0
COM -------------- Level Separator - T1/2 in seconds -------------
LED 59.54092 ; 0.0001 ; 10 ; 6.7E-8 ; 2.E-9 ; 2
GA  0.0231 ; 0.0008 ; 26.3446 ; 0.0002 ; 1
EL1 0.021 ; 0.007 ; 3.9176 ; 0.00024 ; 1
EL2 0.088 ; 0.03 ; 4.7446 ; 0.00024 ; 1
EL3 0.03 ; 0.012 ; 8.7346 ; 0.00024 ; 1
EM  0.037 ; 0.0048 ; 21.734 ; 0.00024 ; 1
GA  0.3592 ; 0.0017 ; 59.5409 ; 0.0001 ; 0
EL1 0.0876 ; 0.0029 ; 37.1139 ; 0.0001 ; 0
EL2 0.171 ; 0.012 ; 37.9409 ; 0.0001 ; 0
EL3 0.0438 ; 0.0032 ; 41.9309 ; 0.0001 ; 0
EM  0.0812 ; 0.0025 ; 54.9303 ; 0.0001 ; 0
COM -------------- Level Separator - T1/2 in seconds -------------
LED 33.19629 ; 0.00022 ; 6 ; 5.4E-11 ; 2.4E-11 ; 1
GA  0.001215 ; 0.000028 ; 33.1963 ; 0.0003 ; 0
EL1 0.1039 ; 0.0029 ; 10.7693 ; 0.0003 ; 0
EL2 0.034 ; 0.011 ; 11.5963 ; 0.0003 ; 0
EL3 0.021 ; 0.011 ; 15.5863 ; 0.0003 ; 0
EM  0.04 ; 0.006 ; 28.5857 ; 0.0003 ; 0
EN  0.0135 ; 0.002 ; 32.29373 ; 0.0003 ; 0
