PAR BA133
AZP 133 ; 56
NDA 1
COM ***************** Evaluation Date: 28/05/2015 ****************
COM ===================== Daughter Separator =====================
DAU CS133
DDE 1 ;  ; 4 ; 15
Q   517.3 ; 1
COM ---------------------- Branch Separator ----------------------
CK  0.573 ; 0.006 ; 4 ; 80.2886999999999 ; 1 ; 0
CL1 0.2144 ; 0.0037 ; 4 ; 80.2886999999999 ; 1 ; 0
CM  0.0664 ; 0.001 ; 4 ; 80.2886999999999 ; 1 ; 0
COM ---------------------- Branch Separator ----------------------
CK  0.1117 ; 0.0039 ; 3 ; 133.4509 ; 1 ; 0
CL1 0.0254 ; 0.0009 ; 3 ; 133.4509 ; 1 ; 0
CM  0.00748 ; 0.00027 ; 3 ; 133.4509 ; 1 ; 0
COM ---------------------- Branch Separator ----------------------
CK  0.00249 ; 0 ; 2 ; 356.6879 ; 1 ; 1
CL1 0.000111 ; 0 ; 2 ; 356.6879 ; 1 ; 1
CM  0.000111 ; 0 ; 2 ; 356.6879 ; 1 ; 1
COM ---------------------- Branch Separator ----------------------
CK  0.00588 ; 0 ; 1 ; 436.3021 ; 1 ; 1
CL1 0.000259 ; 0 ; 1 ; 436.3021 ; 1 ; 1
CM  0.000259 ; 0 ; 1 ; 436.3021 ; 1 ; 1
COM ---------------------- Branch Separator ----------------------
CK  0.00000385 ; 0 ; 0 ; 517.3 ; 1 ; -2
CL1 0.0000009 ; 0 ; 0 ; 517.3 ; 1 ; -2
CM  0.00000025 ; 0 ; 0 ; 517.3 ; 1 ; -2
COM -------------- Level Separator - T1/2 in seconds -------------
LED 437.0113 ; 0.0013 ; 21 ; 1.5E-10 ;  ; 4
GA  0.0214 ; 0.0006 ; 53.1622 ; 0.0018 ; 3
EK  0.1023 ; 0.0032 ; 17.1776 ; 0.0018 ; 3
EL1 0.01252 ; 0.0004 ; 47.4479 ; 0.0018 ; 3
EL2 0.00152 ; 0.00047 ; 47.8028 ; 0.0018 ; 3
EL3 0.0009 ; 0.0006 ; 48.1503 ; 0.0018 ; 3
EM  0.00308 ; 0.00027 ; 52.2133 ; 0.0018 ; 3
EN  0.00074 ; 0.00006 ; 53.0182 ; 0.0018 ; 3
GA  0.0713 ; 0.0006 ; 276.3989 ; 0.0012 ; 2
EK  0.00328 ; 0.00006 ; 240.4146 ; 0.0021 ; 2
EL1 0.00035 ; 0.000006 ; 270.6849 ; 0.0021 ; 2
EL2 0.0001362 ; 0.0000024 ; 271.0398 ; 0.0021 ; 2
EL3 0.0001138 ; 0.0000019 ; 271.3873 ; 0.0021 ; 2
EM  0.0001257 ; 0.0000021 ; 275.4503 ; 0.0021 ; 2
EN  0.0000294 ; 0.0000005 ; 276.2552 ; 0.0021 ; 2
GA  0.6205 ; 0.0019 ; 356.0129 ; 0.0007 ; 1
EK  0.01309 ; 0.00019 ; 320.0288 ; 0.0017 ; 1
EL1 0.00144 ; 0.000025 ; 350.2991 ; 0.0017 ; 1
EL2 0.000403 ; 0.000006 ; 350.654 ; 0.0017 ; 1
EL3 0.0003096 ; 0.0000044 ; 351.0015 ; 0.0017 ; 1
EM  0.000447 ; 0.000006 ; 355.0645 ; 0.0017 ; 1
EN  0.0001052 ; 0.0000015 ; 355.8694 ; 0.0017 ; 1
COM -------------- Level Separator - T1/2 in seconds -------------
LED 383.8491 ; 0.0012 ; 21 ; 4.4E-11 ; 1.1E-11 ; 3
GA  0.0045 ; 0.00005 ; 223.2368 ; 0.0013 ; 2
EK  0.000376 ; 0.000007 ; 187.2524 ; 0.002 ; 2
EL1 0.0000457 ; 0.0000008 ; 217.5227 ; 0.002 ; 2
EL2 0.00000306 ; 0.00000008 ; 217.8776 ; 0.002 ; 2
EL3 0.00000089 ; 0.00000007 ; 218.2251 ; 0.002 ; 2
EM  0.00001017 ; 0.00000021 ; 222.2881 ; 0.002 ; 2
EN  0.000002445 ; 0.000000045 ; 223.093 ; 0.002 ; 2
GA  0.1831 ; 0.0011 ; 302.8508 ; 0.0005 ; 1
EK  0.00683 ; 0.00012 ; 266.8666 ; 0.0016 ; 1
EL1 0.000828 ; 0.000014 ; 297.1369 ; 0.0016 ; 1
EL2 0.0000465 ; 0.0000008 ; 297.4918 ; 0.0016 ; 1
EL3 0.00001091 ; 0.0000003 ; 297.8393 ; 0.0016 ; 1
EM  0.0001809 ; 0.0000028 ; 301.9023 ; 0.0016 ; 1
EN  0.0000436 ; 0.0000007 ; 302.7072 ; 0.0016 ; 1
GA  0.0894 ; 0.0006 ; 383.8485 ; 0.0012 ; 0
EK  0.001505 ; 0.000024 ; 347.8645 ; 0.0012 ; 0
EL1 0.0001663 ; 0.0000029 ; 378.1348 ; 0.0012 ; 0
EL2 0.0000425 ; 0.0000007 ; 378.4897 ; 0.0012 ; 0
EL3 0.00003183 ; 0.0000005 ; 378.8372 ; 0.0012 ; 0
EM  0.0000501 ; 0.0000008 ; 382.9002 ; 0.0012 ; 0
EN  0.0000118 ; 0.00000019 ; 383.7051 ; 0.0012 ; 0
COM -------------- Level Separator - T1/2 in seconds -------------
LED 160.6121 ; 0.0016 ; 14 ; 1.72E-10 ; 4.E-12 ; 2
GA  0.0263 ; 0.0019 ; 79.6142 ; 0.0019 ; 1
EK  0.0393 ; 0.0029 ; 43.6296 ; 0.0019 ; 1
EL1 0.00479 ; 0.00035 ; 73.8999 ; 0.0019 ; 1
EL2 0.00058 ; 0.00007 ; 74.2548 ; 0.0019 ; 1
EL3 0.00034 ; 0.00008 ; 74.6023 ; 0.0019 ; 1
EM  0.00118 ; 0.00009 ; 78.6653 ; 0.0019 ; 1
EN  0.000281 ; 0.000022 ; 79.4702 ; 0.0019 ; 1
GA  0.00638 ; 0.00006 ; 160.6121 ; 0.0016 ; 0
EK  0.001493 ; 0.000029 ; 124.6275 ; 0.0016 ; 0
EL1 0.0001627 ; 0.000003 ; 154.8978 ; 0.0016 ; 0
EL2 0.0000708 ; 0.0000039 ; 155.2527 ; 0.0016 ; 0
EL3 0.0000664 ; 0.0000039 ; 155.6002 ; 0.0016 ; 0
EM  0.0000632 ; 0.000002 ; 159.6632 ; 0.0016 ; 0
EN  0.00001474 ; 0.00000045 ; 160.4681 ; 0.0016 ; 0
COM -------------- Level Separator - T1/2 in seconds -------------
LED 80.9979 ; 0.0011 ; 7 ; 6.283E-9 ; 1.4E-11 ; 1
GA  0.3331 ; 0.003 ; 80.9979 ; 0.0011 ; 0
EK  0.477 ; 0.008 ; 45.0133 ; 0.0011 ; 0
EL1 0.0576 ; 0.001 ; 75.2836 ; 0.0011 ; 0
EL2 0.00843 ; 0.00031 ; 75.6385 ; 0.0011 ; 0
EL3 0.00603 ; 0.00034 ; 75.986 ; 0.0011 ; 0
EM  0.01489 ; 0.0003 ; 80.049 ; 0.0011 ; 0
EN  0.00355 ; 0.00007 ; 80.8539 ; 0.0011 ; 0
