PAR BA140
AZP 140 ; 56
NDA 1
COM ***************** Evaluation Date: 04/04/2015 ****************
COM ===================== Daughter Separator =====================
DAU LA140
DDE 1 ;  ; 6 ; 5
Q   1048 ; 8
COM ---------------------- Branch Separator ----------------------
BEM 0.2494 ; 0.005 ; 6 ; 467 ; 8 ; 0
COM ---------------------- Branch Separator ----------------------
BEM 0.0971 ; 0.0012 ; 5 ; 580 ; 8 ; 0
COM ---------------------- Branch Separator ----------------------
BEM 0.0414 ; 0.0031 ; 4 ; 885 ; 8 ; -1
COM ---------------------- Branch Separator ----------------------
COM ---------------------- Branch Separator ----------------------
BEM 0.356 ; 0.031 ; 2 ; 1004 ; 8 ; 0
COM ---------------------- Branch Separator ----------------------
BEM 0.256 ; 0.042 ; 1 ; 1018 ; 8 ; -1
COM ---------------------- Branch Separator ----------------------
COM -------------- Level Separator - T1/2 in seconds -------------
LED 581.106 ; 0.018 ; 21 ;  ;  ; 6
GA  0.000172 ; 0.000013 ; 113.48 ; 0.04 ; 5
EK  0.000111 ; 0.000009 ; 74.555 ; 0.04 ; 5
EL1 0.0000138 ; 0.0000011 ; 107.214 ; 0.04 ; 5
EL2 0.00000102 ; 0.00000008 ; 107.589 ; 0.04 ; 5
EL3 0.000000219 ; 0.000000017 ; 107.997 ; 0.04 ; 5
EM  0.00000311 ; 0.00000024 ; 112.406 ; 0.04 ; 5
EN  0.0000008 ; 0.00000006 ; 113.307 ; 0.04 ; 5
GA  0.246 ; 0.005 ; 537.261 ; 0.025 ; 2
EK  0.00253 ; 0.00006 ; 498.337 ; 0.025 ; 2
EL1 0.000309 ; 0.000008 ; 530.996 ; 0.025 ; 2
EL2 0.00001503 ; 0.00000038 ; 531.371 ; 0.025 ; 2
EL3 0.00000347 ; 0.00000009 ; 531.779 ; 0.025 ; 2
EM  0.0000679 ; 0.0000017 ; 536.188 ; 0.025 ; 2
EN  0.00001734 ; 0.00000044 ; 537.089 ; 0.025 ; 2
GA  0.000049 ; 0.00002 ; 551.141 ; 0.018 ; 1
EK  0.00000033 ; 0.00000013 ; 512.217 ; 0.018 ; 1
EL1 0.000000038 ; 0.000000015 ; 544.876 ; 0.018 ; 1
EL2 0.0000000068 ; 0.0000000028 ; 545.251 ; 0.018 ; 1
EL3 0.0000000044 ; 0.0000000018 ; 545.659 ; 0.018 ; 1
EM  0.0000000102 ; 0.0000000042 ; 550.068 ; 0.018 ; 1
EN  0.0000000026 ; 0.0000000011 ; 550.969 ; 0.018 ; 1
COM -------------- Level Separator - T1/2 in seconds -------------
LED 467.63 ; 0.03 ; 21 ; 7.7E-9 ;  ; 5
GA  0.0433 ; 0.0009 ; 304.971 ; 0.03 ; 4
EK  0.001879 ; 0.000047 ; 266.046 ; 0.03 ; 4
EL1 0.000231 ; 0.000006 ; 298.705 ; 0.03 ; 4
EL2 0.0000138 ; 0.0000006 ; 299.08 ; 0.03 ; 4
EL3 0.00000312 ; 0.0000004 ; 299.488 ; 0.03 ; 4
EM  0.0000515 ; 0.0000013 ; 303.897 ; 0.03 ; 4
EN  0.00001315 ; 0.00000034 ; 304.798 ; 0.03 ; 4
GA  0.0313 ; 0.0006 ; 423.786 ; 0.035 ; 2
EK  0.000582 ; 0.000015 ; 384.861 ; 0.035 ; 2
EL1 0.0000714 ; 0.0000019 ; 417.52 ; 0.035 ; 2
EL2 0.00000379 ; 0.00000009 ; 417.895 ; 0.035 ; 2
EL3 0.000000848 ; 0.000000021 ; 418.303 ; 0.035 ; 2
EM  0.00001574 ; 0.00000037 ; 422.712 ; 0.035 ; 2
EN  0.00000403 ; 0.0000001 ; 423.613 ; 0.035 ; 2
GA  0.0194 ; 0.0004 ; 437.666 ; 0.03 ; 1
EK  0.000333 ; 0.000008 ; 398.741 ; 0.03 ; 1
EL1 0.0000407 ; 0.000001 ; 431.4 ; 0.03 ; 1
EL2 0.00000214 ; 0.00000005 ; 431.775 ; 0.03 ; 1
EL3 0.000000479 ; 0.000000013 ; 432.183 ; 0.03 ; 1
EM  0.000009 ; 0.00000023 ; 436.592 ; 0.03 ; 1
EN  0.0000023 ; 0.00000006 ; 437.493 ; 0.03 ; 1
COM -------------- Level Separator - T1/2 in seconds -------------
LED 162.6591 ; 0.0019 ; 28 ; 1.E-11 ;  ; 4
GA  0.0000002 ; 0.00000012 ; 99.4801 ; 0.002 ; 3
EK  0.00000025 ; 0.00000015 ; 60.5555 ; 0.002 ; 3
EL1 0.000000022 ; 0.000000013 ; 93.2138 ; 0.002 ; 3
EL2 0.000000048 ; 0.000000029 ; 93.5895 ; 0.002 ; 3
EL3 0.000000054 ; 0.000000032 ; 93.9974 ; 0.002 ; 3
EM  0.000000027 ; 0.000000016 ; 98.4062 ; 0.002 ; 3
EN  0.0000000066 ; 0.000000004 ; 99.307 ; 0.002 ; 3
GA  0.00061 ; 0.000021 ; 118.815 ; 0.018 ; 2
EK  0.000345 ; 0.000013 ; 79.89 ; 0.018 ; 2
EL1 0.0000429 ; 0.0000016 ; 112.549 ; 0.018 ; 2
EL2 0.00000314 ; 0.00000012 ; 112.924 ; 0.018 ; 2
EL3 0.000000676 ; 0.000000025 ; 113.332 ; 0.018 ; 2
EM  0.00000971 ; 0.00000036 ; 117.741 ; 0.018 ; 2
EN  0.00000248 ; 0.00000009 ; 118.642 ; 0.018 ; 2
GA  0.00202 ; 0.00006 ; 132.695 ; 0.002 ; 1
EK  0.000838 ; 0.000028 ; 93.7704 ; 0.002 ; 1
EL1 0.000104 ; 0.0000035 ; 126.4287 ; 0.002 ; 1
EL2 0.00000747 ; 0.00000025 ; 126.8044 ; 0.002 ; 1
EL3 0.00000161 ; 0.00000005 ; 127.2123 ; 0.002 ; 1
EM  0.0000235 ; 0.0000008 ; 131.6211 ; 0.002 ; 1
EN  0.00000601 ; 0.0000002 ; 132.5219 ; 0.002 ; 1
GA  0.0649 ; 0.0027 ; 162.6591 ; 0.0019 ; 0
EK  0.0153 ; 0.0007 ; 123.7345 ; 0.0019 ; 0
EL1 0.0019 ; 0.00008 ; 156.3928 ; 0.0019 ; 0
EL2 0.000134 ; 0.00001 ; 156.7685 ; 0.0019 ; 0
EL3 0.000031 ; 0.000008 ; 157.1764 ; 0.0019 ; 0
EM  0.000428 ; 0.000019 ; 161.5852 ; 0.0019 ; 0
EN  0.0001092 ; 0.0000049 ; 162.486 ; 0.0019 ; 0
COM -------------- Level Separator - T1/2 in seconds -------------
LED 63.179 ; 0.0007 ; 7 ;  ;  ; 3
GA  0.0000003 ; 0.00000015 ; 63.179 ; 0.0007 ; 0
EK  0.000001 ; 0.0000005 ; 24.2544 ; 0.0007 ; 0
EL1 0.00000013 ; 0.00000006 ; 56.9127 ; 0.0007 ; 0
EL2 0.00000001 ; 0.000000005 ; 57.2884 ; 0.0007 ; 0
EL3 0.0000000022 ; 0.0000000011 ; 57.6963 ; 0.0007 ; 0
EM  0.000000029 ; 0.000000015 ; 62.1051 ; 0.0007 ; 0
EN  0.0000000075 ; 0.0000000038 ; 63.0059 ; 0.0007 ; 0
COM -------------- Level Separator - T1/2 in seconds -------------
LED 43.844 ; 0.018 ; 6 ; 5.2E-10 ; 1.4E-10 ; 2
GA  0.0116 ; 0.0004 ; 13.88 ; 0.018 ; 1
EL1 0.437 ; 0.017 ; 7.614 ; 0.018 ; 1
EL2 0.044 ; 0.007 ; 7.989 ; 0.018 ; 1
EL3 0.015 ; 0.01 ; 8.397 ; 0.018 ; 1
EM  0.103 ; 0.006 ; 12.806 ; 0.018 ; 1
EN  0.0263 ; 0.0013 ; 13.707 ; 0.018 ; 1
COM -------------- Level Separator - T1/2 in seconds -------------
LED 29.9641 ; 0.0006 ; 6 ; 2.5E-10 ; 4.E-11 ; 1
GA  0.144 ; 0.004 ; 29.9641 ; 0.0006 ; 0
EL1 0.554 ; 0.018 ; 23.6978 ; 0.0006 ; 0
EL2 0.0475 ; 0.0017 ; 24.0735 ; 0.0006 ; 0
EL3 0.0108 ; 0.0011 ; 24.4814 ; 0.0006 ; 0
EM  0.1274 ; 0.004 ; 28.8902 ; 0.0006 ; 0
EN  0.0325 ; 0.001 ; 29.791 ; 0.0006 ; 0
