PAR BR76
AZP 76 ; 35
NDA 1
COM ***************** Evaluation Date: 06/09/2016 ****************
COM ===================== Daughter Separator =====================
DAU SE76
DDE 1 ;  ; 44 ; 192
Q   4963 ; 9
COM ---------------------- Branch Separator ----------------------
CK  0.00183 ; 0.00035 ; 44 ; 341.5 ; 9 ; 0
CL  0.000222 ; 0.000042 ; 44 ; 341.5 ; 9 ; 0
CM  0.000039 ; 0.000008 ; 44 ; 341.5 ; 9 ; 0
CN  0.0000042 ; 0.0000009 ; 44 ; 341.5 ; 9 ; 0
COM ---------------------- Branch Separator ----------------------
CK  0.0049 ; 0.001 ; 43 ; 357.2 ; 9 ; 0
CL  0.00059 ; 0.00013 ; 43 ; 357.2 ; 9 ; 0
CM  0.000104 ; 0.000022 ; 43 ; 357.2 ; 9 ; 0
CN  0.0000112 ; 0.0000026 ; 43 ; 357.2 ; 9 ; 0
COM ---------------------- Branch Separator ----------------------
CK  0.00046 ; 0.00013 ; 42 ; 471 ; 9 ; 0
CL  0.000054 ; 0.000016 ; 42 ; 471 ; 9 ; 0
CM  0.0000095 ; 0.0000028 ; 42 ; 471 ; 9 ; 0
CN  0.00000104 ; 0.00000032 ; 42 ; 471 ; 9 ; 0
COM ---------------------- Branch Separator ----------------------
CK  0.000061 ; 0.000018 ; 41 ; 507.8 ; 9 ; 0
CL  0.0000073 ; 0.0000021 ; 41 ; 507.8 ; 9 ; 0
CM  0.00000128 ; 0.00000037 ; 41 ; 507.8 ; 9 ; 0
CN  0.00000014 ; 0.000000042 ; 41 ; 507.8 ; 9 ; 0
COM ---------------------- Branch Separator ----------------------
CK  0.00059 ; 0.00013 ; 40 ; 526.1 ; 9 ; 0
CL  0.000069 ; 0.000016 ; 40 ; 526.1 ; 9 ; 0
CM  0.0000122 ; 0.0000027 ; 40 ; 526.1 ; 9 ; 0
CN  0.00000134 ; 0.00000033 ; 40 ; 526.1 ; 9 ; 0
COM ---------------------- Branch Separator ----------------------
CK  0.0023 ; 0.0006 ; 39 ; 547 ; 9 ; 0
CL  0.00027 ; 0.00007 ; 39 ; 547 ; 9 ; 0
CM  0.000047 ; 0.000013 ; 39 ; 547 ; 9 ; 0
CN  0.0000052 ; 0.0000015 ; 39 ; 547 ; 9 ; 0
COM ---------------------- Branch Separator ----------------------
CK  0.00167 ; 0.00044 ; 38 ; 634.3 ; 9 ; 0
CL  0.0002 ; 0.00005 ; 38 ; 634.3 ; 9 ; 0
CM  0.000034 ; 0.000009 ; 38 ; 634.3 ; 9 ; 0
CN  0.0000038 ; 0.0000011 ; 38 ; 634.3 ; 9 ; 0
COM ---------------------- Branch Separator ----------------------
CK  0.00535 ; 0.00026 ; 37 ; 747.5 ; 9 ; 0
CL  0.000625 ; 0.000032 ; 37 ; 747.5 ; 9 ; 0
CM  0.00011 ; 0.000006 ; 37 ; 747.5 ; 9 ; 0
CN  0.0000116 ; 0.0000013 ; 37 ; 747.5 ; 9 ; 0
COM ---------------------- Branch Separator ----------------------
CK  0.00211 ; 0.00035 ; 36 ; 753 ; 9 ; 0
CL  0.000246 ; 0.000041 ; 36 ; 753 ; 9 ; 0
CM  0.000043 ; 0.000007 ; 36 ; 753 ; 9 ; 0
CN  0.0000046 ; 0.0000009 ; 36 ; 753 ; 9 ; 0
COM ---------------------- Branch Separator ----------------------
CK  0.00316 ; 0.00035 ; 35 ; 763.4 ; 9 ; 0
CL  0.000369 ; 0.000041 ; 35 ; 763.4 ; 9 ; 0
CM  0.000065 ; 0.000007 ; 35 ; 763.4 ; 9 ; 0
CN  0.0000068 ; 0.000001 ; 35 ; 763.4 ; 9 ; 0
COM ---------------------- Branch Separator ----------------------
CK  0.00176 ; 0.00013 ; 34 ; 789.9 ; 9 ; 0
CL  0.000205 ; 0.000016 ; 34 ; 789.9 ; 9 ; 0
CM  0.000036 ; 0.0000028 ; 34 ; 789.9 ; 9 ; 0
CN  0.0000038 ; 0.00000049 ; 34 ; 789.9 ; 9 ; 0
COM ---------------------- Branch Separator ----------------------
CK  0.00439 ; 0.00035 ; 33 ; 878.7 ; 9 ; 0
CL  0.00051 ; 0.000041 ; 33 ; 878.7 ; 9 ; 0
CM  0.00009 ; 0.000007 ; 33 ; 878.7 ; 9 ; 0
CN  0.0000095 ; 0.0000013 ; 33 ; 878.7 ; 9 ; 0
COM ---------------------- Branch Separator ----------------------
CK  0.0038 ; 0.0008 ; 32 ; 899 ; 9 ; 0
CL  0.00044 ; 0.00009 ; 32 ; 899 ; 9 ; 0
CM  0.000077 ; 0.000016 ; 32 ; 899 ; 9 ; 0
CN  0.0000082 ; 0.0000019 ; 32 ; 899 ; 9 ; 0
COM ---------------------- Branch Separator ----------------------
CK  0.0032 ; 0.0006 ; 31 ; 943.7 ; 9 ; 0
CL  0.00037 ; 0.00007 ; 31 ; 943.7 ; 9 ; 0
CM  0.000064 ; 0.000013 ; 31 ; 943.7 ; 9 ; 0
CN  0.0000068 ; 0.0000015 ; 31 ; 943.7 ; 9 ; 0
COM ---------------------- Branch Separator ----------------------
CK  0.00369 ; 0.00035 ; 30 ; 964.6 ; 9 ; 0
CL  0.000428 ; 0.000041 ; 30 ; 964.6 ; 9 ; 0
CM  0.000075 ; 0.000007 ; 30 ; 964.6 ; 9 ; 0
CN  0.000008 ; 0.0000011 ; 30 ; 964.6 ; 9 ; 0
COM ---------------------- Branch Separator ----------------------
CK  0.00562 ; 0.00044 ; 29 ; 992.4 ; 9 ; 0
CL  0.00065 ; 0.00005 ; 29 ; 992.4 ; 9 ; 0
CM  0.000115 ; 0.000009 ; 29 ; 992.4 ; 9 ; 0
CN  0.0000122 ; 0.0000016 ; 29 ; 992.4 ; 9 ; 0
COM ---------------------- Branch Separator ----------------------
CK  0.00149 ; 0.00035 ; 28 ; 1033.9 ; 9 ; 0
CL  0.000173 ; 0.000041 ; 28 ; 1033.9 ; 9 ; 0
CM  0.00003 ; 0.000007 ; 28 ; 1033.9 ; 9 ; 0
CN  0.0000032 ; 0.0000008 ; 28 ; 1033.9 ; 9 ; 0
COM ---------------------- Branch Separator ----------------------
CK  0.00117 ; 0.00013 ; 27 ; 1050 ; 9 ; 0
CL  0.000135 ; 0.000015 ; 27 ; 1050 ; 9 ; 0
CM  0.0000238 ; 0.0000027 ; 27 ; 1050 ; 9 ; 0
CN  0.00000253 ; 0.00000039 ; 27 ; 1050 ; 9 ; 0
COM ---------------------- Branch Separator ----------------------
BEP 0.00005 ; 0.00001 ; 26 ; 271.5 ; 9 ; 0
CK  0.0064 ; 0.0017 ; 26 ; 1293.5 ; 9 ; 0
CL  0.00074 ; 0.00019 ; 26 ; 1293.5 ; 9 ; 0
CM  0.00013 ; 0.000034 ; 26 ; 1293.5 ; 9 ; 0
CN  0.0000139 ; 0.0000039 ; 26 ; 1293.5 ; 9 ; 0
COM ---------------------- Branch Separator ----------------------
BEP 0.00005 ; 0.00002 ; 25 ; 318.8 ; 9 ; 0
CK  0.0032 ; 0.001 ; 25 ; 1340.8 ; 9 ; 0
CL  0.00036 ; 0.00011 ; 25 ; 1340.8 ; 9 ; 0
CM  0.000064 ; 0.00002 ; 25 ; 1340.8 ; 9 ; 0
CN  0.0000068 ; 0.0000022 ; 25 ; 1340.8 ; 9 ; 0
COM ---------------------- Branch Separator ----------------------
BEP 0.00026 ; 0.00003 ; 24 ; 336.92 ; 9 ; 0
CK  0.0144 ; 0.0011 ; 24 ; 1358.92 ; 9 ; 0
CL  0.00166 ; 0.00013 ; 24 ; 1358.92 ; 9 ; 0
CM  0.000292 ; 0.000024 ; 24 ; 1358.92 ; 9 ; 0
CN  0.0000312 ; 0.0000041 ; 24 ; 1358.92 ; 9 ; 0
COM ---------------------- Branch Separator ----------------------
BEP 0.0004 ; 0.00004 ; 23 ; 384.54 ; 9 ; 0
CK  0.0135 ; 0.0007 ; 23 ; 1406.54 ; 9 ; 0
CL  0.00155 ; 0.00008 ; 23 ; 1406.54 ; 9 ; 0
CM  0.000272 ; 0.000015 ; 23 ; 1406.54 ; 9 ; 0
CN  0.0000291 ; 0.0000034 ; 23 ; 1406.54 ; 9 ; 0
COM ---------------------- Branch Separator ----------------------
BEP 0.00108 ; 0.00009 ; 22 ; 481.6 ; 9 ; 0
CK  0.0159 ; 0.0013 ; 22 ; 1503.6 ; 9 ; 0
CL  0.00183 ; 0.00015 ; 22 ; 1503.6 ; 9 ; 0
CM  0.00032 ; 0.000028 ; 22 ; 1503.6 ; 9 ; 0
CN  0.0000344 ; 0.0000046 ; 22 ; 1503.6 ; 9 ; 0
COM ---------------------- Branch Separator ----------------------
BEP 0.00006 ; 0.00002 ; 21 ; 499.5 ; 9 ; 0
CK  0.00079 ; 0.00026 ; 21 ; 1521.5 ; 9 ; 0
CL  0.000091 ; 0.00003 ; 21 ; 1521.5 ; 9 ; 0
CM  0.000016 ; 0.000005 ; 21 ; 1521.5 ; 9 ; 0
CN  0.0000017 ; 0.0000006 ; 21 ; 1521.5 ; 9 ; 0
COM ---------------------- Branch Separator ----------------------
BEP 0.01 ; 0.0004 ; 20 ; 589.46 ; 9 ; 0
CK  0.0703 ; 0.0035 ; 20 ; 1611.46 ; 9 ; 0
CL  0.00809 ; 0.00042 ; 20 ; 1611.46 ; 9 ; 0
CM  0.00142 ; 0.00008 ; 20 ; 1611.46 ; 9 ; 0
CN  0.000152 ; 0.000018 ; 20 ; 1611.46 ; 9 ; 0
COM ---------------------- Branch Separator ----------------------
COM ---------------------- Branch Separator ----------------------
BEP 0.0132 ; 0.0004 ; 18 ; 780.93 ; 9 ; 0
CK  0.0351 ; 0.0012 ; 18 ; 1802.93 ; 9 ; 0
CL  0.00403 ; 0.00015 ; 18 ; 1802.93 ; 9 ; 0
CM  0.000706 ; 0.000029 ; 18 ; 1802.93 ; 9 ; 0
CN  0.000076 ; 0.000008 ; 18 ; 1802.93 ; 9 ; 0
COM ---------------------- Branch Separator ----------------------
BEP 0.061 ; 0.001 ; 17 ; 871.25 ; 9 ; 0
CK  0.1117 ; 0.0018 ; 17 ; 1893.25 ; 9 ; 0
CL  0.01281 ; 0.00025 ; 17 ; 1893.25 ; 9 ; 0
CM  0.00225 ; 0.00006 ; 17 ; 1893.25 ; 9 ; 0
CN  0.000241 ; 0.000026 ; 17 ; 1893.25 ; 9 ; 0
COM ---------------------- Branch Separator ----------------------
BEP 0.051 ; 0.002 ; 16 ; 990.47 ; 9 ; 0
CK  0.0607 ; 0.0026 ; 16 ; 2012.47 ; 9 ; 0
CL  0.00696 ; 0.00031 ; 16 ; 2012.47 ; 9 ; 0
CM  0.00122 ; 0.00006 ; 16 ; 2012.47 ; 9 ; 0
CN  0.000131 ; 0.000015 ; 16 ; 2012.47 ; 9 ; 0
COM ---------------------- Branch Separator ----------------------
BEP 0.0013 ; 0.0003 ; 15 ; 1082.9 ; 9 ; 0
CK  0.00123 ; 0.00026 ; 15 ; 2104.9 ; 9 ; 0
CL  0.000141 ; 0.00003 ; 15 ; 2104.9 ; 9 ; 0
CM  0.000025 ; 0.000005 ; 15 ; 2104.9 ; 9 ; 0
CN  0.0000027 ; 0.0000006 ; 15 ; 2104.9 ; 9 ; 0
COM ---------------------- Branch Separator ----------------------
BEP 0.0149 ; 0.001 ; 14 ; 1271.12 ; 9 ; 0
CK  0.0077 ; 0.0005 ; 14 ; 2293.12 ; 9 ; 0
CL  0.00089 ; 0.00006 ; 14 ; 2293.12 ; 9 ; 0
CM  0.000155 ; 0.000011 ; 14 ; 2293.12 ; 9 ; 0
CN  0.0000167 ; 0.0000021 ; 14 ; 2293.12 ; 9 ; 0
COM ---------------------- Branch Separator ----------------------
BEP 0.0026 ; 0.0008 ; 13 ; 1285.68 ; 9 ; 0
CK  0.00132 ; 0.00035 ; 13 ; 2307.68 ; 9 ; 0
CL  0.000151 ; 0.00004 ; 13 ; 2307.68 ; 9 ; 0
CM  0.000026 ; 0.000007 ; 13 ; 2307.68 ; 9 ; 0
CN  0.0000028 ; 0.0000008 ; 13 ; 2307.68 ; 9 ; 0
COM ---------------------- Branch Separator ----------------------
BEP 0.002 ; 0.0015 ; 12 ; 1310.2 ; 9 ; 0
CK  0.001 ; 0.0008 ; 12 ; 2332.2 ; 9 ; 0
CL  0.00011 ; 0.00009 ; 12 ; 2332.2 ; 9 ; 0
CM  0.000019 ; 0.000016 ; 12 ; 2332.2 ; 9 ; 0
CN  0.0000021 ; 0.0000017 ; 12 ; 2332.2 ; 9 ; 0
COM ---------------------- Branch Separator ----------------------
BEP 0.0028 ; 0.0017 ; 11 ; 1426.337 ; 9 ; 0
CK  0.001 ; 0.0006 ; 11 ; 2448.337 ; 9 ; 0
CL  0.00011 ; 0.00007 ; 11 ; 2448.337 ; 9 ; 0
CM  0.000019 ; 0.000012 ; 11 ; 2448.337 ; 9 ; 0
CN  0.0000021 ; 0.0000013 ; 11 ; 2448.337 ; 9 ; 0
COM ---------------------- Branch Separator ----------------------
BEP 0.006 ; 0.004 ; 10 ; 1511.905 ; 9 ; 1
CK  0.0018 ; 0.0009 ; 10 ; 2533.905 ; 9 ; 1
CL  0.0002 ; 0.0001 ; 10 ; 2533.905 ; 9 ; 1
CM  0.000035 ; 0.000018 ; 10 ; 2533.905 ; 9 ; 1
CN  0.0000038 ; 0.0000019 ; 10 ; 2533.905 ; 9 ; 1
COM ---------------------- Branch Separator ----------------------
BEP 0.0021 ; 0.0002 ; 9 ; 1566.8 ; 9 ; -1
CK  0.00062 ; 0.00009 ; 9 ; 2588.8 ; 9 ; -1
CL  0.00007 ; 0.00001 ; 9 ; 2588.8 ; 9 ; -1
CM  0.0000123 ; 0.0000018 ; 9 ; 2588.8 ; 9 ; -1
CN  0.00000133 ; 0.00000024 ; 9 ; 2588.8 ; 9 ; -1
COM ---------------------- Branch Separator ----------------------
COM ---------------------- Branch Separator ----------------------
BEP 0.0019 ; 0.0011 ; 7 ; 1813.785 ; 9 ; 0
CK  0.00035 ; 0.00018 ; 7 ; 2835.785 ; 9 ; 0
CL  0.00004 ; 0.00002 ; 7 ; 2835.785 ; 9 ; 0
CM  0.000007 ; 0.0000035 ; 7 ; 2835.785 ; 9 ; 0
CN  0.00000076 ; 0.00000039 ; 7 ; 2835.785 ; 9 ; 0
COM ---------------------- Branch Separator ----------------------
BEP 0.009 ; 0.004 ; 6 ; 2153.352 ; 9 ; 0
CK  0.00088 ; 0.00035 ; 6 ; 3175.352 ; 9 ; 0
CL  0.000101 ; 0.00004 ; 6 ; 3175.352 ; 9 ; 0
CM  0.000018 ; 0.000007 ; 6 ; 3175.352 ; 9 ; 0
CN  0.0000019 ; 0.0000008 ; 6 ; 3175.352 ; 9 ; 0
COM ---------------------- Branch Separator ----------------------
BEP 0.006 ; 0.003 ; 5 ; 2252.038 ; 9 ; -1
CK  0.001 ; 0.0005 ; 5 ; 3274.038 ; 9 ; -1
CL  0.00011 ; 0.00006 ; 5 ; 3274.038 ; 9 ; -1
CM  0.000019 ; 0.000011 ; 5 ; 3274.038 ; 9 ; -1
CN  0.0000021 ; 0.0000012 ; 5 ; 3274.038 ; 9 ; -1
COM ---------------------- Branch Separator ----------------------
COM ---------------------- Branch Separator ----------------------
BEP 0.018 ; 0.009 ; 3 ; 2724.853 ; 9 ; 0
CK  0.00088 ; 0.00044 ; 3 ; 3746.853 ; 9 ; 0
CL  0.0001 ; 0.00005 ; 3 ; 3746.853 ; 9 ; 0
CM  0.000018 ; 0.000009 ; 3 ; 3746.853 ; 9 ; 0
CN  0.0000019 ; 0.000001 ; 3 ; 3746.853 ; 9 ; 0
COM ---------------------- Branch Separator ----------------------
BEP 0.021 ; 0.006 ; 2 ; 2818.717 ; 9 ; 0
CK  0.00097 ; 0.00026 ; 2 ; 3840.717 ; 9 ; 0
CL  0.00011 ; 0.00003 ; 2 ; 3840.717 ; 9 ; 0
CM  0.000019 ; 0.000005 ; 2 ; 3840.717 ; 9 ; 0
CN  0.0000021 ; 0.0000006 ; 2 ; 3840.717 ; 9 ; 0
COM ---------------------- Branch Separator ----------------------
BEP 0.257 ; 0.009 ; 1 ; 3381.898 ; 9 ; 0
CK  0.0066 ; 0.00026 ; 1 ; 4403.898 ; 9 ; 0
CL  0.000752 ; 0.000031 ; 1 ; 4403.898 ; 9 ; 0
CM  0.000132 ; 0.000006 ; 1 ; 4403.898 ; 9 ; 0
CN  0.0000142 ; 0.0000016 ; 1 ; 4403.898 ; 9 ; 0
COM ---------------------- Branch Separator ----------------------
BEP 0.057 ; 0.008 ; 0 ; 3941 ; 9 ; 0
CK  0.00088 ; 0.00018 ; 0 ; 4963 ; 9 ; 0
CL  0.0001 ; 0.00002 ; 0 ; 4963 ; 9 ; 0
CM  0.0000176 ; 0.0000035 ; 0 ; 4963 ; 9 ; 0
CN  0.0000019 ; 0.00000043 ; 0 ; 4963 ; 9 ; 0
COM -------------- Level Separator - T1/2 in seconds -------------
LED 4621.5 ; 2 ; 2 ;  ;  ; 44
GA  0.0013 ; 0.0003 ; 1461.4 ; 2 ; 18
GA  0.0008 ; 0.0003 ; 1990.7 ; 2.1 ; 12
COM -------------- Level Separator - T1/2 in seconds -------------
LED 4605.8 ; 0.7 ; 13 ;  ;  ; 43
GA  0.00074 ; 0.00023 ; 635.2 ; 0.8 ; 29
EK  0.00000078 ; 0.00000024 ; 622.5 ; 0.8 ; 29
EL1 0.000000079 ; 0.000000025 ; 633.5 ; 0.8 ; 29
EL2 0.0000000019 ; 0.0000000006 ; 633.7 ; 0.8 ; 29
EL3 0.0000000016 ; 0.0000000006 ; 633.8 ; 0.8 ; 29
EM  0.0000000128 ; 0.000000004 ; 635.1 ; 0.8 ; 29
EN  0.00000000109 ; 0.00000000034 ; 635.2 ; 0.8 ; 29
GA  0.00059 ; 0.00015 ; 1146.4 ; 0.7 ; 22
GA  0.0008 ; 0.0003 ; 1254.3 ; 0.7 ; 20
GA  0.0017 ; 0.0007 ; 1536.1 ; 0.7 ; 17
GA  0.0011 ; 0.0009 ; 1975 ; 0.9 ; 12
GA  0.00044 ; 0.00015 ; 4046.6 ; 0.7 ; 1
GA  0.00015 ; 0.00008 ; 4605.7 ; 0.7 ; 0
COM -------------- Level Separator - T1/2 in seconds -------------
LED 4492 ; 3 ; 2 ;  ;  ; 42
GA  0.00044 ; 0.00015 ; 936 ; 3 ; 23
GA  0.000059 ; 0.000023 ; 4492 ; 3 ; 0
COM -------------- Level Separator - T1/2 in seconds -------------
LED 4455.2 ; 3 ; 1 ;  ;  ; 41
GA  0.000067 ; 0.000023 ; 4454.9 ; 3 ; 0
COM -------------- Level Separator - T1/2 in seconds -------------
LED 4436.9 ; 1 ; 2 ;  ;  ; 40
GA  0.00015 ; 0.00008 ; 3877.7 ; 1 ; 1
GA  0.00052 ; 0.00015 ; 4436.8 ; 1 ; 0
COM -------------- Level Separator - T1/2 in seconds -------------
LED 4416 ; 2 ; 2 ;  ;  ; 39
GA  0.0014 ; 0.0005 ; 812.1 ; 0.8 ; 24
GA  0.0012 ; 0.0005 ; 1901 ; 2 ; 11
COM -------------- Level Separator - T1/2 in seconds -------------
LED 4328.7 ; 1 ; 8 ;  ;  ; 38
GA  0.0014 ; 0.0005 ; 309.4 ; 0.4 ; 31
EK  0.0000116 ; 0.0000043 ; 296.74 ; 0.4 ; 31
EL1 0.00000116 ; 0.00000043 ; 307.75 ; 0.4 ; 31
EL2 0.000000062 ; 0.000000024 ; 307.92 ; 0.4 ; 31
EL3 0.000000062 ; 0.000000025 ; 307.96 ; 0.4 ; 31
EM  0.0000002 ; 0.00000007 ; 309.26 ; 0.4 ; 31
EN  0.000000017 ; 0.000000006 ; 309.39 ; 0.4 ; 31
GA  0.00044 ; 0.00023 ; 1060 ; 1 ; 19
COM -------------- Level Separator - T1/2 in seconds -------------
LED 4215.5 ; 0.2 ; 8 ;  ;  ; 37
GA  0.00444 ; 0.00023 ; 1560.2 ; 0.2 ; 13
EK  0.000000328 ; 0.000000018 ; 1547.54 ; 0.2 ; 13
EL1 0.000000033 ; 0.0000000018 ; 1558.55 ; 0.2 ; 13
EL2 0.000000000174 ; 0.000000000009 ; 1558.72 ; 0.2 ; 13
EL3 0.000000000443 ; 0.000000000024 ; 1558.76 ; 0.2 ; 13
EM  0.00000000523 ; 0.00000000028 ; 1560.06 ; 0.2 ; 13
EN  0.000000000448 ; 0.000000000024 ; 1560.19 ; 0.2 ; 13
GA  0.00163 ; 0.00015 ; 3093.1 ; 0.2 ; 2
COM -------------- Level Separator - T1/2 in seconds -------------
LED 4210 ; 1 ; 8 ;  ;  ; 36
GA  0.00118 ; 0.00023 ; 281 ; 1 ; 28
EK  0.0000133 ; 0.000003 ; 268.3 ; 1 ; 28
EL1 0.00000132 ; 0.00000029 ; 279.3 ; 1 ; 28
EL2 0.000000078 ; 0.00000002 ; 279.5 ; 1 ; 28
EL3 0.00000008 ; 0.000000023 ; 279.6 ; 1 ; 28
EM  0.00000023 ; 0.00000005 ; 280.9 ; 1 ; 28
EN  0.0000000191 ; 0.0000000042 ; 281 ; 1 ; 28
GA  0.0012 ; 0.0004 ; 2082 ; 1 ; 7
COM -------------- Level Separator - T1/2 in seconds -------------
LED 4199.6 ; 0.4 ; 5 ;  ;  ; 35
GA  0.00044 ; 0.00015 ; 1039.5 ; 0.4 ; 18
GA  0.00044 ; 0.00015 ; 1770.5 ; 0.4 ; 10
GA  0.0003 ; 0.00008 ; 2412 ; 0.4 ; 6
GA  0.0009 ; 0.0003 ; 2983.4 ; 0.4 ; 3
GA  0.00155 ; 0.00015 ; 3640.4 ; 0.4 ; 1
COM -------------- Level Separator - T1/2 in seconds -------------
LED 4173.1 ; 0.9 ; 2 ;  ;  ; 34
GA  0.00178 ; 0.00015 ; 2045.9 ; 0.9 ; 7
GA  0.00021 ; 0.00008 ; 4173 ; 0.9 ; 0
COM -------------- Level Separator - T1/2 in seconds -------------
LED 4084.3 ; 0.2 ; 4 ;  ;  ; 33
GA  0.00192 ; 0.00023 ; 1429 ; 0.2 ; 13
GA  0.00118 ; 0.00023 ; 1655.2 ; 0.2 ; 10
GA  0.00178 ; 0.00015 ; 3525.1 ; 0.2 ; 1
GA  0.00015 ; 0.00008 ; 4084.2 ; 0.2 ; 0
COM -------------- Level Separator - T1/2 in seconds -------------
LED 4064 ; 4 ; 10 ;  ;  ; 32
GA  0.0022 ; 0.0008 ; 605 ; 4 ; 22
EK  0.0000026 ; 0.000001 ; 592.3 ; 4 ; 22
EL1 0.00000027 ; 0.0000001 ; 603.3 ; 4 ; 22
EL2 0.0000000068 ; 0.0000000026 ; 603.5 ; 4 ; 22
EL3 0.0000000059 ; 0.0000000023 ; 603.6 ; 4 ; 22
EM  0.000000043 ; 0.000000016 ; 604.9 ; 4 ; 22
EN  0.0000000037 ; 0.0000000013 ; 605 ; 4 ; 22
GA  0.0015 ; 0.0005 ; 2848 ; 4 ; 3
GA  0.00037 ; 0.00015 ; 3505 ; 4 ; 1
GA  0.00022 ; 0.00008 ; 4064 ; 4 ; 0
COM -------------- Level Separator - T1/2 in seconds -------------
LED 4019.3 ; 0.5 ; 3 ;  ;  ; 31
GA  0.0009 ; 0.0004 ; 1504.6 ; 0.5 ; 11
GA  0.0036 ; 0.0004 ; 2688.3 ; 0.5 ; 4
GA  0.00059 ; 0.00015 ; 4019.2 ; 0.5 ; 0
COM -------------- Level Separator - T1/2 in seconds -------------
LED 3998.4 ; 1 ; 2 ;  ;  ; 30
GA  0.00318 ; 0.00023 ; 838.3 ; 1 ; 18
GA  0.001 ; 0.0003 ; 2309.4 ; 1 ; 5
COM -------------- Level Separator - T1/2 in seconds -------------
LED 3970.6 ; 0.4 ; 18 ;  ;  ; 29
GA  0.00155 ; 0.00015 ; 1300.7 ; 0.4 ; 14
EK  0.000000155 ; 0.000000015 ; 1288.04 ; 0.4 ; 14
EL1 0.0000000157 ; 0.0000000015 ; 1299.05 ; 0.4 ; 14
EL2 0.000000000097 ; 0.00000000001 ; 1299.22 ; 0.4 ; 14
EL3 0.000000000229 ; 0.000000000022 ; 1299.26 ; 0.4 ; 14
EM  0.00000000248 ; 0.00000000024 ; 1300.56 ; 0.4 ; 14
EN  0.000000000213 ; 0.000000000021 ; 1300.69 ; 0.4 ; 14
GA  0.00052 ; 0.00015 ; 1315.3 ; 0.4 ; 13
EK  0.000000051 ; 0.000000015 ; 1302.64 ; 0.4 ; 13
EL1 0.0000000052 ; 0.0000000015 ; 1313.65 ; 0.4 ; 13
EL2 0.000000000032 ; 0.000000000009 ; 1313.82 ; 0.4 ; 13
EL3 0.000000000075 ; 0.000000000022 ; 1313.86 ; 0.4 ; 13
EM  0.00000000082 ; 0.00000000024 ; 1315.16 ; 0.4 ; 13
EN  0.00000000007 ; 0.00000000002 ; 1315.29 ; 0.4 ; 13
GA  0.0013 ; 0.0003 ; 2183 ; 0.4 ; 6
GA  0.00074 ; 0.00023 ; 2754.4 ; 0.4 ; 3
GA  0.00296 ; 0.00015 ; 3411.4 ; 0.4 ; 1
GA  0.0001 ; 0.00005 ; 3970.5 ; 0.4 ; 0
COM -------------- Level Separator - T1/2 in seconds -------------
LED 3929.1 ; 0.6 ; 4 ;  ;  ; 28
GA  0.0003 ; 0.00015 ; 1801.9 ; 0.6 ; 7
GA  0.00074 ; 0.00023 ; 2712.9 ; 0.6 ; 3
GA  0.00096 ; 0.00008 ; 3369.9 ; 0.6 ; 1
GA  0.00089 ; 0.00015 ; 3929 ; 0.6 ; 0
COM -------------- Level Separator - T1/2 in seconds -------------
LED 3913 ; 1 ; 2 ;  ;  ; 27
GA  0.00118 ; 0.00015 ; 1742.4 ; 1 ; 8
GA  0.00015 ; 0.00008 ; 3912.9 ; 1 ; 0
COM -------------- Level Separator - T1/2 in seconds -------------
LED 3669.5 ; 1 ; 23 ;  ;  ; 26
GA  0.00044 ; 0.00015 ; 210.1 ; 1 ; 22
EK  0.0000132 ; 0.0000048 ; 197.4 ; 1 ; 22
EL1 0.00000128 ; 0.00000047 ; 208.4 ; 1 ; 22
EL2 0.000000101 ; 0.000000041 ; 208.6 ; 1 ; 22
EL3 0.000000114 ; 0.000000047 ; 208.7 ; 1 ; 22
EM  0.00000023 ; 0.00000009 ; 210 ; 1 ; 22
EN  0.000000019 ; 0.000000007 ; 210.1 ; 1 ; 22
GA  0.0013 ; 0.0005 ; 318 ; 1 ; 20
EK  0.0000099 ; 0.0000039 ; 305.3 ; 1 ; 20
EL1 0.00000099 ; 0.00000039 ; 316.3 ; 1 ; 20
EL2 0.000000051 ; 0.000000021 ; 316.5 ; 1 ; 20
EL3 0.000000051 ; 0.000000022 ; 316.6 ; 1 ; 20
EM  0.00000017 ; 0.00000007 ; 317.9 ; 1 ; 20
EN  0.000000014 ; 0.000000006 ; 318 ; 1 ; 20
GA  0.0042 ; 0.0017 ; 599.8 ; 1 ; 17
EK  0.0000051 ; 0.0000021 ; 587.1 ; 1 ; 17
EL1 0.00000052 ; 0.00000021 ; 598.1 ; 1 ; 17
EL2 0.000000013 ; 0.000000006 ; 598.3 ; 1 ; 17
EL3 0.000000011 ; 0.000000005 ; 598.4 ; 1 ; 17
EM  0.000000084 ; 0.000000034 ; 599.7 ; 1 ; 17
EN  0.0000000072 ; 0.0000000029 ; 599.8 ; 1 ; 17
GA  0.0013 ; 0.0005 ; 1881.9 ; 1 ; 6
GA  0.00006 ; 0.00004 ; 2547.2 ; 1 ; 2
COM -------------- Level Separator - T1/2 in seconds -------------
LED 3622.2 ; 2 ; 3 ;  ;  ; 25
GA  0.001 ; 0.0005 ; 1193.1 ; 2 ; 10
GA  0.0019 ; 0.001 ; 1834.6 ; 2 ; 6
GA  0.00074 ; 0.00023 ; 3063 ; 2 ; 1
COM -------------- Level Separator - T1/2 in seconds -------------
LED 3604.08 ; 0.08 ; 16 ;  ;  ; 24
GA  0.00052 ; 0.00015 ; 934.19 ; 0.09 ; 14
EK  0.000000096 ; 0.000000028 ; 921.54 ; 0.09 ; 14
EL1 0.0000000097 ; 0.0000000028 ; 932.55 ; 0.09 ; 14
EL2 0.000000000081 ; 0.000000000023 ; 932.72 ; 0.09 ; 14
EL3 0.000000000168 ; 0.000000000049 ; 932.76 ; 0.09 ; 14
EM  0.00000000154 ; 0.00000000045 ; 934.06 ; 0.09 ; 14
EN  0.000000000132 ; 0.000000000038 ; 934.19 ; 0.09 ; 14
GA  0.00133 ; 0.00023 ; 2481.76 ; 0.08 ; 2
GA  0.00022 ; 0.00008 ; 3044.91 ; 0.08 ; 1
GA  0.016 ; 0.0011 ; 3603.99 ; 0.08 ; 0
EK  0.000000522 ; 0.000000037 ; 3591.42 ; 0.08 ; 0
EL1 0.0000000528 ; 0.0000000037 ; 3602.43 ; 0.08 ; 0
EL2 0.000000000225 ; 0.000000000016 ; 3602.6 ; 0.08 ; 0
EL3 0.000000000389 ; 0.000000000028 ; 3602.64 ; 0.08 ; 0
EM  0.0000000083 ; 0.0000000006 ; 3603.94 ; 0.08 ; 0
EN  0.00000000071 ; 0.00000000005 ; 3604.07 ; 0.08 ; 0
COM -------------- Level Separator - T1/2 in seconds -------------
LED 3556.46 ; 0.08 ; 11 ;  ;  ; 23
GA  0.0034 ; 0.00023 ; 886.57 ; 0.09 ; 14
GA  0.0017 ; 0.0005 ; 901.13 ; 0.09 ; 13
GA  0.0006 ; 0.0003 ; 1429.24 ; 0.08 ; 7
GA  0.0009 ; 0.0004 ; 2340.27 ; 0.08 ; 3
GA  0.00955 ; 0.00024 ; 2997.3 ; 0.08 ; 1
EK  0.00000042 ; 0.000000012 ; 2984.7 ; 0.08 ; 1
EL1 0.0000000425 ; 0.0000000013 ; 2995.71 ; 0.08 ; 1
EL2 0.000000000213 ; 0.000000000007 ; 2995.88 ; 0.08 ; 1
EL3 0.000000000321 ; 0.000000000012 ; 2995.92 ; 0.08 ; 1
EM  0.00000000669 ; 0.00000000019 ; 2997.22 ; 0.08 ; 1
EN  0.000000000575 ; 0.000000000017 ; 2997.35 ; 0.08 ; 1
COM -------------- Level Separator - T1/2 in seconds -------------
LED 3459.4 ; 0.08 ; 31 ;  ;  ; 22
GA  0.0046 ; 0.0003 ; 789.52 ; 0.09 ; 14
EK  0.0000012 ; 0.00000008 ; 776.86 ; 0.09 ; 14
EL1 0.000000121 ; 0.000000008 ; 787.87 ; 0.09 ; 14
EL2 0.00000000117 ; 0.00000000008 ; 788.04 ; 0.09 ; 14
EL3 0.00000000231 ; 0.00000000015 ; 788.08 ; 0.09 ; 14
EM  0.0000000193 ; 0.0000000013 ; 789.38 ; 0.09 ; 14
EN  0.00000000165 ; 0.00000000011 ; 789.51 ; 0.09 ; 14
GA  0.0053 ; 0.0004 ; 804.08 ; 0.09 ; 13
EK  0.00000133 ; 0.0000001 ; 791.42 ; 0.09 ; 13
EL1 0.000000134 ; 0.00000001 ; 802.43 ; 0.09 ; 13
EL2 0.00000000128 ; 0.0000000001 ; 802.6 ; 0.09 ; 13
EL3 0.00000000253 ; 0.00000000019 ; 802.64 ; 0.09 ; 13
EM  0.0000000214 ; 0.0000000016 ; 803.94 ; 0.09 ; 13
EN  0.00000000183 ; 0.00000000014 ; 804.07 ; 0.09 ; 13
GA  0.0056 ; 0.0006 ; 1030.3 ; 0.08 ; 10
EK  0.00000086 ; 0.00000009 ; 1017.65 ; 0.08 ; 10
EL1 0.000000086 ; 0.000000009 ; 1028.66 ; 0.08 ; 10
EL2 0.00000000066 ; 0.00000000007 ; 1028.83 ; 0.08 ; 10
EL3 0.00000000143 ; 0.00000000015 ; 1028.87 ; 0.08 ; 10
EM  0.0000000137 ; 0.0000000015 ; 1030.18 ; 0.08 ; 10
EN  0.00000000118 ; 0.00000000013 ; 1030.3 ; 0.08 ; 10
GA  0.00052 ; 0.00023 ; 1288.84 ; 0.08 ; 8
EK  0.000000111 ; 0.000000049 ; 1276.19 ; 0.08 ; 8
EL1 0.0000000112 ; 0.0000000049 ; 1287.2 ; 0.08 ; 8
EL2 0.00000000015 ; 0.00000000007 ; 1287.37 ; 0.08 ; 8
EL3 0.00000000016 ; 0.00000000007 ; 1287.41 ; 0.08 ; 8
EM  0.0000000018 ; 0.0000000008 ; 1288.71 ; 0.08 ; 8
EN  0.00000000015 ; 0.00000000007 ; 1288.84 ; 0.08 ; 8
GA  0.0017 ; 0.00015 ; 1671.73 ; 0.08 ; 6
GA  0.002 ; 0.00023 ; 1770.42 ; 0.08 ; 5
GA  0.0027 ; 0.001 ; 2900.24 ; 0.08 ; 1
COM -------------- Level Separator - T1/2 in seconds -------------
LED 3441.5 ; 0.2 ; 8 ;  ;  ; 21
GA  0.00044 ; 0.00023 ; 281.4 ; 0.2 ; 18
EK  0.000005 ; 0.0000027 ; 268.74 ; 0.2 ; 18
EL1 0.00000049 ; 0.00000026 ; 279.75 ; 0.2 ; 18
EL2 0.000000029 ; 0.000000016 ; 279.92 ; 0.2 ; 18
EL3 0.000000029 ; 0.000000017 ; 279.96 ; 0.2 ; 18
EM  0.000000085 ; 0.000000046 ; 281.26 ; 0.2 ; 18
EN  0.0000000071 ; 0.0000000038 ; 281.39 ; 0.2 ; 18
GA  0.00059 ; 0.00023 ; 1270.9 ; 2 ; 8
COM -------------- Level Separator - T1/2 in seconds -------------
LED 3351.54 ; 0.07 ; 42 ;  ;  ; 20
GA  0.003 ; 0.0004 ; 401.01 ; 0.09 ; 16
EK  0.0000114 ; 0.0000018 ; 388.35 ; 0.09 ; 16
EL1 0.00000114 ; 0.00000018 ; 399.36 ; 0.09 ; 16
EL2 0.000000045 ; 0.000000009 ; 399.53 ; 0.09 ; 16
EL3 0.000000042 ; 0.000000011 ; 399.57 ; 0.09 ; 16
EM  0.000000189 ; 0.000000029 ; 400.88 ; 0.09 ; 16
EN  0.0000000159 ; 0.0000000024 ; 401 ; 0.09 ; 16
GA  0.00429 ; 0.00023 ; 681.66 ; 0.08 ; 14
EK  0.00000154 ; 0.00000009 ; 669 ; 0.08 ; 14
EL1 0.000000154 ; 0.000000009 ; 680.01 ; 0.08 ; 14
EL2 0.00000000169 ; 0.00000000009 ; 680.18 ; 0.08 ; 14
EL3 0.00000000322 ; 0.00000000018 ; 680.22 ; 0.08 ; 14
EM  0.0000000248 ; 0.0000000014 ; 681.52 ; 0.08 ; 14
EN  0.00000000211 ; 0.00000000012 ; 681.65 ; 0.08 ; 14
GA  0.00496 ; 0.00023 ; 696.22 ; 0.08 ; 13
EK  0.0000017 ; 0.00000008 ; 683.56 ; 0.08 ; 13
EL1 0.000000171 ; 0.000000008 ; 694.57 ; 0.08 ; 13
EL2 0.00000000184 ; 0.00000000009 ; 694.74 ; 0.08 ; 13
EL3 0.00000000351 ; 0.00000000017 ; 694.78 ; 0.08 ; 13
EM  0.0000000273 ; 0.0000000013 ; 696.08 ; 0.08 ; 13
EN  0.00000000233 ; 0.00000000011 ; 696.21 ; 0.08 ; 13
GA  0.0045 ; 0.0004 ; 836.88 ; 0.07 ; 11
GA  0.00192 ; 0.00015 ; 922.44 ; 0.07 ; 10
GA  0.00111 ; 0.00015 ; 1180.98 ; 0.07 ; 8
GA  0.0029 ; 0.0011 ; 1224.32 ; 0.07 ; 7
GA  0.0014 ; 0.0006 ; 1662.56 ; 0.07 ; 5
GA  0.0093 ; 0.0006 ; 2135.36 ; 0.07 ; 3
EK  0.000000734 ; 0.000000049 ; 2122.73 ; 0.07 ; 3
EL1 0.0000000744 ; 0.0000000049 ; 2133.74 ; 0.07 ; 3
EL2 0.00000000051 ; 0.000000000035 ; 2133.91 ; 0.07 ; 3
EL3 0.000000000614 ; 0.000000000048 ; 2133.95 ; 0.07 ; 3
EM  0.0000000117 ; 0.0000000008 ; 2135.25 ; 0.07 ; 3
EN  0.00000000101 ; 0.00000000007 ; 2135.38 ; 0.07 ; 3
GA  0.001 ; 0.0007 ; 2229.22 ; 0.07 ; 2
GA  0.056 ; 0.003 ; 2792.38 ; 0.07 ; 1
EK  0.00000277 ; 0.00000015 ; 2779.78 ; 0.07 ; 1
EL1 0.000000281 ; 0.000000016 ; 2790.79 ; 0.07 ; 1
EL2 0.0000000015 ; 0.00000000009 ; 2790.96 ; 0.07 ; 1
EL3 0.00000000214 ; 0.00000000014 ; 2791 ; 0.07 ; 1
EM  0.0000000442 ; 0.0000000025 ; 2792.3 ; 0.07 ; 1
EN  0.0000000038 ; 0.00000000021 ; 2792.43 ; 0.07 ; 1
GA  0.00252 ; 0.00015 ; 3351.46 ; 0.07 ; 0
COM -------------- Level Separator - T1/2 in seconds -------------
LED 3268.8 ; 0.4 ; 0 ;  ;  ; 19
COM -------------- Level Separator - T1/2 in seconds -------------
LED 3160.07 ; 0.06 ; 33 ;  ;  ; 18
GA  0.00333 ; 0.00023 ; 490.19 ; 0.07 ; 14
EK  0.00000259 ; 0.00000018 ; 477.53 ; 0.07 ; 14
EL1 0.000000259 ; 0.000000018 ; 488.54 ; 0.07 ; 14
EL2 0.00000000371 ; 0.00000000026 ; 488.71 ; 0.07 ; 14
EL3 0.00000000656 ; 0.00000000046 ; 488.75 ; 0.07 ; 14
EM  0.0000000419 ; 0.000000003 ; 490.06 ; 0.07 ; 14
EN  0.00000000356 ; 0.00000000025 ; 490.18 ; 0.07 ; 14
GA  0.00229 ; 0.00015 ; 504.75 ; 0.07 ; 13
EK  0.00000166 ; 0.00000011 ; 492.09 ; 0.07 ; 13
EL1 0.000000166 ; 0.000000011 ; 503.1 ; 0.07 ; 13
EL2 0.00000000232 ; 0.00000000016 ; 503.27 ; 0.07 ; 13
EL3 0.00000000412 ; 0.00000000028 ; 503.31 ; 0.07 ; 13
EM  0.0000000268 ; 0.0000000018 ; 504.62 ; 0.07 ; 13
EN  0.00000000228 ; 0.00000000015 ; 504.74 ; 0.07 ; 13
GA  0.0058 ; 0.0008 ; 730.98 ; 0.06 ; 10
EK  0.00000178 ; 0.00000025 ; 718.32 ; 0.06 ; 10
EL1 0.000000179 ; 0.000000025 ; 729.33 ; 0.06 ; 10
EL2 0.00000000186 ; 0.00000000026 ; 729.5 ; 0.06 ; 10
EL3 0.00000000358 ; 0.0000000005 ; 729.54 ; 0.06 ; 10
EM  0.0000000287 ; 0.000000004 ; 730.84 ; 0.06 ; 10
EN  0.00000000245 ; 0.00000000034 ; 730.97 ; 0.06 ; 10
GA  0.0058 ; 0.0005 ; 1032.85 ; 0.06 ; 7
GA  0.0051 ; 0.0003 ; 1372.41 ; 0.06 ; 6
GA  0.0232 ; 0.0011 ; 1471.09 ; 0.06 ; 5
EK  0.00000369 ; 0.00000018 ; 1458.45 ; 0.06 ; 5
EL1 0.000000375 ; 0.000000019 ; 1469.46 ; 0.06 ; 5
EL2 0.00000000371 ; 0.00000000024 ; 1469.63 ; 0.06 ; 5
EL3 0.00000000367 ; 0.00000000031 ; 1469.67 ; 0.06 ; 5
EM  0.0000000594 ; 0.000000003 ; 1470.98 ; 0.06 ; 5
EN  0.00000000508 ; 0.00000000026 ; 1471.1 ; 0.06 ; 5
GA  0.0047 ; 0.0009 ; 1943.89 ; 0.06 ; 3
GA  0.0069 ; 0.0003 ; 2600.92 ; 0.06 ; 1
GA  0.00141 ; 0.00015 ; 3160 ; 0.06 ; 0
COM -------------- Level Separator - T1/2 in seconds -------------
LED 3069.75 ; 0.04 ; 32 ;  ;  ; 17
GA  0.00052 ; 0.00015 ; 399.87 ; 0.06 ; 14
EK  0.00000068 ; 0.0000002 ; 387.21 ; 0.06 ; 14
EL1 0.000000068 ; 0.00000002 ; 398.22 ; 0.06 ; 14
EL2 0.00000000113 ; 0.00000000033 ; 398.39 ; 0.06 ; 14
EL3 0.0000000019 ; 0.0000000006 ; 398.43 ; 0.06 ; 14
EM  0.000000011 ; 0.0000000032 ; 399.74 ; 0.06 ; 14
EN  0.00000000094 ; 0.00000000027 ; 399.86 ; 0.06 ; 14
GA  0.0017 ; 0.00023 ; 899.19 ; 0.04 ; 8
GA  0.00074 ; 0.00015 ; 942.53 ; 0.04 ; 7
GA  0.0007 ; 0.0003 ; 1282.09 ; 0.04 ; 6
GA  0.025 ; 0.0011 ; 1380.78 ; 0.04 ; 5
EK  0.00000453 ; 0.00000021 ; 1368.132 ; 0.04 ; 5
EL1 0.000000458 ; 0.000000021 ; 1379.136 ; 0.04 ; 5
EL2 0.00000000485 ; 0.00000000031 ; 1379.314 ; 0.04 ; 5
EL3 0.00000000465 ; 0.00000000041 ; 1379.354 ; 0.04 ; 5
EM  0.0000000728 ; 0.0000000034 ; 1380.655 ; 0.04 ; 5
EN  0.00000000622 ; 0.00000000029 ; 1380.782 ; 0.04 ; 5
GA  0.146 ; 0.008 ; 1853.58 ; 0.04 ; 3
EK  0.0000149 ; 0.0000008 ; 1840.942 ; 0.04 ; 3
EL1 0.00000151 ; 0.00000009 ; 1851.946 ; 0.04 ; 3
EL2 0.0000000119 ; 0.0000000007 ; 1852.124 ; 0.04 ; 3
EL3 0.0000000131 ; 0.000000001 ; 1852.164 ; 0.04 ; 3
EM  0.000000239 ; 0.000000014 ; 1853.465 ; 0.04 ; 3
EN  0.0000000205 ; 0.0000000012 ; 1853.592 ; 0.04 ; 3
GA  0.0192 ; 0.0012 ; 2510.61 ; 0.04 ; 1
EK  0.00000114 ; 0.00000007 ; 2497.992 ; 0.04 ; 1
EL1 0.000000115 ; 0.000000007 ; 2508.996 ; 0.04 ; 1
EL2 0.000000000678 ; 0.000000000045 ; 2509.174 ; 0.04 ; 1
EL3 0.0000000009 ; 0.00000000007 ; 2509.214 ; 0.04 ; 1
EM  0.0000000182 ; 0.0000000012 ; 2510.515 ; 0.04 ; 1
EN  0.00000000156 ; 0.0000000001 ; 2510.642 ; 0.04 ; 1
GA  0.00044 ; 0.00015 ; 3069.68 ; 0.04 ; 0
COM -------------- Level Separator - T1/2 in seconds -------------
LED 2950.53 ; 0.05 ; 15 ;  ;  ; 16
GA  0.00163 ; 0.00015 ; 1162.87 ; 0.05 ; 6
GA  0.047 ; 0.003 ; 2391.39 ; 0.05 ; 1
EK  0.00000304 ; 0.0000002 ; 2378.77 ; 0.05 ; 1
EL1 0.000000307 ; 0.00000002 ; 2389.78 ; 0.05 ; 1
EL2 0.00000000189 ; 0.00000000013 ; 2389.95 ; 0.05 ; 1
EL3 0.00000000243 ; 0.00000000018 ; 2389.99 ; 0.05 ; 1
EM  0.0000000485 ; 0.0000000032 ; 2391.29 ; 0.05 ; 1
EN  0.00000000416 ; 0.00000000027 ; 2391.42 ; 0.05 ; 1
GA  0.074 ; 0.004 ; 2950.47 ; 0.05 ; 0
EK  0.00000334 ; 0.00000019 ; 2937.87 ; 0.05 ; 0
EL1 0.000000338 ; 0.000000019 ; 2948.88 ; 0.05 ; 0
EL2 0.00000000172 ; 0.0000000001 ; 2949.05 ; 0.05 ; 0
EL3 0.00000000255 ; 0.00000000016 ; 2949.09 ; 0.05 ; 0
EM  0.0000000533 ; 0.000000003 ; 2950.4 ; 0.05 ; 0
EN  0.00000000457 ; 0.00000000026 ; 2950.52 ; 0.05 ; 0
COM -------------- Level Separator - T1/2 in seconds -------------
LED 2858.1 ; 2 ; 2 ;  ;  ; 15
GA  0.0013 ; 0.0005 ; 1642 ; 2 ; 3
GA  0.0014 ; 0.0005 ; 2299 ; 2 ; 1
COM -------------- Level Separator - T1/2 in seconds -------------
LED 2669.88 ; 0.04 ; 35 ;  ;  ; 14
GA  0.0016 ; 0.0007 ; 499.33 ; 0.04 ; 8
EK  0.000008 ; 0.0000035 ; 486.672 ; 0.04 ; 8
EL1 0.00000084 ; 0.00000037 ; 497.676 ; 0.04 ; 8
EL2 0.000000028 ; 0.000000012 ; 497.854 ; 0.04 ; 8
EL3 0.0000000109 ; 0.0000000048 ; 497.894 ; 0.04 ; 8
EM  0.00000014 ; 0.00000006 ; 499.195 ; 0.04 ; 8
EN  0.000000012 ; 0.000000005 ; 499.322 ; 0.04 ; 8
GA  0.004 ; 0.0002 ; 882.22 ; 0.04 ; 6
EK  0.00000104 ; 0.00000028 ; 869.572 ; 0.04 ; 6
EL1 0.000000108 ; 0.000000032 ; 880.576 ; 0.04 ; 6
EL2 0.0000000013 ; 0.0000000007 ; 880.754 ; 0.04 ; 6
EL3 0.0000000016 ; 0.00000000018 ; 880.794 ; 0.04 ; 6
EM  0.0000000168 ; 0.0000000049 ; 882.095 ; 0.04 ; 6
EN  0.00000000144 ; 0.00000000041 ; 882.222 ; 0.04 ; 6
GA  0.00355 ; 0.00023 ; 980.91 ; 0.04 ; 5
EK  0.000000597 ; 0.00000004 ; 968.262 ; 0.04 ; 5
EL1 0.0000000601 ; 0.000000004 ; 979.266 ; 0.04 ; 5
EL2 0.000000000482 ; 0.000000000032 ; 979.444 ; 0.04 ; 5
EL3 0.00000000102 ; 0.00000000007 ; 979.484 ; 0.04 ; 5
EM  0.0000000096 ; 0.0000000006 ; 980.785 ; 0.04 ; 5
EN  0.00000000082 ; 0.00000000005 ; 980.912 ; 0.04 ; 5
GA  0.0081 ; 0.0005 ; 1453.72 ; 0.04 ; 3
EK  0.000000671 ; 0.000000043 ; 1441.072 ; 0.04 ; 3
EL1 0.0000000677 ; 0.0000000043 ; 1452.076 ; 0.04 ; 3
EL2 0.000000000382 ; 0.000000000024 ; 1452.254 ; 0.04 ; 3
EL3 0.00000000094 ; 0.00000000006 ; 1452.294 ; 0.04 ; 3
EM  0.0000000107 ; 0.0000000007 ; 1453.595 ; 0.04 ; 3
EN  0.00000000092 ; 0.00000000006 ; 1453.722 ; 0.04 ; 3
GA  0.0246 ; 0.0012 ; 2110.75 ; 0.04 ; 1
EK  0.00000114 ; 0.00000006 ; 2098.122 ; 0.04 ; 1
EL1 0.000000115 ; 0.000000006 ; 2109.126 ; 0.04 ; 1
EL2 0.000000000465 ; 0.000000000024 ; 2109.304 ; 0.04 ; 1
EL3 0.00000000136 ; 0.00000000007 ; 2109.344 ; 0.04 ; 1
EM  0.0000000181 ; 0.0000000009 ; 2110.645 ; 0.04 ; 1
EN  0.00000000155 ; 0.00000000008 ; 2110.772 ; 0.04 ; 1
COM -------------- Level Separator - T1/2 in seconds -------------
LED 2655.32 ; 0.04 ; 42 ;  ;  ; 13
GA  0.00318 ; 0.00023 ; 867.66 ; 0.04 ; 6
EK  0.00000068 ; 0.00000005 ; 855.012 ; 0.04 ; 6
EL1 0.000000069 ; 0.000000005 ; 866.016 ; 0.04 ; 6
EL2 0.000000000614 ; 0.000000000045 ; 866.194 ; 0.04 ; 6
EL3 0.00000000125 ; 0.00000000009 ; 866.234 ; 0.04 ; 6
EM  0.000000011 ; 0.0000000008 ; 867.535 ; 0.04 ; 6
EN  0.00000000093 ; 0.00000000007 ; 867.662 ; 0.04 ; 6
GA  0.00044 ; 0.00023 ; 1324.45 ; 0.04 ; 4
EK  0.00000017 ; 0.00000009 ; 1311.802 ; 0.04 ; 4
EL1 0.000000017 ; 0.000000009 ; 1322.806 ; 0.04 ; 4
EL2 0.00000000042 ; 0.00000000022 ; 1322.984 ; 0.04 ; 4
EL3 0.00000000026 ; 0.00000000013 ; 1323.024 ; 0.04 ; 4
EM  0.0000000027 ; 0.0000000014 ; 1324.325 ; 0.04 ; 4
EN  0.00000000023 ; 0.00000000012 ; 1324.452 ; 0.04 ; 4
GA  0.0058 ; 0.0003 ; 1439.16 ; 0.04 ; 3
EK  0.000000489 ; 0.000000026 ; 1426.512 ; 0.04 ; 3
EL1 0.0000000493 ; 0.0000000026 ; 1437.516 ; 0.04 ; 3
EL2 0.00000000028 ; 0.000000000015 ; 1437.694 ; 0.04 ; 3
EL3 0.000000000687 ; 0.000000000037 ; 1437.734 ; 0.04 ; 3
EM  0.00000000781 ; 0.00000000042 ; 1439.035 ; 0.04 ; 3
EN  0.000000000669 ; 0.000000000036 ; 1439.162 ; 0.04 ; 3
GA  0.0006 ; 0.0004 ; 1533.01 ; 0.04 ; 2
EK  0.000000046 ; 0.00000003 ; 1520.372 ; 0.04 ; 2
EL1 0.0000000046 ; 0.0000000031 ; 1531.376 ; 0.04 ; 2
EL2 0.000000000025 ; 0.000000000016 ; 1531.554 ; 0.04 ; 2
EL3 0.000000000062 ; 0.000000000041 ; 1531.594 ; 0.04 ; 2
EM  0.00000000073 ; 0.00000000049 ; 1532.895 ; 0.04 ; 2
EN  0.000000000062 ; 0.000000000042 ; 1533.022 ; 0.04 ; 2
GA  0.0135 ; 0.0008 ; 2096.19 ; 0.04 ; 1
EK  0.00000063 ; 0.000000039 ; 2083.562 ; 0.04 ; 1
EL1 0.0000000636 ; 0.0000000039 ; 2094.566 ; 0.04 ; 1
EL2 0.000000000259 ; 0.000000000016 ; 2094.744 ; 0.04 ; 1
EL3 0.000000000753 ; 0.000000000046 ; 2094.784 ; 0.04 ; 1
EM  0.00000001 ; 0.0000000006 ; 2096.085 ; 0.04 ; 1
EN  0.00000000086 ; 0.00000000005 ; 2096.212 ; 0.04 ; 1
GA  0.0017 ; 0.00015 ; 2655.27 ; 0.04 ; 0
EK  0.000000057 ; 0.000000005 ; 2642.662 ; 0.04 ; 0
EL1 0.0000000057 ; 0.0000000005 ; 2653.666 ; 0.04 ; 0
EL2 0.0000000000192 ; 0.0000000000017 ; 2653.844 ; 0.04 ; 0
EL3 0.000000000062 ; 0.000000000006 ; 2653.884 ; 0.04 ; 0
EM  0.0000000009 ; 0.00000000008 ; 2655.185 ; 0.04 ; 0
EN  0.000000000077 ; 0.000000000007 ; 2655.312 ; 0.04 ; 0
COM -------------- Level Separator - T1/2 in seconds -------------
LED 2630.8 ; 0.5 ; 3 ;  ;  ; 12
GA  0.00111 ; 0.00023 ; 941.8 ; 0.5 ; 5
GA  0.0027 ; 0.0023 ; 2071.7 ; 0.5 ; 1
GA  0.0013 ; 0.0004 ; 2630.8 ; 0.5 ; 0
COM -------------- Level Separator - T1/2 in seconds -------------
LED 2514.663 ; 0.013 ; 9 ;  ;  ; 11
GA  0.0067 ; 0.0023 ; 727.011 ; 0.015 ; 6
EK  0.000005 ; 0.0000017 ; 714.357 ; 0.015 ; 6
EL1 0.00000051 ; 0.00000018 ; 725.361 ; 0.015 ; 6
EL2 0.0000000107 ; 0.0000000038 ; 725.539 ; 0.015 ; 6
EL3 0.000000009 ; 0.0000000033 ; 725.579 ; 0.015 ; 6
EM  0.000000082 ; 0.000000028 ; 726.88 ; 0.015 ; 6
EN  0.000000007 ; 0.0000000024 ; 727.007 ; 0.015 ; 6
GA  0.00089 ; 0.00008 ; 1298.504 ; 0.015 ; 3
GA  0.003 ; 0.0006 ; 1955.534 ; 0.014 ; 1
COM -------------- Level Separator - T1/2 in seconds -------------
LED 2429.095 ; 0.011 ; 42 ;  ;  ; 10
GA  0.0014 ; 0.0004 ; 641.444 ; 0.014 ; 6
EK  0.00000057 ; 0.00000016 ; 628.789 ; 0.014 ; 6
EL1 0.000000058 ; 0.000000017 ; 639.793 ; 0.014 ; 6
EL2 0.00000000067 ; 0.00000000019 ; 639.971 ; 0.014 ; 6
EL3 0.00000000125 ; 0.00000000036 ; 640.011 ; 0.014 ; 6
EM  0.0000000093 ; 0.0000000027 ; 641.312 ; 0.014 ; 6
EN  0.00000000079 ; 0.00000000023 ; 641.439 ; 0.014 ; 6
GA  0.0013 ; 0.0004 ; 740.129 ; 0.013 ; 5
EK  0.00000047 ; 0.00000018 ; 727.475 ; 0.013 ; 5
EL1 0.000000047 ; 0.000000019 ; 738.479 ; 0.013 ; 5
EL2 0.00000000061 ; 0.00000000034 ; 738.657 ; 0.013 ; 5
EL3 0.00000000083 ; 0.00000000027 ; 738.697 ; 0.013 ; 5
EM  0.0000000075 ; 0.0000000029 ; 739.998 ; 0.013 ; 5
EN  0.00000000065 ; 0.00000000025 ; 740.125 ; 0.013 ; 5
GA  0.017 ; 0.006 ; 1212.938 ; 0.013 ; 3
EK  0.0000019 ; 0.0000007 ; 1200.29 ; 0.013 ; 3
EL1 0.00000019 ; 0.00000007 ; 1211.294 ; 0.013 ; 3
EL2 0.00000000129 ; 0.00000000045 ; 1211.472 ; 0.013 ; 3
EL3 0.0000000029 ; 0.000000001 ; 1211.512 ; 0.013 ; 3
EM  0.000000031 ; 0.000000011 ; 1212.813 ; 0.013 ; 3
EN  0.0000000026 ; 0.0000000009 ; 1212.94 ; 0.013 ; 3
GA  0.00185 ; 0.00023 ; 1306.8 ; 0.013 ; 2
EK  0.00000072 ; 0.00000009 ; 1294.154 ; 0.013 ; 2
EL1 0.000000073 ; 0.000000009 ; 1305.158 ; 0.013 ; 2
EL2 0.00000000187 ; 0.00000000023 ; 1305.336 ; 0.013 ; 2
EL3 0.00000000113 ; 0.00000000014 ; 1305.376 ; 0.013 ; 2
EM  0.0000000118 ; 0.0000000015 ; 1306.677 ; 0.013 ; 2
EN  0.00000000101 ; 0.00000000013 ; 1306.804 ; 0.013 ; 2
GA  0.00141 ; 0.00015 ; 1869.968 ; 0.012 ; 1
EK  0.000000078 ; 0.000000008 ; 1857.335 ; 0.012 ; 1
EL1 0.0000000079 ; 0.0000000008 ; 1868.339 ; 0.012 ; 1
EL2 0.0000000000355 ; 0.0000000000038 ; 1868.517 ; 0.012 ; 1
EL3 0.000000000098 ; 0.00000000001 ; 1868.557 ; 0.012 ; 1
EM  0.00000000125 ; 0.00000000013 ; 1869.858 ; 0.012 ; 1
EN  0.000000000107 ; 0.000000000011 ; 1869.985 ; 0.012 ; 1
GA  0.001 ; 0.0005 ; 2429.053 ; 0.011 ; 0
EK  0.000000099 ; 0.00000005 ; 2416.437 ; 0.011 ; 0
EL1 0.00000001 ; 0.000000005 ; 2427.441 ; 0.011 ; 0
EL2 0.00000000011 ; 0.00000000005 ; 2427.619 ; 0.011 ; 0
EL3 0.000000000082 ; 0.000000000041 ; 2427.659 ; 0.011 ; 0
EM  0.0000000016 ; 0.0000000008 ; 2428.96 ; 0.011 ; 0
EN  0.00000000014 ; 0.00000000007 ; 2429.087 ; 0.011 ; 0
COM -------------- Level Separator - T1/2 in seconds -------------
LED 2374.2 ; 0.6 ; 2 ;  ;  ; 9
GA  0.00133 ; 0.00008 ; 1158.1 ; 0.5 ; 3
GA  0.00148 ; 0.00015 ; 1815.1 ; 0.6 ; 1
COM -------------- Level Separator - T1/2 in seconds -------------
LED 2170.554 ; 0.012 ; 8 ;  ;  ; 8
GA  0.00222 ; 0.00023 ; 1611.434 ; 0.013 ; 1
EK  0.000000299 ; 0.000000031 ; 1598.794 ; 0.013 ; 1
EL1 0.0000000303 ; 0.0000000032 ; 1609.798 ; 0.013 ; 1
EL2 0.000000000311 ; 0.000000000033 ; 1609.976 ; 0.013 ; 1
EL3 0.000000000356 ; 0.000000000037 ; 1610.016 ; 0.013 ; 1
EM  0.0000000048 ; 0.0000000005 ; 1611.317 ; 0.013 ; 1
EN  0.000000000413 ; 0.000000000043 ; 1611.444 ; 0.013 ; 1
GA   ;  ; 2170.521 ; 0.012 ; 0
COM -------------- Level Separator - T1/2 in seconds -------------
LED 2127.215 ; 0.008 ; 29 ;  ;  ; 7
GA  0.0027 ; 0.0003 ; 438.252 ; 0.011 ; 5
EK  0.0000078 ; 0.000001 ; 425.595 ; 0.011 ; 5
EL1 0.00000079 ; 0.0000001 ; 436.599 ; 0.011 ; 5
EL2 0.0000000284 ; 0.0000000049 ; 436.777 ; 0.011 ; 5
EL3 0.000000026 ; 0.000000005 ; 436.817 ; 0.011 ; 5
EM  0.00000013 ; 0.000000018 ; 438.118 ; 0.011 ; 5
EN  0.0000000111 ; 0.0000000015 ; 438.245 ; 0.011 ; 5
GA  0.00074 ; 0.00023 ; 796.351 ; 0.011 ; 4
EK  0.00000049 ; 0.00000015 ; 783.697 ; 0.011 ; 4
EL1 0.000000049 ; 0.000000015 ; 794.701 ; 0.011 ; 4
EL2 0.00000000116 ; 0.00000000036 ; 794.879 ; 0.011 ; 4
EL3 0.00000000114 ; 0.00000000035 ; 794.919 ; 0.011 ; 4
EM  0.000000008 ; 0.0000000025 ; 796.22 ; 0.011 ; 4
EN  0.00000000068 ; 0.00000000021 ; 796.347 ; 0.011 ; 4
GA  0.0005 ; 0.0003 ; 911.062 ; 0.011 ; 3
GA  0.0095 ; 0.0005 ; 1568.096 ; 0.01 ; 1
EK  0.00000133 ; 0.00000007 ; 1555.455 ; 0.01 ; 1
EL1 0.000000135 ; 0.000000007 ; 1566.459 ; 0.01 ; 1
EL2 0.00000000125 ; 0.00000000008 ; 1566.637 ; 0.01 ; 1
EL3 0.00000000127 ; 0.00000000011 ; 1566.677 ; 0.01 ; 1
EM  0.0000000215 ; 0.0000000012 ; 1567.978 ; 0.01 ; 1
EN  0.00000000183 ; 0.0000000001 ; 1568.105 ; 0.01 ; 1
GA  0.0021 ; 0.0007 ; 2127.183 ; 0.008 ; 0
EK  0.00000017 ; 0.00000006 ; 2114.557 ; 0.008 ; 0
EL1 0.000000017 ; 0.000000006 ; 2125.561 ; 0.008 ; 0
EL2 0.000000000127 ; 0.000000000043 ; 2125.739 ; 0.008 ; 0
EL3 0.00000000017 ; 0.00000000006 ; 2125.779 ; 0.008 ; 0
EM  0.0000000027 ; 0.0000000009 ; 2127.08 ; 0.008 ; 0
EN  0.00000000023 ; 0.00000000008 ; 2127.207 ; 0.008 ; 0
COM -------------- Level Separator - T1/2 in seconds -------------
LED 1787.648 ; 0.008 ; 35 ; 8.E-12 ; 5.E-12 ; 6
GA  0.00067 ; 0.00015 ; 456.787 ; 0.011 ; 4
EK  0.00000217 ; 0.00000049 ; 444.13 ; 0.011 ; 4
EL1 0.000000216 ; 0.000000049 ; 455.134 ; 0.011 ; 4
EL2 0.0000000095 ; 0.0000000021 ; 455.312 ; 0.011 ; 4
EL3 0.0000000096 ; 0.0000000022 ; 455.352 ; 0.011 ; 4
EM  0.000000037 ; 0.000000008 ; 456.653 ; 0.011 ; 4
EN  0.0000000031 ; 0.0000000007 ; 456.78 ; 0.011 ; 4
GA  0.0044 ; 0.0023 ; 571.499 ; 0.011 ; 3
EK  0.0000051 ; 0.0000026 ; 558.843 ; 0.011 ; 3
EL1 0.00000051 ; 0.00000027 ; 569.847 ; 0.011 ; 3
EL2 0.0000000089 ; 0.0000000047 ; 570.025 ; 0.011 ; 3
EL3 0.0000000047 ; 0.0000000026 ; 570.065 ; 0.011 ; 3
EM  0.000000082 ; 0.000000043 ; 571.366 ; 0.011 ; 3
EN  0.000000007 ; 0.0000000037 ; 571.493 ; 0.011 ; 3
GA  0.0071 ; 0.0008 ; 665.362 ; 0.011 ; 2
EK  0.0000075 ; 0.0000009 ; 652.707 ; 0.011 ; 2
EL1 0.00000076 ; 0.00000009 ; 663.711 ; 0.011 ; 2
EL2 0.0000000221 ; 0.0000000025 ; 663.889 ; 0.011 ; 2
EL3 0.0000000217 ; 0.0000000025 ; 663.929 ; 0.011 ; 2
EM  0.000000125 ; 0.000000014 ; 665.23 ; 0.011 ; 2
EN  0.0000000105 ; 0.0000000012 ; 665.357 ; 0.011 ; 2
GA  0.0213 ; 0.001 ; 1228.535 ; 0.01 ; 1
EK  0.00000481 ; 0.00000024 ; 1215.888 ; 0.01 ; 1
EL1 0.00000049 ; 0.000000025 ; 1226.892 ; 0.01 ; 1
EL2 0.00000000518 ; 0.00000000027 ; 1227.07 ; 0.01 ; 1
EL3 0.00000000424 ; 0.00000000025 ; 1227.11 ; 0.01 ; 1
EM  0.0000000775 ; 0.0000000039 ; 1228.411 ; 0.01 ; 1
EN  0.00000000665 ; 0.00000000033 ; 1228.538 ; 0.01 ; 1
GA  0.0055 ; 0.0003 ; 1787.625 ; 0.008 ; 0
EK  0.000000607 ; 0.000000034 ; 1774.99 ; 0.008 ; 0
EL1 0.0000000614 ; 0.0000000035 ; 1785.994 ; 0.008 ; 0
EL2 0.000000000559 ; 0.000000000032 ; 1786.172 ; 0.008 ; 0
EL3 0.000000000669 ; 0.000000000038 ; 1786.212 ; 0.008 ; 0
EM  0.0000000097 ; 0.0000000005 ; 1787.513 ; 0.008 ; 0
EN  0.000000000834 ; 0.000000000047 ; 1787.64 ; 0.008 ; 0
COM -------------- Level Separator - T1/2 in seconds -------------
LED 1688.962 ; 0.007 ; 21 ;  ;  ; 5
GA  0.0037 ; 0.0015 ; 358.101 ; 0.011 ; 4
EK  0.00002 ; 0.000008 ; 345.444 ; 0.011 ; 4
EL1 0.000002 ; 0.0000008 ; 356.448 ; 0.011 ; 4
EL2 0.000000089 ; 0.000000039 ; 356.626 ; 0.011 ; 4
EL3 0.000000085 ; 0.000000039 ; 356.666 ; 0.011 ; 4
EM  0.00000033 ; 0.00000014 ; 357.967 ; 0.011 ; 4
EN  0.000000028 ; 0.000000011 ; 358.094 ; 0.011 ; 4
GA  0.0192 ; 0.0008 ; 472.813 ; 0.01 ; 3
EK  0.0000447 ; 0.0000031 ; 460.157 ; 0.01 ; 3
EL1 0.00000451 ; 0.00000031 ; 471.161 ; 0.01 ; 3
EL2 0.00000015 ; 0.00000002 ; 471.339 ; 0.01 ; 3
EL3 0.000000134 ; 0.000000024 ; 471.379 ; 0.01 ; 3
EM  0.00000074 ; 0.00000005 ; 472.68 ; 0.01 ; 3
EN  0.000000063 ; 0.0000000045 ; 472.807 ; 0.01 ; 3
GA  0.0459 ; 0.0023 ; 1129.851 ; 0.009 ; 1
EK  0.0000126 ; 0.0000007 ; 1117.202 ; 0.009 ; 1
EL1 0.00000128 ; 0.00000007 ; 1128.206 ; 0.009 ; 1
EL2 0.0000000169 ; 0.000000001 ; 1128.384 ; 0.009 ; 1
EL3 0.0000000154 ; 0.000000001 ; 1128.424 ; 0.009 ; 1
EM  0.000000204 ; 0.000000011 ; 1129.725 ; 0.009 ; 1
EN  0.0000000174 ; 0.0000000009 ; 1129.852 ; 0.009 ; 1
COM -------------- Level Separator - T1/2 in seconds -------------
LED 1330.86 ; 0.008 ; 14 ; 1.52E-12 ; 4.E-14 ; 4
GA  0.0033 ; 0.0011 ; 114.7 ; 0.1 ; 3
EK  0.00143 ; 0.00048 ; 102.04 ; 0.1 ; 3
EL1 0.000131 ; 0.000044 ; 113.05 ; 0.1 ; 3
EL2 0.000024 ; 0.000008 ; 113.22 ; 0.1 ; 3
EL3 0.000033 ; 0.000011 ; 113.26 ; 0.1 ; 3
EM  0.000029 ; 0.00001 ; 114.56 ; 0.1 ; 3
EN  0.0000023 ; 0.0000008 ; 114.69 ; 0.1 ; 3
GA  0.00414 ; 0.00023 ; 771.754 ; 0.01 ; 1
EK  0.00000295 ; 0.00000017 ; 759.1 ; 0.01 ; 1
EL1 0.000000297 ; 0.000000017 ; 770.104 ; 0.01 ; 1
EL2 0.00000000731 ; 0.00000000042 ; 770.282 ; 0.01 ; 1
EL3 0.00000000717 ; 0.00000000041 ; 770.322 ; 0.01 ; 1
EM  0.0000000484 ; 0.0000000028 ; 771.623 ; 0.01 ; 1
EN  0.00000000411 ; 0.00000000024 ; 771.75 ; 0.01 ; 1
COM -------------- Level Separator - T1/2 in seconds -------------
LED 1216.147 ; 0.007 ; 14 ; 3.4E-12 ; 1.E-13 ; 3
GA  0.16 ; 0.004 ; 657.042 ; 0.009 ; 1
EK  0.000174 ; 0.000005 ; 644.387 ; 0.009 ; 1
EL1 0.0000175 ; 0.0000005 ; 655.391 ; 0.009 ; 1
EL2 0.00000051 ; 0.000000015 ; 655.569 ; 0.009 ; 1
EL3 0.000000498 ; 0.000000015 ; 655.609 ; 0.009 ; 1
EM  0.00000288 ; 0.00000009 ; 656.91 ; 0.009 ; 1
EN  0.000000244 ; 0.000000007 ; 657.037 ; 0.009 ; 1
GA  0.0873 ; 0.0022 ; 1216.137 ; 0.007 ; 0
EK  0.000021 ; 0.0000006 ; 1203.489 ; 0.007 ; 0
EL1 0.00000213 ; 0.00000006 ; 1214.493 ; 0.007 ; 0
EL2 0.0000000305 ; 0.0000000009 ; 1214.671 ; 0.007 ; 0
EL3 0.0000000319 ; 0.000000001 ; 1214.711 ; 0.007 ; 0
EM  0.00000034 ; 0.00000001 ; 1216.012 ; 0.007 ; 0
EN  0.0000000291 ; 0.0000000009 ; 1216.139 ; 0.007 ; 0
COM -------------- Level Separator - T1/2 in seconds -------------
LED 1122.283 ; 0.007 ; 8 ; 9.E-12 ; 4.E-12 ; 2
GA  0.035 ; 0.006 ; 563.179 ; 0.009 ; 1
EK  0.00006 ; 0.00001 ; 550.523 ; 0.009 ; 1
EL1 0.000006 ; 0.000001 ; 561.527 ; 0.009 ; 1
EL2 0.00000021 ; 0.000000036 ; 561.705 ; 0.009 ; 1
EL3 0.000000208 ; 0.000000036 ; 561.745 ; 0.009 ; 1
EM  0.000001 ; 0.00000017 ; 563.046 ; 0.009 ; 1
EN  0.000000084 ; 0.000000014 ; 563.173 ; 0.009 ; 1
GA   ;  ; 1122.274 ; 0.007 ; 0
COM -------------- Level Separator - T1/2 in seconds -------------
LED 559.102 ; 0.005 ; 7 ; 1.222E-11 ; 1.7E-13 ; 1
GA  0.74 ; 0.007 ; 559.1 ; 0.005 ; 0
EK  0.001293 ; 0.000022 ; 546.444 ; 0.005 ; 0
EL1 0.0001294 ; 0.0000022 ; 557.448 ; 0.005 ; 0
EL2 0.00000457 ; 0.00000008 ; 557.626 ; 0.005 ; 0
EL3 0.00000453 ; 0.00000008 ; 557.666 ; 0.005 ; 0
EM  0.00002153 ; 0.00000036 ; 558.967 ; 0.005 ; 0
EN  0.000001813 ; 0.000000034 ; 559.094 ; 0.005 ; 0
