PAR CM245
AZP 245 ; 96
NDA 1
COM ***************** Evaluation Date: 04/10/2010 ****************
COM ===================== Daughter Separator =====================
DAU PU241
DDE 1 ;  ; 8 ; 9
Q   5622.3 ; 0.5
COM ---------------------- Branch Separator ----------------------
ALP 0.00005 ; 0 ; 8 ; 5152 ; 3 ; 0
COM ---------------------- Branch Separator ----------------------
ALP 0.0032 ; 0 ; 7 ; 5234.4 ; 1.2 ; 0
COM ---------------------- Branch Separator ----------------------
ALP 0.05 ; 0.001 ; 6 ; 5303.6 ; 1.2 ; 0
COM ---------------------- Branch Separator ----------------------
ALP 0.932 ; 0.005 ; 5 ; 5361.8 ; 1.2 ; 0
COM ---------------------- Branch Separator ----------------------
ALP 0.00021 ; 0.000009 ; 4 ; 5371.4 ; 0.5 ; 0
COM ---------------------- Branch Separator ----------------------
ALP 0.0039 ; 0.0022 ; 3 ; 5371.7 ; 0.5 ; 0
COM ---------------------- Branch Separator ----------------------
ALP 0.0004 ; 0 ; 2 ; 5436.1 ; 0.5 ; 0
COM ---------------------- Branch Separator ----------------------
ALP 0.0083 ; 0 ; 1 ; 5488.5 ; 0.5 ; 0
COM ---------------------- Branch Separator ----------------------
ALP 0.0058 ; 0 ; 0 ; 5530.4 ; 0.4 ; 0
COM -------------- Level Separator - T1/2 in seconds -------------
LED 385 ; 3 ; 0 ;  ;  ; 8
COM -------------- Level Separator - T1/2 in seconds -------------
LED 301.172 ; 0.016 ; 27 ;  ;  ; 7
GA  0.00007 ; 0.00003 ; 69.237 ; 0.018 ; 6
EL1 0.00067 ; 0.00031 ; 46.133 ; 0.018 ; 6
EL2 0.0005 ; 0.0005 ; 46.971 ; 0.018 ; 6
EL3 0.00028 ; 0.00044 ; 51.18 ; 0.018 ; 6
EM  0.00035 ; 0.00026 ; 64.479 ; 0.018 ; 6
EN  0.00013 ; 0.00009 ; 68.299 ; 0.018 ; 6
GA  0.00007 ; 0.00002 ; 126.09 ; 0.04 ; 5
EK  0.0000119 ; 0.0000034 ; 4.299 ; 0.04 ; 5
EL1 0.0000112 ; 0.0000032 ; 102.986 ; 0.04 ; 5
EL2 0.000166 ; 0.000047 ; 103.824 ; 0.04 ; 5
EL3 0.000098 ; 0.000028 ; 108.033 ; 0.04 ; 5
EM  0.000077 ; 0.000022 ; 121.332 ; 0.04 ; 5
EN  0.000026 ; 0.000007 ; 125.152 ; 0.04 ; 5
GA  0.00008 ; 0.00001 ; 139.858 ; 0.016 ; 3
EK  0.00032 ; 0.00032 ; 18.067 ; 0.016 ; 3
EL1 0.00006 ; 0.00006 ; 116.754 ; 0.016 ; 3
EL2 0.00006 ; 0.00006 ; 117.592 ; 0.016 ; 3
EL3 0.000032 ; 0.00004 ; 121.801 ; 0.016 ; 3
EM  0.000043 ; 0.000013 ; 135.1 ; 0.016 ; 3
EN  0.000015 ; 0.000005 ; 138.92 ; 0.016 ; 3
GA  0.00009 ; 0.00001 ; 205.393 ; 0.016 ; 2
EK  0.00013 ; 0.00012 ; 83.602 ; 0.016 ; 2
EL1 0.000023 ; 0.00002 ; 182.289 ; 0.016 ; 2
EL2 0.000015 ; 0.00001 ; 183.127 ; 0.016 ; 2
EL3 0.000006 ; 0.000006 ; 187.336 ; 0.016 ; 2
EM  0.0000116 ; 0.0000013 ; 200.635 ; 0.016 ; 2
EN  0.00000396 ; 0.00000045 ; 204.455 ; 0.016 ; 2
COM -------------- Level Separator - T1/2 in seconds -------------
LED 231.935 ; 0.009 ; 27 ;  ;  ; 6
GA  0.000359 ; 0.000021 ; 56.89 ; 0.03 ; 5
EL1 0.00531 ; 0.00038 ; 33.786 ; 0.03 ; 5
EL2 0.0101 ; 0.0012 ; 34.624 ; 0.03 ; 5
EL3 0.0076 ; 0.001 ; 38.833 ; 0.03 ; 5
EM  0.0062 ; 0.0006 ; 52.132 ; 0.03 ; 5
EN  0.00209 ; 0.00021 ; 55.952 ; 0.03 ; 5
GA  0.00113 ; 0.00004 ; 136.156 ; 0.009 ; 2
EK  0.007 ; 0.0014 ; 14.365 ; 0.009 ; 2
EL1 0.00129 ; 0.00022 ; 113.052 ; 0.009 ; 2
EL2 0.0007 ; 0.00023 ; 113.89 ; 0.009 ; 2
EL3 0.00032 ; 0.00015 ; 118.099 ; 0.009 ; 2
EM  0.00059 ; 0.00006 ; 131.398 ; 0.009 ; 2
EN  0.000201 ; 0.00002 ; 135.218 ; 0.009 ; 2
GA  0.00204 ; 0.00006 ; 189.965 ; 0.01 ; 1
EK  0.00502 ; 0.00034 ; 68.174 ; 0.01 ; 1
EL1 0.0009 ; 0.00007 ; 166.861 ; 0.01 ; 1
EL2 0.000343 ; 0.000032 ; 167.699 ; 0.01 ; 1
EL3 0.000114 ; 0.000019 ; 171.908 ; 0.01 ; 1
EM  0.000343 ; 0.000011 ; 185.207 ; 0.01 ; 1
EN  0.0001166 ; 0.0000039 ; 189.027 ; 0.01 ; 1
GA  0.000117 ; 0.000018 ; 231.935 ; 0.009 ; 0
EK  0.000014 ; 0.0000022 ; 110.144 ; 0.009 ; 0
EL1 0.0000036 ; 0.0000006 ; 208.831 ; 0.009 ; 0
EL2 0.0000199 ; 0.0000031 ; 209.669 ; 0.009 ; 0
EL3 0.0000086 ; 0.0000013 ; 213.878 ; 0.009 ; 0
EM  0.0000089 ; 0.0000014 ; 227.177 ; 0.009 ; 0
EN  0.00000302 ; 0.00000047 ; 230.997 ; 0.009 ; 0
COM -------------- Level Separator - T1/2 in seconds -------------
LED 175.0523 ; 0.0014 ; 20 ;  ;  ; 5
GA  0.0012 ; 0.00007 ; 79.2728 ; 0.0018 ; 2
EL1 0.0065 ; 0.0014 ; 56.1688 ; 0.0018 ; 2
EL2 0.0072 ; 0.0036 ; 57.0068 ; 0.0018 ; 2
EL3 0.005 ; 0.0027 ; 61.2158 ; 0.0018 ; 2
EM  0.0052 ; 0.0015 ; 74.5152 ; 0.0018 ; 2
EN  0.0018 ; 0.0006 ; 78.3348 ; 0.0018 ; 2
GA  0.0281 ; 0.0007 ; 133.081 ; 0.002 ; 1
EK  0.247 ; 0.007 ; 11.29 ; 0.002 ; 1
EL1 0.0443 ; 0.0013 ; 109.977 ; 0.002 ; 1
EL2 0.00809 ; 0.0003 ; 110.815 ; 0.002 ; 1
EL3 0.00166 ; 0.00012 ; 115.024 ; 0.002 ; 1
EM  0.01329 ; 0.00039 ; 128.3234 ; 0.002 ; 1
EN  0.00451 ; 0.00013 ; 132.143 ; 0.002 ; 1
GA  0.0983 ; 0.0022 ; 175.0523 ; 0.0014 ; 0
EK  0.4 ; 0.011 ; 53.2614 ; 0.0014 ; 0
EL1 0.0708 ; 0.002 ; 151.9484 ; 0.0014 ; 0
EL2 0.0116 ; 0.00047 ; 152.7864 ; 0.0014 ; 0
EL3 0.00161 ; 0.00022 ; 156.9954 ; 0.0014 ; 0
EM  0.0205 ; 0.0005 ; 170.2948 ; 0.0014 ; 0
EN  0.00699 ; 0.00018 ; 174.1144 ; 0.0014 ; 0
COM -------------- Level Separator - T1/2 in seconds -------------
LED 161.6852 ; 0.0009 ; 7 ; 8.8E-7 ; 5.E-8 ; 4
GA  0.00071 ; 0.00003 ; 161.685 ; 0.001 ; 0
EK  0.000135 ; 0.000006 ; 39.894 ; 0.001 ; 0
EL1 0.0000551 ; 0.0000025 ; 138.581 ; 0.001 ; 0
EL2 0.000564 ; 0.000025 ; 139.419 ; 0.001 ; 0
EL3 0.000296 ; 0.000013 ; 143.628 ; 0.001 ; 0
EM  0.000256 ; 0.000011 ; 156.9274 ; 0.001 ; 0
EN  0.0000868 ; 0.0000039 ; 160.747 ; 0.001 ; 0
COM -------------- Level Separator - T1/2 in seconds -------------
LED 161.314 ; 0.004 ; 6 ;  ;  ; 3
GA  0.00018 ; 0.00002 ; 65.535 ; 0.003 ; 2
EL1 0.00223 ; 0.00034 ; 42.431 ; 0.003 ; 2
EL2 0.0007 ; 0.0011 ; 43.269 ; 0.003 ; 2
EL3 0.0004 ; 0.0009 ; 47.478 ; 0.003 ; 2
EM  0.00081 ; 0.00044 ; 60.7774 ; 0.003 ; 2
EN  0.00027 ; 0.00016 ; 64.597 ; 0.003 ; 2
COM -------------- Level Separator - T1/2 in seconds -------------
LED 95.7795 ; 0.0012 ; 12 ;  ;  ; 2
GA  0.00073 ; 0.00004 ; 53.807 ; 0.001 ; 1
EL1 0.0162 ; 0.0009 ; 30.703 ; 0.001 ; 1
EL2 0.00533 ; 0.00041 ; 31.541 ; 0.001 ; 1
EL3 0.00277 ; 0.00027 ; 35.75 ; 0.001 ; 1
EM  0.00615 ; 0.00037 ; 49.0494 ; 0.001 ; 1
EN  0.00209 ; 0.00013 ; 52.869 ; 0.001 ; 1
GA  0.000109 ; 0.000023 ; 95.7795 ; 0.0012 ; 0
EL1 0.000044 ; 0.000009 ; 72.6755 ; 0.0012 ; 0
EL2 0.00089 ; 0.00019 ; 73.5135 ; 0.0012 ; 0
EL3 0.00059 ; 0.00013 ; 77.7225 ; 0.0012 ; 0
EM  0.00043 ; 0.00009 ; 91.0219 ; 0.0012 ; 0
EN  0.000145 ; 0.000031 ; 94.8415 ; 0.0012 ; 0
COM -------------- Level Separator - T1/2 in seconds -------------
LED 41.9722 ; 0.0009 ; 6 ;  ;  ; 1
GA  0.00369 ; 0.0002 ; 41.972 ; 0.001 ; 0
EL1 0.172 ; 0.01 ; 18.868 ; 0.001 ; 0
EL2 0.0679 ; 0.0043 ; 19.706 ; 0.001 ; 0
EL3 0.0417 ; 0.0029 ; 23.915 ; 0.001 ; 0
EM  0.0716 ; 0.0042 ; 37.2144 ; 0.001 ; 0
EN  0.0243 ; 0.0014 ; 41.034 ; 0.001 ; 0
