PAR CO57
AZP 57 ; 27
NDA 1
COM ***************** Evaluation Date: 09/09/2014 ****************
COM ===================== Daughter Separator =====================
DAU FE57
DDE 1 ;  ; 4 ; 6
Q   836.2 ; 0.5
COM ---------------------- Branch Separator ----------------------
CK  0.00161 ; 0.00006 ; 4 ; 129.78 ; 0.5 ; 0
CL1 0.000189 ; 0.000008 ; 4 ; 129.78 ; 0.5 ; 0
CM  0.0000307 ; 0.0000016 ; 4 ; 129.78 ; 0.5 ; 0
COM ---------------------- Branch Separator ----------------------
COM ---------------------- Branch Separator ----------------------
CK  0.8857 ; 0.0026 ; 2 ; 699.72626 ; 0.5 ; 0
CL1 0.0961 ; 0.0014 ; 2 ; 699.72626 ; 0.5 ; 0
CM  0.0154 ; 0.0005 ; 2 ; 699.72626 ; 0.5 ; 0
COM ---------------------- Branch Separator ----------------------
COM ---------------------- Branch Separator ----------------------
COM -------------- Level Separator - T1/2 in seconds -------------
LED 706.42 ; 0.02 ; 28 ; 4.1E-12 ; 1.1E-12 ; 4
GA  0.000038 ; 0.000004 ; 339.67 ; 0.03 ; 3
EK  0.000000057 ; 0.000000006 ; 332.558 ; 0.03 ; 3
EL1 0.0000000054 ; 0.0000000006 ; 338.824 ; 0.03 ; 3
EL2 0.000000000077 ; 0.000000000008 ; 338.949 ; 0.03 ; 3
EL3 0.0000000000436 ; 0.0000000000046 ; 338.962 ; 0.03 ; 3
EM  0.00000000075 ; 0.00000000008 ; 339.628 ; 0.03 ; 3
EN  0.0000000000347 ; 0.0000000000037 ; 339.67 ; 0.03 ; 3
GA  0.00015 ; 0.00002 ; 569.94 ; 0.04 ; 2
EK  0.000000069 ; 0.000000009 ; 562.828 ; 0.04 ; 2
EL1 0.0000000065 ; 0.0000000009 ; 569.094 ; 0.04 ; 2
EL2 0.000000000062 ; 0.000000000008 ; 569.219 ; 0.04 ; 2
EL3 0.00000000004 ; 0.000000000005 ; 569.232 ; 0.04 ; 2
EM  0.00000000091 ; 0.00000000012 ; 569.898 ; 0.04 ; 2
EN  0.000000000042 ; 0.000000000006 ; 569.94 ; 0.04 ; 2
GA  0.00159 ; 0.00006 ; 692.01 ; 0.02 ; 1
EK  0.000000523 ; 0.000000021 ; 684.898 ; 0.02 ; 1
EL1 0.0000000491 ; 0.000000002 ; 691.164 ; 0.02 ; 1
EL2 0.000000000464 ; 0.000000000019 ; 691.289 ; 0.02 ; 1
EL3 0.000000000388 ; 0.000000000017 ; 691.302 ; 0.02 ; 1
EM  0.00000000688 ; 0.00000000028 ; 691.968 ; 0.02 ; 1
EN  0.00000000032 ; 0.000000000013 ; 692.01 ; 0.02 ; 1
GA  0.00005 ; 0.000005 ; 706.415 ; 0.02 ; 0
EK  0.0000000218 ; 0.0000000022 ; 699.308 ; 0.02 ; 0
EL1 0.00000000204 ; 0.00000000021 ; 705.574 ; 0.02 ; 0
EL2 0.0000000000266 ; 0.0000000000027 ; 705.699 ; 0.02 ; 0
EL3 0.00000000003 ; 0.000000000003 ; 705.712 ; 0.02 ; 0
EM  0.000000000288 ; 0.000000000029 ; 706.378 ; 0.02 ; 0
EN  0.0000000000132 ; 0.0000000000013 ; 706.42 ; 0.02 ; 0
COM -------------- Level Separator - T1/2 in seconds -------------
LED 366.74 ; 0.03 ; 21 ; 1.05E-11 ; 1.4E-12 ; 3
GA  0.000004 ; 0.000004 ; 230.27 ; 0.03 ; 2
EK  0.000000015 ; 0.000000015 ; 223.158 ; 0.03 ; 2
EL1 0.0000000014 ; 0.0000000014 ; 229.424 ; 0.03 ; 2
EL2 0.000000000026 ; 0.000000000026 ; 229.549 ; 0.03 ; 2
EL3 0.000000000013 ; 0.000000000013 ; 229.562 ; 0.03 ; 2
EM  0.0000000002 ; 0.0000000002 ; 230.228 ; 0.03 ; 2
EN  0.000000000009 ; 0.000000000009 ; 230.27 ; 0.03 ; 2
GA  0.000032 ; 0.000004 ; 352.34 ; 0.02 ; 1
EK  0.000000043 ; 0.000000005 ; 345.228 ; 0.02 ; 1
EL1 0.0000000041 ; 0.0000000005 ; 351.494 ; 0.02 ; 1
EL2 0.000000000056 ; 0.000000000007 ; 351.619 ; 0.02 ; 1
EL3 0.0000000000309 ; 0.0000000000039 ; 351.632 ; 0.02 ; 1
EM  0.00000000058 ; 0.00000000007 ; 352.298 ; 0.02 ; 1
EN  0.0000000000265 ; 0.0000000000033 ; 352.34 ; 0.02 ; 1
GA  0.000013 ; 0.000004 ; 366.74 ; 0.03 ; 0
EK  0.000000021 ; 0.000000006 ; 359.628 ; 0.03 ; 0
EL1 0.0000000019 ; 0.0000000006 ; 365.894 ; 0.03 ; 0
EL2 0.000000000034 ; 0.000000000011 ; 366.019 ; 0.03 ; 0
EL3 0.00000000003 ; 0.00000000001 ; 366.032 ; 0.03 ; 0
EM  0.00000000028 ; 0.00000000009 ; 366.698 ; 0.03 ; 0
EN  0.0000000000126 ; 0.0000000000039 ; 366.74 ; 0.03 ; 0
COM -------------- Level Separator - T1/2 in seconds -------------
LED 136.47374 ; 0.00029 ; 14 ; 8.6E-9 ; 4.E-10 ; 2
GA  0.8549 ; 0.0014 ; 122.06065 ; 0.00012 ; 1
EK  0.01812 ; 0.00026 ; 114.94879 ; 0.00042 ; 1
EL1 0.001701 ; 0.000026 ; 121.21469 ; 0.00042 ; 1
EL2 0.000056 ; 0.0000009 ; 121.33969 ; 0.00042 ; 1
EL3 0.0000412 ; 0.0000008 ; 121.35269 ; 0.00042 ; 1
EM  0.0002479 ; 0.0000043 ; 122.01917 ; 0.00042 ; 1
EN  0.00001105 ; 0.00000016 ; 122.06039 ; 0.00042 ; 1
GA  0.1071 ; 0.0015 ; 136.47356 ; 0.00029 ; 0
EK  0.01426 ; 0.00029 ; 129.36174 ; 0.00029 ; 0
EL1 0.001271 ; 0.000025 ; 135.62764 ; 0.00029 ; 0
EL2 0.0000812 ; 0.0000016 ; 135.75264 ; 0.00029 ; 0
EL3 0.0001155 ; 0.0000023 ; 135.76564 ; 0.00029 ; 0
EM  0.0002003 ; 0.0000043 ; 136.43212 ; 0.00029 ; 0
EN  0.00000819 ; 0.00000016 ; 136.47334 ; 0.00029 ; 0
COM -------------- Level Separator - T1/2 in seconds -------------
LED 14.41295 ; 0.00031 ; 7 ; 9.8E-8 ; 4.E-10 ; 1
GA  0.0918 ; 0.0012 ; 14.41295 ; 0.00031 ; 0
EK  0.702 ; 0.014 ; 7.30095 ; 0.00031 ; 0
EL1 0.0666 ; 0.0013 ; 13.56685 ; 0.00031 ; 0
EL2 0.004 ; 0.00008 ; 13.69185 ; 0.00031 ; 0
EL3 0.001662 ; 0.000035 ; 13.70485 ; 0.00031 ; 0
EM  0.00993 ; 0.0002 ; 14.37133 ; 0.00031 ; 0
EN  0.000431 ; 0.000009 ; 14.41255 ; 0.00031 ; 0
