PAR EU152
AZP 152 ; 63
NDA 2
COM ***************** Evaluation Date: 19/04/2004 ****************
COM ===================== Daughter Separator =====================
DAU SM152
DDE 0.721 ;  ; 19 ; 66
Q   1874.3 ; 0.7
COM ---------------------- Branch Separator ----------------------
CK  0.000448 ; 0.000033 ; 19 ; 105.2 ; 0.7 ; 0
CL  0.000176 ; 0.000013 ; 19 ; 105.2 ; 0.7 ; 0
CM  0.0000447 ; 0.0000034 ; 19 ; 105.2 ; 0.7 ; 0
CN  0.0000113 ; 0.000001 ; 19 ; 105.2 ; 0.7 ; 0
COM ---------------------- Branch Separator ----------------------
CK  0.000283 ; 0.000021 ; 18 ; 117.149 ; 0.7 ; 0
CL  0.000097 ; 0.000007 ; 18 ; 117.149 ; 0.7 ; 0
CM  0.0000242 ; 0.0000018 ; 18 ; 117.149 ; 0.7 ; 0
CN  0.0000061 ; 0.0000006 ; 18 ; 117.149 ; 0.7 ; 0
COM ---------------------- Branch Separator ----------------------
CK  0.00031 ; 0.000009 ; 17 ; 144.059 ; 0.7 ; -2
CL  0.0000859 ; 0.0000025 ; 17 ; 144.059 ; 0.7 ; -2
CM  0.0000211 ; 0.0000007 ; 17 ; 144.059 ; 0.7 ; -2
CN  0.00000528 ; 0.00000033 ; 17 ; 144.059 ; 0.7 ; -2
COM ---------------------- Branch Separator ----------------------
CK  0.00699 ; 0.00011 ; 16 ; 224.39 ; 0.7 ; 0
CL  0.001468 ; 0.000026 ; 16 ; 224.39 ; 0.7 ; 0
CM  0.000348 ; 0.000008 ; 16 ; 224.39 ; 0.7 ; 0
CN  0.0000871 ; 0.0000047 ; 16 ; 224.39 ; 0.7 ; 0
COM ---------------------- Branch Separator ----------------------
CK  0.000166 ; 0.000011 ; 15 ; 261.36 ; 0.7 ; 0
CL  0.0000327 ; 0.0000022 ; 15 ; 261.36 ; 0.7 ; 0
CM  0.0000077 ; 0.0000005 ; 15 ; 261.36 ; 0.7 ; 0
CN  0.00000191 ; 0.00000017 ; 15 ; 261.36 ; 0.7 ; 0
COM ---------------------- Branch Separator ----------------------
CK  0.01662 ; 0.0001 ; 14 ; 294.935 ; 0.7 ; 0
CL  0.003141 ; 0.000031 ; 14 ; 294.935 ; 0.7 ; 0
CM  0.000736 ; 0.000015 ; 14 ; 294.935 ; 0.7 ; 0
CN  0.000182 ; 0.00001 ; 14 ; 294.935 ; 0.7 ; 0
COM ---------------------- Branch Separator ----------------------
CK  0.2005 ; 0.001 ; 13 ; 344.4927 ; 0.7 ; 0
CL  0.03621 ; 0.00034 ; 13 ; 344.4927 ; 0.7 ; 0
CM  0.00843 ; 0.00018 ; 13 ; 344.4927 ; 0.7 ; 0
CN  0.0021 ; 0.0001 ; 13 ; 344.4927 ; 0.7 ; 0
COM ---------------------- Branch Separator ----------------------
CK  0.00716 ; 0.0002 ; 12 ; 502.609 ; 0.7 ; 0
CL  0.001191 ; 0.000034 ; 12 ; 502.609 ; 0.7 ; 0
CM  0.000275 ; 0.000009 ; 12 ; 502.609 ; 0.7 ; 0
CN  0.0000678 ; 0.0000039 ; 12 ; 502.609 ; 0.7 ; 0
COM ---------------------- Branch Separator ----------------------
CK  0.00533 ; 0.00008 ; 11 ; 581.529 ; 0.7 ; 2
CL  0.000866 ; 0.000015 ; 11 ; 581.529 ; 0.7 ; 2
CM  0.000199 ; 0.0000049 ; 11 ; 581.529 ; 0.7 ; 2
CN  0.0000489 ; 0.0000027 ; 11 ; 581.529 ; 0.7 ; 2
COM ---------------------- Branch Separator ----------------------
CK  0.1423 ; 0.0007 ; 10 ; 640.4344 ; 0.7 ; 0
CL  0.02281 ; 0.00022 ; 10 ; 640.4344 ; 0.7 ; 0
CM  0.00523 ; 0.00011 ; 10 ; 640.4344 ; 0.7 ; 0
CN  0.00129 ; 0.00007 ; 10 ; 640.4344 ; 0.7 ; 0
COM ---------------------- Branch Separator ----------------------
CK  0.1778 ; 0.001 ; 9 ; 788.4501 ; 0.7 ; 0
CL  0.0278 ; 0.00028 ; 9 ; 788.4501 ; 0.7 ; 0
CM  0.00634 ; 0.00013 ; 9 ; 788.4501 ; 0.7 ; 0
CN  0.00156 ; 0.00009 ; 9 ; 788.4501 ; 0.7 ; 0
COM ---------------------- Branch Separator ----------------------
CK  0.00072 ; 0.00006 ; 8 ; 833.1658 ; 0.7 ; 0
CL  0.000111 ; 0.000009 ; 8 ; 833.1658 ; 0.7 ; 0
CM  0.0000255 ; 0.0000021 ; 8 ; 833.1658 ; 0.7 ; 0
CN  0.0000063 ; 0.0000006 ; 8 ; 833.1658 ; 0.7 ; 0
COM ---------------------- Branch Separator ----------------------
CK  0.001984 ; 0.000042 ; 7 ; 851.333 ; 0.7 ; 0
CL  0.000308 ; 0.000007 ; 7 ; 851.333 ; 0.7 ; 0
CM  0.0000702 ; 0.0000021 ; 7 ; 851.333 ; 0.7 ; 0
CN  0.0000174 ; 0.000001 ; 7 ; 851.333 ; 0.7 ; 0
COM ---------------------- Branch Separator ----------------------
COM ---------------------- Branch Separator ----------------------
CK  0.01071 ; 0.00025 ; 5 ; 1063.8526 ; 0.7 ; 0
CL  0.001629 ; 0.000041 ; 5 ; 1063.8526 ; 0.7 ; 0
CM  0.000371 ; 0.000012 ; 5 ; 1063.8526 ; 0.7 ; 0
CN  0.000091 ; 0.000006 ; 5 ; 1063.8526 ; 0.7 ; 0
COM ---------------------- Branch Separator ----------------------
COM ---------------------- Branch Separator ----------------------
COM ---------------------- Branch Separator ----------------------
BEP 0.000024 ; 0.000002 ; 2 ; 485.8214 ; 0.7 ; 0
CK  0.00647 ; 0.00042 ; 2 ; 1507.8214 ; 0.7 ; 0
CL  0.00096 ; 0.00006 ; 2 ; 1507.8214 ; 0.7 ; 0
CM  0.000218 ; 0.000015 ; 2 ; 1507.8214 ; 0.7 ; 0
CN  0.0000539 ; 0.0000047 ; 2 ; 1507.8214 ; 0.7 ; 0
COM ---------------------- Branch Separator ----------------------
BEP 0.00025 ; 0.00015 ; 1 ; 730.5182 ; 0.7 ; 0
CK  0.014 ; 0.008 ; 1 ; 1752.5182 ; 0.7 ; 0
CL  0.0021 ; 0.0012 ; 1 ; 1752.5182 ; 0.7 ; 0
CM  0.00048 ; 0.00028 ; 1 ; 1752.5182 ; 0.7 ; 0
CN  0.00012 ; 0.00007 ; 1 ; 1752.5182 ; 0.7 ; 0
COM ---------------------- Branch Separator ----------------------
COM -------------- Level Separator - T1/2 in seconds -------------
LED 1769.1 ; 0.03 ; 23 ;  ;  ; 19
GA  0.00008 ; 0.00003 ; 239.42 ; 0.17 ; 13
EK  0.0000018 ; 0.0000007 ; 192.59 ; 0.17 ; 13
EL  0.00000025 ; 0.00000009 ; 232.17 ; 0.17 ; 13
EM  0.000000053 ; 0.00000002 ; 238.05 ; 0.17 ; 13
EN  0.000000016 ; 0.000000006 ; 239.26 ; 0.17 ; 13
GA  0.000106 ; 0.000013 ; 727.99 ; 0.14 ; 8
EK  0.000000176 ; 0.000000022 ; 681.16 ; 0.14 ; 8
EL1 0.000000021 ; 0.000000022 ; 720.25 ; 0.14 ; 8
EL2 0.000000001 ; 0.000000022 ; 720.68 ; 0.14 ; 8
EL3 0.000000001 ; 0.000000022 ; 721.27 ; 0.14 ; 8
EM  0.0000000049 ; 0.0000000006 ; 726.62 ; 0.14 ; 8
EN  0.00000000134 ; 0.00000000017 ; 727.83 ; 0.14 ; 8
GA  0.000125 ; 0.000008 ; 805.7 ; 0.07 ; 6
EK  0.000000175 ; 0.000000012 ; 758.87 ; 0.07 ; 6
EL  0.000000022 ; 0.0000000015 ; 798.45 ; 0.07 ; 6
EM  0.00000000468 ; 0.00000000033 ; 804.33 ; 0.07 ; 6
EN  0.0000000011 ; 0.00000000008 ; 805.54 ; 0.07 ; 6
GA  0.00021 ; 0.000019 ; 958.63 ; 0.05 ; 5
EK  0.00000065 ; 0.00000006 ; 911.8 ; 0.05 ; 5
GA  0.000064 ; 0.000004 ; 1647.41 ; 0.14 ; 1
EK  0.0000000512 ; 0.0000000035 ; 1600.58 ; 0.14 ; 1
GA  0.000092 ; 0.000003 ; 1769.09 ; 0.05 ; 0
EK  0.0000000644 ; 0.0000000029 ; 1722.26 ; 0.05 ; 0
COM -------------- Level Separator - T1/2 in seconds -------------
LED 1757.151 ; 0.013 ; 24 ;  ;  ; 18
GA  0.00005 ; 0.000006 ; 385.69 ; 0.2 ; 12
EK  0.00000145 ; 0.00000018 ; 338.86 ; 0.2 ; 12
EL  0.00000023 ; 0.000000028 ; 378.44 ; 0.2 ; 12
EM  0.00000005 ; 0.000000006 ; 384.32 ; 0.2 ; 12
EN  0.0000000117 ; 0.0000000014 ; 385.53 ; 0.2 ; 12
GA  0.000113 ; 0.000021 ; 523.13 ; 0.05 ; 10
EK  0.00000148 ; 0.00000028 ; 476.3 ; 0.05 ; 10
EL  0.000000219 ; 0.000000041 ; 515.88 ; 0.05 ; 10
EM  0.000000048 ; 0.000000009 ; 521.76 ; 0.05 ; 10
EN  0.0000000112 ; 0.0000000021 ; 522.97 ; 0.05 ; 10
GA  0.000194 ; 0.000013 ; 671.155 ; 0.017 ; 9
EK  0.00000175 ; 0.00000013 ; 624.323 ; 0.017 ; 9
EL  0.000000237 ; 0.000000017 ; 663.902 ; 0.017 ; 9
EM  0.0000000504 ; 0.0000000037 ; 669.783 ; 0.017 ; 9
EN  0.0000000119 ; 0.0000000009 ; 670.996 ; 0.017 ; 9
GA  0.000048 ; 0.000006 ; 1390.36 ; 0.16 ; 2
EK  0.000000067 ; 0.000000009 ; 1343.53 ; 0.16 ; 2
EL1 0.000000008 ; 0.000000009 ; 1382.62 ; 0.16 ; 2
EL2 0 ; 0.000000009 ; 1383.05 ; 0.16 ; 2
EL3 0 ; 0.000000009 ; 1383.64 ; 0.16 ; 2
EM  0.00000000185 ; 0.00000000024 ; 1388.99 ; 0.16 ; 2
EN  0.00000000044 ; 0.00000000006 ; 1390.2 ; 0.16 ; 2
GA  0.0000015 ; 0.0000005 ; 1635.2 ; 0.5 ; 1
EK  0.0000000015 ; 0.0000000005 ; 1588.4 ; 0.5 ; 1
COM -------------- Level Separator - T1/2 in seconds -------------
LED 1730.241 ; 0.022 ; 21 ;  ;  ; 17
GA  0.000049 ; 0.000005 ; 496.39 ; 0.03 ; 10
EK  0.000000186 ; 0.00000002 ; 449.556 ; 0.03 ; 10
EL  0.0000000246 ; 0.0000000026 ; 489.135 ; 0.03 ; 10
EM  0.0000000052 ; 0.0000000006 ; 495.016 ; 0.03 ; 10
EN  0.00000000123 ; 0.00000000013 ; 496.229 ; 0.03 ; 10
GA  0.000063 ; 0.000006 ; 644.37 ; 0.05 ; 9
EK  0.000000132 ; 0.000000013 ; 597.54 ; 0.05 ; 9
EL1 0.000000016 ; 0.000000013 ; 636.63 ; 0.05 ; 9
EL2 0.000000001 ; 0.000000013 ; 637.06 ; 0.05 ; 9
EL3 0.000000001 ; 0.000000013 ; 637.65 ; 0.05 ; 9
EM  0.00000000377 ; 0.00000000038 ; 643 ; 0.05 ; 9
EN  0.00000000103 ; 0.0000000001 ; 644.21 ; 0.05 ; 9
GA  0.000256 ; 0.000008 ; 1363.77 ; 0.05 ; 2
EK  0.000000435 ; 0.000000019 ; 1316.94 ; 0.05 ; 2
EL1 0.000000054 ; 0.000000019 ; 1356.03 ; 0.05 ; 2
EL2 0.000000002 ; 0.000000019 ; 1356.46 ; 0.05 ; 2
EL3 0.000000001 ; 0.000000019 ; 1357.05 ; 0.05 ; 2
EM  0.0000000121 ; 0.0000000005 ; 1362.4 ; 0.05 ; 2
EN  0.00000000287 ; 0.00000000012 ; 1363.61 ; 0.05 ; 2
GA  0.000053 ; 0.000003 ; 1608.36 ; 0.08 ; 1
EK  0.0000000212 ; 0.0000000014 ; 1561.53 ; 0.08 ; 1
COM -------------- Level Separator - T1/2 in seconds -------------
LED 1649.91 ; 0.008 ; 27 ;  ;  ; 16
GA  0.00004 ; 0.000005 ; 357.26 ; 0.05 ; 11
EK  0.000000328 ; 0.000000042 ; 310.43 ; 0.05 ; 11
EL  0.000000044 ; 0.000000006 ; 350.01 ; 0.05 ; 11
EM  0.0000000095 ; 0.0000000012 ; 355.89 ; 0.05 ; 11
EN  0.00000000222 ; 0.00000000029 ; 357.1 ; 0.05 ; 11
GA  0.00109 ; 0.000017 ; 416.048 ; 0.008 ; 10
EK  0.00000621 ; 0.00000021 ; 369.215 ; 0.008 ; 10
EL  0.000000831 ; 0.000000028 ; 408.794 ; 0.008 ; 10
EM  0.000000178 ; 0.000000006 ; 414.675 ; 0.008 ; 10
EN  0.0000000416 ; 0.0000000014 ; 415.888 ; 0.008 ; 10
GA  0.00457 ; 0.00013 ; 563.99 ; 0.007 ; 9
EK  0.0000128 ; 0.0000005 ; 517.157 ; 0.007 ; 9
EL  0.00000172 ; 0.00000007 ; 556.736 ; 0.007 ; 9
EM  0.000000367 ; 0.000000015 ; 562.617 ; 0.007 ; 9
EN  0.0000000864 ; 0.0000000037 ; 563.83 ; 0.007 ; 9
GA  0.0002 ; 0.000017 ; 686.61 ; 0.05 ; 6
EK  0.00000134 ; 0.00000012 ; 639.78 ; 0.05 ; 6
EL  0.000000191 ; 0.000000017 ; 679.36 ; 0.05 ; 6
EM  0.000000041 ; 0.0000000037 ; 685.24 ; 0.05 ; 6
EN  0.0000000097 ; 0.0000000009 ; 686.45 ; 0.05 ; 6
GA  0.00016 ; 0.000008 ; 839.36 ; 0.04 ; 5
EK  0.000000192 ; 0.000000011 ; 792.526 ; 0.04 ; 5
EL  0.0000000259 ; 0.0000000015 ; 832.105 ; 0.04 ; 5
EM  0.00000000552 ; 0.00000000032 ; 837.986 ; 0.04 ; 5
EN  0.0000000013 ; 0.00000000008 ; 839.199 ; 0.04 ; 5
GA  0.00281 ; 0.00005 ; 1528.103 ; 0.018 ; 1
EK  0.000001124 ; 0.000000039 ; 1481.277 ; 0.018 ; 1
COM -------------- Level Separator - T1/2 in seconds -------------
LED 1612.94 ; 0.06 ; 2 ;  ;  ; 15
GA  0.000048 ; 0.000008 ; 571.83 ; 0.08 ; 8
GA  0.00016 ; 0.00001 ; 906.01 ; 0.06 ; 4
COM -------------- Level Separator - T1/2 in seconds -------------
LED 1579.365 ; 0.003 ; 44 ;  ;  ; 14
GA  0.000059 ; 0.000004 ; 207.6 ; 0.3 ; 12
EK  0.00000193 ; 0.00000014 ; 160.77 ; 0.3 ; 12
EL  0.000000268 ; 0.00000002 ; 200.35 ; 0.3 ; 12
EM  0.0000000575 ; 0.0000000043 ; 206.23 ; 0.3 ; 12
EN  0.0000000172 ; 0.0000000013 ; 207.44 ; 0.3 ; 12
GA  0.000278 ; 0.00003 ; 493.508 ; 0.02 ; 9
EK  0.00000106 ; 0.00000012 ; 446.674 ; 0.02 ; 9
EL  0.000000142 ; 0.000000016 ; 486.253 ; 0.02 ; 9
EM  0.0000000303 ; 0.0000000034 ; 492.134 ; 0.02 ; 9
EN  0.0000000071 ; 0.0000000008 ; 493.347 ; 0.02 ; 9
GA  0.000042 ; 0.000006 ; 538.29 ; 0.06 ; 8
EK  0.00000051 ; 0.00000007 ; 491.46 ; 0.06 ; 8
EL  0.000000076 ; 0.000000011 ; 531.04 ; 0.06 ; 8
EM  0.0000000163 ; 0.0000000024 ; 536.92 ; 0.06 ; 8
EN  0.0000000038 ; 0.0000000006 ; 538.13 ; 0.06 ; 8
GA  0.000177 ; 0.000011 ; 556.56 ; 0.03 ; 7
EK  0.000000513 ; 0.000000036 ; 509.726 ; 0.03 ; 7
EL  0.0000000685 ; 0.0000000048 ; 549.305 ; 0.03 ; 7
EM  0.0000000146 ; 0.000000001 ; 555.186 ; 0.03 ; 7
EN  0.00000000343 ; 0.00000000024 ; 556.399 ; 0.03 ; 7
GA  0.000092 ; 0.000006 ; 616.05 ; 0.03 ; 6
EK  0.00000058 ; 0.000000042 ; 569.216 ; 0.03 ; 6
EL  0.000000092 ; 0.000000007 ; 608.795 ; 0.03 ; 6
EM  0.0000000201 ; 0.0000000015 ; 614.676 ; 0.03 ; 6
EN  0.00000000472 ; 0.00000000034 ; 615.889 ; 0.03 ; 6
GA  0.00088 ; 0.00003 ; 768.944 ; 0.009 ; 5
EK  0.00000132 ; 0.00000006 ; 722.112 ; 0.009 ; 5
EL1 0.00000015 ; 0.00000006 ; 761.209 ; 0.009 ; 5
EL2 0.00000001 ; 0.00000006 ; 761.634 ; 0.009 ; 5
EL3 0.00000001 ; 0.00000006 ; 762.23 ; 0.009 ; 5
EM  0.0000000363 ; 0.0000000016 ; 767.572 ; 0.009 ; 5
EN  0.00000000995 ; 0.00000000045 ; 768.785 ; 0.009 ; 5
GA  0.01416 ; 0.00009 ; 1212.948 ; 0.011 ; 2
EK  0.0000085 ; 0.00000026 ; 1166.119 ; 0.011 ; 2
EL  0.000001136 ; 0.000000035 ; 1205.698 ; 0.011 ; 2
EM  0.000000241 ; 0.000000007 ; 1211.579 ; 0.011 ; 2
EN  0.0000000569 ; 0.0000000017 ; 1212.792 ; 0.011 ; 2
GA  0.00498 ; 0.00004 ; 1457.643 ; 0.011 ; 1
EK  0.00000249 ; 0.00000008 ; 1410.817 ; 0.011 ; 1
EL1 0.00000027 ; 0.00000008 ; 1449.914 ; 0.011 ; 1
EL2 0.00000001 ; 0.00000008 ; 1450.339 ; 0.011 ; 1
EL3 0.00000001 ; 0.00000008 ; 1450.935 ; 0.011 ; 1
EM  0.0000000613 ; 0.0000000019 ; 1456.277 ; 0.011 ; 1
EN  0.00000001444 ; 0.00000000046 ; 1457.49 ; 0.011 ; 1
COM -------------- Level Separator - T1/2 in seconds -------------
LED 1529.8073 ; 0.0016 ; 30 ; 2.7E-14 ;  ; 13
GA  0.00442 ; 0.00003 ; 295.9387 ; 0.0017 ; 10
EK  0.0000579 ; 0.0000018 ; 249.1048 ; 0.0017 ; 10
EL  0.00000787 ; 0.00000023 ; 288.6841 ; 0.0017 ; 10
EM  0.000001684 ; 0.00000005 ; 294.5651 ; 0.0017 ; 10
EN  0.000000504 ; 0.000000015 ; 295.7779 ; 0.0017 ; 10
GA  0.028 ; 0.0002 ; 443.965 ; 0.003 ; 9
EK  0.0001456 ; 0.0000046 ; 397.1318 ; 0.003 ; 9
EL  0.0000178 ; 0.0000005 ; 436.7111 ; 0.003 ; 9
EM  0.00000389 ; 0.00000012 ; 442.5921 ; 0.003 ; 9
EN  0.000000916 ; 0.000000029 ; 443.8049 ; 0.003 ; 9
GA  0.004139 ; 0.000024 ; 488.6792 ; 0.002 ; 8
EK  0.0000476 ; 0.0000014 ; 441.8458 ; 0.002 ; 8
EL  0.00000811 ; 0.00000025 ; 481.4251 ; 0.002 ; 8
EM  0.00000178 ; 0.00000005 ; 487.3061 ; 0.002 ; 8
EN  0.000000414 ; 0.000000013 ; 488.5189 ; 0.002 ; 8
GA  0.00131 ; 0.00004 ; 566.442 ; 0.005 ; 6
EK  0.0000153 ; 0.0000007 ; 519.608 ; 0.005 ; 6
EL  0.00000217 ; 0.00000009 ; 559.187 ; 0.005 ; 6
EM  0.000000468 ; 0.00000002 ; 565.068 ; 0.005 ; 6
EN  0.0000001103 ; 0.0000000047 ; 566.281 ; 0.005 ; 6
GA  0.00059 ; 0.00007 ; 719.349 ; 0.004 ; 5
EK  0.000001 ; 0.00000012 ; 672.5168 ; 0.004 ; 5
EL  0.000000131 ; 0.000000016 ; 712.0961 ; 0.004 ; 5
EM  0.0000000279 ; 0.0000000034 ; 717.9771 ; 0.004 ; 5
EN  0.0000000065 ; 0.0000000008 ; 719.1899 ; 0.004 ; 5
GA  0.2085 ; 0.0008 ; 1408.013 ; 0.003 ; 1
EK  0.0001043 ; 0.0000032 ; 1361.1788 ; 0.003 ; 1
EL  0.00001282 ; 0.00000038 ; 1400.7581 ; 0.003 ; 1
EM  0.00000273 ; 0.00000008 ; 1406.6391 ; 0.003 ; 1
EN  0.000000642 ; 0.000000019 ; 1407.8519 ; 0.003 ; 1
COM -------------- Level Separator - T1/2 in seconds -------------
LED 1371.691 ; 0.009 ; 32 ; 1.4E-12 ; 4.E-13 ; 12
GA  0.0001 ; 0.000006 ; 285.98 ; 0.03 ; 9
EK  0.00000506 ; 0.00000034 ; 239.146 ; 0.03 ; 9
EL  0.00000118 ; 0.00000008 ; 278.725 ; 0.03 ; 9
EM  0.000000263 ; 0.000000018 ; 284.606 ; 0.03 ; 9
EN  0.000000079 ; 0.000000005 ; 285.819 ; 0.03 ; 9
GA  0.00006 ; 0.000017 ; 330.54 ; 0.1 ; 8
EK  0.00000059 ; 0.00000017 ; 283.71 ; 0.1 ; 8
EL  0.00000008 ; 0.000000023 ; 323.29 ; 0.1 ; 8
EM  0.0000000173 ; 0.0000000049 ; 329.17 ; 0.1 ; 8
EN  0.0000000052 ; 0.0000000015 ; 330.38 ; 0.1 ; 8
GA  0.0000108 ; 0.0000021 ; 561.2 ; 0.5 ; 5
EK  0.000000085 ; 0.000000017 ; 514.4 ; 0.5 ; 5
EL  0.000000014 ; 0.0000000028 ; 553.9 ; 0.5 ; 5
EM  0.0000000031 ; 0.0000000006 ; 559.8 ; 0.5 ; 5
EN  0.00000000072 ; 0.00000000014 ; 561 ; 0.5 ; 5
GA  0.0001 ; 0.00003 ; 664.78 ; 0.05 ; 4
EK  0.00000052 ; 0.00000016 ; 617.95 ; 0.05 ; 4
EL  0.000000082 ; 0.000000025 ; 657.53 ; 0.05 ; 4
EM  0.000000018 ; 0.000000005 ; 663.41 ; 0.05 ; 4
EN  0.0000000042 ; 0.0000000013 ; 664.62 ; 0.05 ; 4
GA  0.00665 ; 0.00023 ; 1005.272 ; 0.017 ; 2
EK  0.0000146 ; 0.0000007 ; 958.442 ; 0.017 ; 2
EL  0.00000207 ; 0.00000009 ; 998.021 ; 0.017 ; 2
EM  0.000000445 ; 0.00000002 ; 1003.902 ; 0.017 ; 2
EN  0.0000001051 ; 0.0000000048 ; 1005.115 ; 0.017 ; 2
GA  0.00186 ; 0.00003 ; 1249.938 ; 0.013 ; 1
EK  0.0000026 ; 0.00000009 ; 1203.11 ; 0.013 ; 1
EL1 0.00000031 ; 0.00000009 ; 1242.207 ; 0.013 ; 1
EL2 0.00000002 ; 0.00000009 ; 1242.632 ; 0.013 ; 1
EL3 0.00000001 ; 0.00000009 ; 1243.228 ; 0.013 ; 1
EM  0.0000000735 ; 0.0000000025 ; 1248.57 ; 0.013 ; 1
EN  0.0000000173 ; 0.0000000006 ; 1249.783 ; 0.013 ; 1
COM -------------- Level Separator - T1/2 in seconds -------------
LED 1292.771 ; 0.006 ; 35 ; 8.E-12 ; 8.E-12 ; 11
GA  0.000671 ; 0.000015 ; 251.633 ; 0.01 ; 8
EK  0.0000133 ; 0.0000005 ; 204.799 ; 0.007 ; 8
EL  0.00000183 ; 0.00000007 ; 244.378 ; 0.007 ; 8
EM  0.000000391 ; 0.000000014 ; 250.259 ; 0.007 ; 8
EN  0.0000001174 ; 0.0000000043 ; 251.472 ; 0.007 ; 8
GA  0.00006 ; 0.000024 ; 269.86 ; 0.06 ; 7
EK  0.0000036 ; 0.0000014 ; 223.03 ; 0.06 ; 7
EL  0.00000088 ; 0.00000035 ; 262.61 ; 0.06 ; 7
EM  0.0000002 ; 0.00000008 ; 268.49 ; 0.06 ; 7
EN  0.000000059 ; 0.000000024 ; 269.7 ; 0.06 ; 7
GA  0.00129 ; 0.00006 ; 329.425 ; 0.021 ; 6
EK  0.0000129 ; 0.0000007 ; 282.591 ; 0.021 ; 6
EL  0.00000175 ; 0.0000001 ; 322.17 ; 0.021 ; 6
EM  0.000000374 ; 0.000000021 ; 328.051 ; 0.021 ; 6
EN  0.000000112 ; 0.000000006 ; 329.264 ; 0.021 ; 6
GA  0.000279 ; 0.000016 ; 482.31 ; 0.03 ; 5
EK  0.00000449 ; 0.00000029 ; 435.476 ; 0.03 ; 5
EL  0.000000678 ; 0.000000044 ; 475.055 ; 0.03 ; 5
EM  0.000000147 ; 0.00000001 ; 480.936 ; 0.03 ; 5
EN  0.0000000346 ; 0.0000000022 ; 482.149 ; 0.03 ; 5
GA  0.00273 ; 0.00004 ; 926.317 ; 0.015 ; 2
EK  0.00000683 ; 0.00000024 ; 879.486 ; 0.015 ; 2
EL  0.000000977 ; 0.000000033 ; 919.065 ; 0.015 ; 2
EM  0.000000211 ; 0.000000007 ; 924.946 ; 0.015 ; 2
EN  0.0000000497 ; 0.0000000015 ; 926.159 ; 0.015 ; 2
GA  0.000365 ; 0.000013 ; 1170.93 ; 0.11 ; 1
EK  0.00000073 ; 0.000000034 ; 1124.1 ; 0.11 ; 1
EL  0.0000000967 ; 0.0000000045 ; 1163.68 ; 0.11 ; 1
EM  0.0000000207 ; 0.000000001 ; 1169.56 ; 0.11 ; 1
EN  0.00000000489 ; 0.00000000023 ; 1170.77 ; 0.11 ; 1
GA  0.00104 ; 0.00003 ; 1292.778 ; 0.019 ; 0
EK  0.00000135 ; 0.00000006 ; 1245.95 ; 0.019 ; 0
EL  0.000000179 ; 0.000000007 ; 1285.529 ; 0.019 ; 0
EM  0.0000000383 ; 0.0000000016 ; 1291.41 ; 0.019 ; 0
EN  0.00000000904 ; 0.00000000038 ; 1292.623 ; 0.019 ; 0
COM -------------- Level Separator - T1/2 in seconds -------------
LED 1233.8656 ; 0.0017 ; 20 ; 3.E-12 ; 3.E-12 ; 10
GA  0.00035 ; 0.00005 ; 148.01 ; 0.017 ; 9
EK  0.000151 ; 0.000022 ; 101.176 ; 0.017 ; 9
EL  0.00004 ; 0.000006 ; 140.755 ; 0.017 ; 9
EM  0.0000091 ; 0.0000013 ; 146.636 ; 0.017 ; 9
EN  0.0000021 ; 0.00000031 ; 147.849 ; 0.017 ; 9
GA  0.000032 ; 0.000005 ; 423.45 ; 0.04 ; 5
EK  0.00000072 ; 0.00000012 ; 376.616 ; 0.04 ; 5
EL  0.000000112 ; 0.000000018 ; 416.195 ; 0.04 ; 5
EM  0.0000000244 ; 0.0000000039 ; 422.076 ; 0.04 ; 5
EN  0.0000000057 ; 0.0000000009 ; 423.289 ; 0.04 ; 5
GA  0.04243 ; 0.00023 ; 867.38 ; 0.003 ; 2
EK  0.000123 ; 0.0000039 ; 820.5488 ; 0.003 ; 2
EL  0.0000179 ; 0.0000006 ; 860.1281 ; 0.003 ; 2
EM  0.00000387 ; 0.00000012 ; 866.0091 ; 0.003 ; 2
EN  0.000000912 ; 0.000000026 ; 867.2219 ; 0.003 ; 2
GA  0.1341 ; 0.0006 ; 1112.076 ; 0.003 ; 1
EK  0.000228 ; 0.000007 ; 1065.2458 ; 0.003 ; 1
EL  0.0000319 ; 0.0000009 ; 1104.8251 ; 0.003 ; 1
EM  0.00000685 ; 0.0000002 ; 1110.7061 ; 0.003 ; 1
EN  0.000001609 ; 0.000000049 ; 1111.9189 ; 0.003 ; 1
COM -------------- Level Separator - T1/2 in seconds -------------
LED 1085.8499 ; 0.0023 ; 20 ; 8.7E-13 ; 4.E-14 ; 9
GA  0.000323 ; 0.000017 ; 275.449 ; 0.015 ; 5
EK  0.0000287 ; 0.0000017 ; 228.615 ; 0.015 ; 5
EL  0.00000397 ; 0.00000024 ; 268.194 ; 0.015 ; 5
EM  0.00000086 ; 0.00000005 ; 274.075 ; 0.015 ; 5
EN  0.000000257 ; 0.000000016 ; 275.288 ; 0.015 ; 5
GA  0.00268 ; 0.00013 ; 719.349 ; 0.004 ; 2
EK  0.0000118 ; 0.0000007 ; 672.5168 ; 0.004 ; 2
EL  0.00000178 ; 0.0000001 ; 712.0961 ; 0.004 ; 2
EM  0.000000386 ; 0.000000022 ; 717.9771 ; 0.004 ; 2
EN  0.000000091 ; 0.000000005 ; 719.1899 ; 0.004 ; 2
GA  0.145 ; 0.0006 ; 964.079 ; 0.018 ; 1
EK  0.000334 ; 0.00001 ; 917.248 ; 0.018 ; 1
EL  0.0000474 ; 0.0000015 ; 956.827 ; 0.018 ; 1
EM  0.00001019 ; 0.00000031 ; 962.708 ; 0.018 ; 1
EN  0.00000239 ; 0.00000007 ; 963.921 ; 0.018 ; 1
GA  0.1013 ; 0.0006 ; 1085.837 ; 0.01 ; 0
EK  0.000182 ; 0.000005 ; 1039.007 ; 0.01 ; 0
EL  0.0000253 ; 0.0000008 ; 1078.586 ; 0.01 ; 0
EM  0.00000543 ; 0.00000017 ; 1084.467 ; 0.01 ; 0
EN  0.000001276 ; 0.000000039 ; 1085.68 ; 0.01 ; 0
COM -------------- Level Separator - T1/2 in seconds -------------
LED 1041.1342 ; 0.0018 ; 10 ; 2.7E-14 ; 5.E-15 ; 8
GA  0.0017 ; 0.00004 ; 674.675 ; 0.003 ; 2
EK  0.00000323 ; 0.00000013 ; 627.8428 ; 0.003 ; 2
EL  0.000000432 ; 0.000000017 ; 667.4221 ; 0.003 ; 2
EM  0.0000000921 ; 0.0000000035 ; 673.3031 ; 0.003 ; 2
EN  0.0000000216 ; 0.0000000008 ; 674.5159 ; 0.003 ; 2
GA  0.00429 ; 0.00005 ; 919.337 ; 0.004 ; 1
EK  0.00000429 ; 0.00000014 ; 872.5058 ; 0.004 ; 1
EL  0.000000579 ; 0.000000018 ; 912.0851 ; 0.004 ; 1
EM  0.0000001236 ; 0.0000000041 ; 917.9661 ; 0.004 ; 1
EN  0.0000000291 ; 0.0000000009 ; 919.1789 ; 0.004 ; 1
COM -------------- Level Separator - T1/2 in seconds -------------
LED 1022.967 ; 0.005 ; 17 ; 4.9E-12 ;  ; 7
GA  0.000196 ; 0.000006 ; 212.568 ; 0.015 ; 5
EK  0.0000244 ; 0.000001 ; 165.734 ; 0.015 ; 5
EL  0.00000713 ; 0.00000031 ; 205.313 ; 0.015 ; 5
EM  0.00000162 ; 0.00000007 ; 211.194 ; 0.015 ; 5
EN  0.000000484 ; 0.00000002 ; 212.407 ; 0.015 ; 5
GA  0.000031 ; 0.00001 ; 316.2 ; 0.2 ; 4
EK  0.00000117 ; 0.00000038 ; 269.37 ; 0.2 ; 4
EL  0.00000025 ; 0.00000008 ; 308.95 ; 0.2 ; 4
EM  0.000000057 ; 0.000000018 ; 314.83 ; 0.2 ; 4
EN  0.000000017 ; 0.000000006 ; 316.04 ; 0.2 ; 4
GA  0.001437 ; 0.000018 ; 656.489 ; 0.005 ; 2
EK  0.0000714 ; 0.0000025 ; 609.656 ; 0.005 ; 2
GA  0.00084 ; 0.00003 ; 901.181 ; 0.011 ; 1
EK  0.00000218 ; 0.0000001 ; 854.35 ; 0.011 ; 1
EL  0.000000321 ; 0.000000015 ; 893.929 ; 0.011 ; 1
EM  0.0000000692 ; 0.0000000032 ; 899.81 ; 0.011 ; 1
EN  0.0000000163 ; 0.0000000008 ; 901.023 ; 0.011 ; 1
COM -------------- Level Separator - T1/2 in seconds -------------
LED 963.36 ; 0.004 ; 12 ;  ;  ; 6
GA  0.00163 ; 0.00002 ; 841.574 ; 0.005 ; 1
EK  0.00000196 ; 0.00000006 ; 794.742 ; 0.005 ; 1
EL  0.000000262 ; 0.000000008 ; 834.321 ; 0.005 ; 1
EM  0.0000000559 ; 0.0000000018 ; 840.202 ; 0.005 ; 1
EN  0.00000001315 ; 0.00000000042 ; 841.415 ; 0.005 ; 1
GA  0.001341 ; 0.00002 ; 963.39 ; 0.012 ; 0
EK  0.000001341 ; 0.000000045 ; 916.559 ; 0.012 ; 0
EL1 0.000000153 ; 0.000000045 ; 955.656 ; 0.012 ; 0
EL2 0.000000006 ; 0.000000045 ; 956.081 ; 0.012 ; 0
EL3 0.000000007 ; 0.000000045 ; 956.677 ; 0.012 ; 0
EM  0.0000000353 ; 0.0000000012 ; 962.019 ; 0.012 ; 0
EN  0.00000000969 ; 0.00000000033 ; 963.232 ; 0.012 ; 0
COM -------------- Level Separator - T1/2 in seconds -------------
LED 810.4474 ; 0.002 ; 17 ; 7.4E-12 ; 6.E-13 ; 5
GA  0.00019 ; 0.00006 ; 125.69 ; 0.13 ; 3
EK  0.000117 ; 0.000037 ; 78.86 ; 0.13 ; 3
EL  0.000063 ; 0.00002 ; 118.44 ; 0.13 ; 3
EM  0.0000144 ; 0.0000046 ; 124.32 ; 0.13 ; 3
EN  0.0000033 ; 0.000001 ; 125.53 ; 0.13 ; 3
GA  0.0032 ; 0.0002 ; 443.965 ; 0.003 ; 2
EK  0.0000464 ; 0.0000032 ; 397.1318 ; 0.003 ; 2
EL  0.0000084 ; 0.0000006 ; 436.7111 ; 0.003 ; 2
EM  0.00000185 ; 0.00000013 ; 442.5921 ; 0.003 ; 2
EN  0.000000432 ; 0.00000003 ; 443.8049 ; 0.003 ; 2
GA  0.00841 ; 0.00006 ; 688.67 ; 0.005 ; 1
EK  0.000302 ; 0.000011 ; 641.838 ; 0.005 ; 1
GA  0.00317 ; 0.00003 ; 810.451 ; 0.005 ; 0
EK  0.00001046 ; 0.00000033 ; 763.619 ; 0.005 ; 0
EL  0.000001563 ; 0.00000005 ; 803.198 ; 0.005 ; 0
EM  0.000000339 ; 0.000000011 ; 809.079 ; 0.005 ; 0
EN  0.0000000793 ; 0.0000000026 ; 810.292 ; 0.005 ; 0
COM -------------- Level Separator - T1/2 in seconds -------------
LED 706.91 ; 0.05 ; 5 ;  ;  ; 4
GA  0.00031 ; 0.00003 ; 340.4 ; 0.14 ; 2
EK  0.0000094 ; 0.000001 ; 293.57 ; 0.14 ; 2
EL  0.00000196 ; 0.0000002 ; 333.15 ; 0.14 ; 2
EM  0.000000437 ; 0.000000044 ; 339.03 ; 0.14 ; 2
EN  0.000000101 ; 0.00000001 ; 340.24 ; 0.14 ; 2
COM -------------- Level Separator - T1/2 in seconds -------------
LED 684.714 ; 0.02 ; 5 ;  ;  ; 3
GA  0.00038 ; 0.00013 ; 562.93 ; 0.02 ; 1
EK  0.000003 ; 0.000001 ; 516.096 ; 0.02 ; 1
EL  0.00000049 ; 0.00000017 ; 555.675 ; 0.02 ; 1
EM  0.000000107 ; 0.000000037 ; 561.556 ; 0.02 ; 1
EN  0.000000025 ; 0.000000009 ; 562.769 ; 0.02 ; 1
COM -------------- Level Separator - T1/2 in seconds -------------
LED 366.4786 ; 0.0008 ; 5 ; 5.77E-11 ; 8.E-13 ; 2
GA  0.0755 ; 0.0004 ; 244.6974 ; 0.0008 ; 1
EK  0.00611 ; 0.00018 ; 197.8634 ; 0.0008 ; 1
EL  0.001593 ; 0.000046 ; 237.4427 ; 0.0008 ; 1
EM  0.000359 ; 0.000011 ; 243.3237 ; 0.0008 ; 1
EN  0.000108 ; 0.0000033 ; 244.5365 ; 0.0008 ; 1
COM -------------- Level Separator - T1/2 in seconds -------------
LED 121.7818 ; 0.0003 ; 5 ; 1.4E-9 ; 1.1E-11 ; 1
GA  0.2841 ; 0.0013 ; 121.7817 ; 0.0003 ; 0
EK  0.192 ; 0.006 ; 74.9476 ; 0.0003 ; 0
EL  0.1074 ; 0.0032 ; 114.52687 ; 0.0003 ; 0
EM  0.0249 ; 0.0007 ; 120.4079 ; 0.0003 ; 0
EN  0.00568 ; 0.00017 ; 121.6207 ; 0.0003 ; 0
COM ===================== Daughter Separator =====================
DAU GD152
DDE 0.279 ;  ; 15 ; 13
Q   1818.8 ; 1.1
COM ---------------------- Branch Separator ----------------------
BEM 0.000203 ; 0.000011 ; 15 ; 126.4 ; 1.1 ; 0
COM ---------------------- Branch Separator ----------------------
BEM 0.01826 ; 0.00021 ; 14 ; 175.4 ; 1.1 ; 0
COM ---------------------- Branch Separator ----------------------
BEM 0.00101 ; 0.00003 ; 13 ; 213.5 ; 1.1 ; 0
COM ---------------------- Branch Separator ----------------------
BEM 0.000536 ; 0.000018 ; 12 ; 268.6 ; 1.1 ; 0
COM ---------------------- Branch Separator ----------------------
BEM 0.0244 ; 0.0003 ; 11 ; 384.8 ; 1.1 ; 0
COM ---------------------- Branch Separator ----------------------
BEM 0.000267 ; 0.000017 ; 10 ; 500.3 ; 1.1 ; 0
COM ---------------------- Branch Separator ----------------------
BEM 0.000048 ; 0.000007 ; 9 ; 504.1 ; 1.1 ; 1
COM ---------------------- Branch Separator ----------------------
BEM 0.00037 ; 0.00008 ; 8 ; 536.5 ; 1.1 ; 0
COM ---------------------- Branch Separator ----------------------
BEM 0.138 ; 0.0015 ; 7 ; 695.6 ; 1.1 ; 0
COM ---------------------- Branch Separator ----------------------
BEM 0.00245 ; 0.00008 ; 6 ; 709.7 ; 1.1 ; 0
COM ---------------------- Branch Separator ----------------------
COM ---------------------- Branch Separator ----------------------
BEM 0.00303 ; 0.00007 ; 4 ; 888.2 ; 1.1 ; 0
COM ---------------------- Branch Separator ----------------------
BEM 0.00904 ; 0.00014 ; 3 ; 1063.4 ; 1.1 ; 0
COM ---------------------- Branch Separator ----------------------
COM ---------------------- Branch Separator ----------------------
BEM 0.0817 ; 0.0011 ; 1 ; 1474.5 ; 1.1 ; 0
COM ---------------------- Branch Separator ----------------------
COM -------------- Level Separator - T1/2 in seconds -------------
LED 1692.447 ; 0.015 ; 10 ;  ;  ; 15
GA  0.000027 ; 0.000006 ; 937.05 ; 0.015 ; 3
EK  0.0000001 ; 0.000000022 ; 886.814 ; 0.015 ; 3
EL  0.0000000139 ; 0.0000000031 ; 929.203 ; 0.015 ; 3
EM  0.000000003 ; 0.0000000007 ; 935.55 ; 0.015 ; 3
EN  0.00000000072 ; 0.00000000016 ; 936.879 ; 0.015 ; 3
GA  0.000175 ; 0.000008 ; 1348.1 ; 0.07 ; 1
EK  0.000000228 ; 0.000000012 ; 1297.86 ; 0.07 ; 1
EL  0.0000000313 ; 0.0000000017 ; 1340.25 ; 0.07 ; 1
EM  0.00000000677 ; 0.00000000037 ; 1346.6 ; 0.07 ; 1
EN  0.00000000162 ; 0.00000000009 ; 1347.93 ; 0.07 ; 1
COM -------------- Level Separator - T1/2 in seconds -------------
LED 1643.395 ; 0.004 ; 27 ;  ;  ; 14
GA  0.000055 ; 0.000005 ; 209.41 ; 0.13 ; 11
EK  0.00000188 ; 0.00000018 ; 159.17 ; 0.13 ; 11
EL  0.000000267 ; 0.000000026 ; 201.56 ; 0.13 ; 11
EM  0.000000058 ; 0.000000006 ; 207.91 ; 0.13 ; 11
EN  0.0000000137 ; 0.0000000013 ; 209.24 ; 0.13 ; 11
GA  0.000536 ; 0.000013 ; 520.227 ; 0.005 ; 7
EK  0.00000815 ; 0.00000032 ; 469.989 ; 0.005 ; 7
EL  0.000001233 ; 0.000000048 ; 512.378 ; 0.005 ; 7
EM  0.00000027 ; 0.00000001 ; 518.725 ; 0.005 ; 7
EN  0.0000000809 ; 0.0000000031 ; 520.054 ; 0.005 ; 7
GA  0.000368 ; 0.000019 ; 534.245 ; 0.007 ; 6
EK  0.00000129 ; 0.00000008 ; 484.007 ; 0.007 ; 6
EL  0.000000173 ; 0.00000001 ; 526.396 ; 0.007 ; 6
EM  0.0000000372 ; 0.0000000022 ; 532.743 ; 0.007 ; 6
EN  0.0000000112 ; 0.0000000007 ; 534.072 ; 0.007 ; 6
GA  0.000961 ; 0.000019 ; 712.843 ; 0.006 ; 4
EK  0.00000183 ; 0.00000007 ; 662.606 ; 0.006 ; 4
EL  0.000000241 ; 0.000000009 ; 704.995 ; 0.006 ; 4
EM  0.000000052 ; 0.0000000018 ; 711.342 ; 0.006 ; 4
EN  0.0000000124 ; 0.00000000045 ; 712.671 ; 0.006 ; 4
GA  0.01633 ; 0.00009 ; 1299.142 ; 0.008 ; 1
EK  0.0000098 ; 0.0000003 ; 1248.909 ; 0.008 ; 1
EL  0.000001311 ; 0.00000004 ; 1291.298 ; 0.008 ; 1
EM  0.000000281 ; 0.000000008 ; 1297.645 ; 0.008 ; 1
EN  0.0000000671 ; 0.000000002 ; 1298.974 ; 0.008 ; 1
GA  0.000015 ; 0.000004 ; 1643.6 ; 0.1 ; 0
EK  0.000000042 ; 0.000000011 ; 1593.36 ; 0.1 ; 0
COM -------------- Level Separator - T1/2 in seconds -------------
LED 1605.255 ; 0.004 ; 31 ;  ;  ; 13
GA  0.0000139 ; 0.0000006 ; 482.31 ; 0.03 ; 7
EK  0.0000000612 ; 0.0000000032 ; 432.071 ; 0.03 ; 7
EL  0.00000000826 ; 0.00000000044 ; 474.46 ; 0.03 ; 7
EM  0.00000000178 ; 0.00000000009 ; 480.807 ; 0.03 ; 7
EN  0.000000000535 ; 0.000000000028 ; 482.136 ; 0.03 ; 7
GA  0.000042 ; 0.000004 ; 496.39 ; 0.03 ; 6
EK  0.0000034 ; 0.0000005 ; 446.151 ; 0.03 ; 6
GA  0.000044 ; 0.000007 ; 557.91 ; 0.17 ; 5
EK  0.00000038 ; 0.00000006 ; 507.67 ; 0.17 ; 5
EL  0.000000066 ; 0.000000011 ; 550.06 ; 0.17 ; 5
EM  0.0000000146 ; 0.0000000024 ; 556.41 ; 0.17 ; 5
EN  0.0000000044 ; 0.0000000007 ; 557.74 ; 0.17 ; 5
GA  0.000171 ; 0.000018 ; 674.677 ; 0.003 ; 4
EK  0.00000108 ; 0.00000012 ; 624.438 ; 0.007 ; 4
EL  0.000000168 ; 0.000000018 ; 666.827 ; 0.007 ; 4
EM  0.0000000368 ; 0.000000004 ; 673.174 ; 0.007 ; 4
EN  0.000000011 ; 0.0000000012 ; 674.503 ; 0.007 ; 4
GA  0.000315 ; 0.000013 ; 990.19 ; 0.03 ; 2
EK  0.000000756 ; 0.000000038 ; 939.951 ; 0.03 ; 2
EL1 0.000000093 ; 0.000000038 ; 981.814 ; 0.03 ; 2
EL2 0.000000011 ; 0.000000038 ; 982.26 ; 0.03 ; 2
EL3 0.000000005 ; 0.000000038 ; 982.947 ; 0.03 ; 2
EM  0.0000000238 ; 0.0000000012 ; 988.687 ; 0.03 ; 2
EN  0.00000000663 ; 0.00000000033 ; 990.016 ; 0.03 ; 2
GA  0.000336 ; 0.000011 ; 1261.343 ; 0.023 ; 1
EK  0.000000773 ; 0.000000035 ; 1211.11 ; 0.023 ; 1
EL  0.0000001052 ; 0.0000000046 ; 1253.499 ; 0.023 ; 1
EM  0.0000000227 ; 0.000000001 ; 1259.846 ; 0.023 ; 1
EN  0.00000000544 ; 0.00000000024 ; 1261.175 ; 0.023 ; 1
GA  0.000081 ; 0.000004 ; 1605.61 ; 0.07 ; 0
EK  0.0000000729 ; 0.0000000042 ; 1555.37 ; 0.07 ; 0
COM -------------- Level Separator - T1/2 in seconds -------------
LED 1550.19 ; 0.03 ; 15 ;  ;  ; 12
GA  0.000133 ; 0.00001 ; 440.86 ; 0.1 ; 6
EK  0.0000021 ; 0.00000017 ; 390.62 ; 0.1 ; 6
EL  0.000000403 ; 0.000000033 ; 433.01 ; 0.1 ; 6
EM  0.00000009 ; 0.000000007 ; 439.36 ; 0.1 ; 6
EN  0.0000000213 ; 0.0000000017 ; 440.69 ; 0.1 ; 6
GA  0.000263 ; 0.00001 ; 794.81 ; 0.03 ; 3
EK  0.00000171 ; 0.00000008 ; 744.571 ; 0.03 ; 3
EL  0.000000238 ; 0.000000012 ; 786.96 ; 0.03 ; 3
EM  0.0000000515 ; 0.0000000025 ; 793.307 ; 0.03 ; 3
EN  0.0000000123 ; 0.0000000006 ; 794.636 ; 0.03 ; 3
GA  0.000135 ; 0.000008 ; 1206.11 ; 0.15 ; 1
EK  0.000000216 ; 0.000000014 ; 1155.87 ; 0.15 ; 1
EL  0.0000000304 ; 0.000000002 ; 1198.26 ; 0.15 ; 1
EM  0.00000000657 ; 0.00000000044 ; 1204.61 ; 0.15 ; 1
EN  0.00000000157 ; 0.0000000001 ; 1205.94 ; 0.15 ; 1
COM -------------- Level Separator - T1/2 in seconds -------------
LED 1434.025 ; 0.004 ; 17 ;  ;  ; 11
GA  0.000738 ; 0.000015 ; 324.83 ; 0.03 ; 6
EK  0.0000384 ; 0.0000014 ; 274.591 ; 0.03 ; 6
EL  0.00000662 ; 0.00000024 ; 316.98 ; 0.03 ; 6
EM  0.00000147 ; 0.00000005 ; 323.327 ; 0.03 ; 6
EN  0.000000348 ; 0.000000013 ; 324.656 ; 0.03 ; 6
GA  0.001533 ; 0.000018 ; 503.474 ; 0.005 ; 4
EK  0.0000172 ; 0.0000006 ; 453.236 ; 0.005 ; 4
EL  0.0000031 ; 0.0000001 ; 495.625 ; 0.005 ; 4
EM  0.000000687 ; 0.000000021 ; 501.972 ; 0.005 ; 4
EN  0.000000205 ; 0.000000007 ; 503.301 ; 0.005 ; 4
GA  0.0047 ; 0.00004 ; 678.623 ; 0.005 ; 3
EK  0.0000268 ; 0.0000008 ; 628.386 ; 0.005 ; 3
EL  0.00000423 ; 0.00000013 ; 670.775 ; 0.005 ; 3
EM  0.000000931 ; 0.000000029 ; 677.122 ; 0.005 ; 3
EN  0.00000028 ; 0.000000009 ; 678.451 ; 0.005 ; 3
GA  0.0173 ; 0.0001 ; 1089.737 ; 0.005 ; 1
EK  0.0000346 ; 0.0000011 ; 1039.502 ; 0.005 ; 1
COM -------------- Level Separator - T1/2 in seconds -------------
LED 1318.5 ; 0.03 ; 9 ;  ;  ; 10
GA  0.0000296 ; 0.0000021 ; 387.9 ; 0.08 ; 4
EK  0.0000112 ; 0.0000028 ; 337.66 ; 0.08 ; 4
GA  0.000035 ; 0.000009 ; 703.25 ; 0.06 ; 2
EK  0.000000175 ; 0.000000045 ; 653.01 ; 0.06 ; 2
EL  0.000000028 ; 0.000000007 ; 695.4 ; 0.06 ; 2
EM  0.0000000061 ; 0.0000000016 ; 701.75 ; 0.06 ; 2
EN  0.00000000183 ; 0.00000000047 ; 703.08 ; 0.06 ; 2
GA  0.000138 ; 0.000008 ; 974.09 ; 0.04 ; 1
EK  0.00000066 ; 0.00000008 ; 923.851 ; 0.04 ; 1
COM -------------- Level Separator - T1/2 in seconds -------------
LED 1314.71 ; 0.2 ; 5 ;  ;  ; 9
GA  0.000048 ; 0.000006 ; 1314.7 ; 0.2 ; 0
EK  0.0000000288 ; 0.0000000037 ; 1264.46 ; 0.2 ; 0
EL  0.00000000371 ; 0.00000000048 ; 1306.85 ; 0.2 ; 0
EM  0.0000000008 ; 0.0000000001 ; 1313.2 ; 0.2 ; 0
EN  0.00000000019 ; 0.000000000024 ; 1314.53 ; 0.2 ; 0
COM -------------- Level Separator - T1/2 in seconds -------------
LED 1282.267 ; 0.018 ; 7 ;  ;  ; 8
GA  0.00014 ; 0.000022 ; 351.66 ; 0.04 ; 4
EK  0.0000041 ; 0.0000007 ; 301.421 ; 0.04 ; 4
EL  0.00000089 ; 0.00000014 ; 343.81 ; 0.04 ; 4
EM  0.000000202 ; 0.000000032 ; 350.157 ; 0.04 ; 4
EN  0.000000047 ; 0.000000008 ; 351.486 ; 0.04 ; 4
GA  0.000129 ; 0.000006 ; 526.881 ; 0.02 ; 3
EK  0.0000108 ; 0.0000013 ; 476.643 ; 0.02 ; 3
COM -------------- Level Separator - T1/2 in seconds -------------
LED 1123.184 ; 0.002 ; 15 ;  ;  ; 7
GA  0.000068 ; 0.000002 ; 192.6 ; 0.4 ; 4
EK  0.0000029 ; 0.00000012 ; 142.36 ; 0.4 ; 4
EL  0.000000414 ; 0.000000017 ; 184.75 ; 0.4 ; 4
EM  0.0000000898 ; 0.0000000038 ; 191.1 ; 0.4 ; 4
EN  0.0000000212 ; 0.0000000009 ; 192.43 ; 0.4 ; 4
GA  0.00862 ; 0.00005 ; 367.7891 ; 0.002 ; 3
EK  0.0000715 ; 0.0000022 ; 317.5505 ; 0.002 ; 3
EL  0.00000974 ; 0.0000003 ; 359.94 ; 0.002 ; 3
EM  0.00000211 ; 0.00000006 ; 366.2865 ; 0.002 ; 3
EN  0.000000502 ; 0.000000015 ; 367.6158 ; 0.002 ; 3
GA  0.1297 ; 0.0006 ; 778.9045 ; 0.0024 ; 1
EK  0.000208 ; 0.000006 ; 728.6675 ; 0.0024 ; 1
EL  0.0000271 ; 0.0000008 ; 771.057 ; 0.0024 ; 1
EM  0.00000584 ; 0.00000018 ; 777.4035 ; 0.0024 ; 1
EN  0.000001388 ; 0.000000042 ; 778.7328 ; 0.0024 ; 1
COM -------------- Level Separator - T1/2 in seconds -------------
LED 1109.076 ; 0.005 ; 17 ;  ;  ; 6
GA  0.00009 ; 0.00002 ; 493.508 ; 0.02 ; 2
EK  0.00000106 ; 0.00000024 ; 443.27 ; 0.02 ; 2
EL  0.000000193 ; 0.000000043 ; 485.659 ; 0.02 ; 2
EM  0.000000043 ; 0.00000001 ; 492.006 ; 0.02 ; 2
EN  0.0000000129 ; 0.0000000029 ; 493.335 ; 0.02 ; 2
GA  0.0019 ; 0.00004 ; 764.9 ; 0.009 ; 1
EK  0.00000836 ; 0.0000003 ; 714.663 ; 0.009 ; 1
EL1 0.00000103 ; 0.0000003 ; 756.526 ; 0.009 ; 1
EL2 0.00000016 ; 0.0000003 ; 756.972 ; 0.009 ; 1
EL3 0.00000008 ; 0.0000003 ; 757.659 ; 0.009 ; 1
EM  0.000000277 ; 0.00000001 ; 763.399 ; 0.009 ; 1
EN  0.0000000772 ; 0.0000000028 ; 764.728 ; 0.009 ; 1
GA  0.00186 ; 0.00004 ; 1109.174 ; 0.012 ; 0
EK  0.00000353 ; 0.00000014 ; 1058.939 ; 0.012 ; 0
EL  0.0000005 ; 0.000000018 ; 1101.328 ; 0.012 ; 0
EM  0.0000001086 ; 0.0000000041 ; 1107.675 ; 0.012 ; 0
EN  0.0000000259 ; 0.000000001 ; 1109.004 ; 0.012 ; 0
COM -------------- Level Separator - T1/2 in seconds -------------
LED 1047.51 ; 0.06 ; 5 ;  ;  ; 5
GA  0.000018 ; 0.000009 ; 703.25 ; 0.06 ; 1
EK  0.00000009 ; 0.000000045 ; 653.01 ; 0.06 ; 1
EL  0.000000014 ; 0.000000007 ; 695.4 ; 0.06 ; 1
EM  0.0000000032 ; 0.0000000016 ; 701.75 ; 0.06 ; 1
EN  0.00000000094 ; 0.00000000047 ; 703.08 ; 0.06 ; 1
COM -------------- Level Separator - T1/2 in seconds -------------
LED 930.562 ; 0.003 ; 12 ; 7.3E-12 ; 6.E-13 ; 4
GA  0.000496 ; 0.000017 ; 315.174 ; 0.017 ; 2
EK  0.0000198 ; 0.0000009 ; 264.935 ; 0.017 ; 2
EL  0.00000465 ; 0.00000021 ; 307.324 ; 0.017 ; 2
EM  0.000001052 ; 0.000000047 ; 313.671 ; 0.017 ; 2
EN  0.000000247 ; 0.000000011 ; 315 ; 0.017 ; 2
GA  0.00462 ; 0.00004 ; 586.265 ; 0.003 ; 1
EK  0.000093 ; 0.000007 ; 536.0269 ; 0.003 ; 1
GA  0.000729 ; 0.000019 ; 930.58 ; 0.15 ; 0
EK  0.00000197 ; 0.00000008 ; 880.34 ; 0.15 ; 0
EL  0.000000292 ; 0.000000012 ; 922.73 ; 0.15 ; 0
EM  0.0000000636 ; 0.0000000025 ; 929.08 ; 0.15 ; 0
EN  0.0000000151 ; 0.0000000006 ; 930.41 ; 0.15 ; 0
COM -------------- Level Separator - T1/2 in seconds -------------
LED 755.3964 ; 0.0017 ; 5 ; 7.3E-12 ; 4.E-13 ; 3
GA  0.02238 ; 0.0001 ; 411.1165 ; 0.0012 ; 1
EK  0.000425 ; 0.000014 ; 360.878 ; 0.0012 ; 1
EL  0.0000848 ; 0.0000025 ; 403.2675 ; 0.0012 ; 1
EM  0.000019 ; 0.0000006 ; 409.614 ; 0.0012 ; 1
EN  0.00000448 ; 0.00000014 ; 410.9433 ; 0.0012 ; 1
COM -------------- Level Separator - T1/2 in seconds -------------
LED 615.553 ; 0.005 ; 5 ;  ;  ; 2
GA  0.00078 ; 0.00003 ; 271.131 ; 0.008 ; 1
EK  0.0000484 ; 0.0000024 ; 220.892 ; 0.008 ; 1
EL  0.0000126 ; 0.0000006 ; 263.281 ; 0.008 ; 1
EM  0.00000289 ; 0.00000014 ; 269.628 ; 0.008 ; 1
EN  0.000000676 ; 0.000000033 ; 270.957 ; 0.008 ; 1
COM -------------- Level Separator - T1/2 in seconds -------------
LED 344.2798 ; 0.0012 ; 5 ; 3.24E-11 ; 1.7E-12 ; 1
GA  0.2659 ; 0.0012 ; 344.2785 ; 0.0012 ; 0
EK  0.00827 ; 0.00024 ; 294.0398 ; 0.0012 ; 0
EL  0.00183 ; 0.00006 ; 336.4293 ; 0.0012 ; 0
EM  0.000412 ; 0.000012 ; 342.7758 ; 0.0012 ; 0
EN  0.0000971 ; 0.000003 ; 344.1051 ; 0.0012 ; 0
