PAR GA67
AZP 67 ; 31
NDA 1
COM ***************** Evaluation Date: 14/04/2011 ****************
COM ===================== Daughter Separator =====================
DAU ZN67
DDE 1 ;  ; 4 ; 25
Q   1000.8 ; 1.2
COM ---------------------- Branch Separator ----------------------
CK  0.00243 ; 0.00007 ; 4 ; 113.11 ; 1.2 ; 0
CL1 0.000311 ; 0.00001 ; 4 ; 113.11 ; 1.2 ; 0
CL2 0.000003 ; 0.000006 ; 4 ; 113.11 ; 1.2 ; 0
CM  0.0000526 ; 0.0000021 ; 4 ; 113.11 ; 1.2 ; 0
CN  0.00000364 ; 0.0000003 ; 4 ; 113.11 ; 1.2 ; 0
COM ---------------------- Branch Separator ----------------------
CK  0.2082 ; 0.0042 ; 3 ; 607.27 ; 1.2 ; 0
CL1 0.0234 ; 0.0005 ; 3 ; 607.27 ; 1.2 ; 0
CL2 0.00024 ; 0.00047 ; 3 ; 607.27 ; 1.2 ; 0
CM  0.00389 ; 0.00012 ; 3 ; 607.27 ; 1.2 ; 0
CN  0.00026 ; 0.000024 ; 3 ; 607.27 ; 1.2 ; 0
COM ---------------------- Branch Separator ----------------------
CK  0.197 ; 0.024 ; 2 ; 816.22 ; 1.2 ; 0
CL1 0.022 ; 0.0027 ; 2 ; 816.22 ; 1.2 ; 0
CL2 0.00022 ; 0.00045 ; 2 ; 816.22 ; 1.2 ; 0
CM  0.00366 ; 0.00045 ; 2 ; 816.22 ; 1.2 ; 0
CN  0.000245 ; 0.000037 ; 2 ; 816.22 ; 1.2 ; 0
COM ---------------------- Branch Separator ----------------------
CK  0.446 ; 0.015 ; 1 ; 907.49 ; 1.2 ; 0
CL1 0.0497 ; 0.0018 ; 1 ; 907.49 ; 1.2 ; 0
CL2 0.0005 ; 0.001 ; 1 ; 907.49 ; 1.2 ; 0
CM  0.00828 ; 0.00034 ; 1 ; 907.49 ; 1.2 ; 0
CN  0.00056 ; 0.00005 ; 1 ; 907.49 ; 1.2 ; 0
COM ---------------------- Branch Separator ----------------------
CK  0.029 ; 0.028 ; 0 ; 1000.8 ; 1.2 ; 0
CL1 0.0032 ; 0.0031 ; 0 ; 1000.8 ; 1.2 ; 0
CL2 0.00003 ; 0.00007 ; 0 ; 1000.8 ; 1.2 ; 0
CM  0.0005 ; 0.0005 ; 0 ; 1000.8 ; 1.2 ; 0
CN  0.000036 ; 0.000035 ; 0 ; 1000.8 ; 1.2 ; 0
COM -------------- Level Separator - T1/2 in seconds -------------
LED 887.69 ;   ; 28 ;  ;  ; 4
GA  0.000666 ; 0.000029 ; 494.143 ; 0.028 ; 3
EK  0.000000686 ; 0.000000032 ; 484.486 ; 0.028 ; 3
EL1 0.0000000676 ; 0.0000000031 ; 492.951 ; 0.028 ; 3
EL2 0.00000000099 ; 0.00000000005 ; 493.102 ; 0.028 ; 3
EL3 0.000000000559 ; 0.000000000036 ; 493.125 ; 0.028 ; 3
EM  0.00000000991 ; 0.00000000046 ; 494.08 ; 0.028 ; 3
EN  0.000000000398 ; 0.000000000019 ; 494.144 ; 0.028 ; 3
GA  0.000113 ; 0.000009 ; 703.11 ; 0.08 ; 2
EK  0.0000000531 ; 0.0000000043 ; 693.45 ; 0.08 ; 2
EL1 0.00000000522 ; 0.00000000042 ; 701.92 ; 0.08 ; 2
EL2 0.0000000000583 ; 0.0000000000048 ; 702.07 ; 0.08 ; 2
EL3 0.0000000000363 ; 0.000000000003 ; 702.09 ; 0.08 ; 2
EM  0.00000000076 ; 0.00000000006 ; 703.04 ; 0.08 ; 2
EN  0.0000000000307 ; 0.0000000000025 ; 703.11 ; 0.08 ; 2
GA  0.000528 ; 0.000017 ; 794.4 ; 0.041 ; 1
EK  0.000000253 ; 0.000000028 ; 784.746 ; 0.041 ; 1
EL1 0.0000000248 ; 0.0000000033 ; 793.211 ; 0.041 ; 1
EL2 0.00000000043 ; 0.00000000008 ; 793.362 ; 0.041 ; 1
EL3 0.000000000438 ; 0.000000000035 ; 793.385 ; 0.041 ; 1
EM  0.0000000037 ; 0.00000000044 ; 794.34 ; 0.041 ; 1
EN  0.000000000148 ; 0.000000000017 ; 794.404 ; 0.041 ; 1
GA  0.001492 ; 0.000038 ; 887.676 ; 0.033 ; 0
EK  0.000000474 ; 0.000000015 ; 878.023 ; 0.033 ; 0
EL1 0.0000000464 ; 0.0000000015 ; 886.488 ; 0.033 ; 0
EL2 0.000000000567 ; 0.000000000025 ; 886.639 ; 0.033 ; 0
EL3 0.000000000527 ; 0.000000000031 ; 886.662 ; 0.033 ; 0
EM  0.0000000068 ; 0.00000000021 ; 887.617 ; 0.033 ; 0
EN  0.000000000273 ; 0.000000000009 ; 887.681 ; 0.033 ; 0
COM -------------- Level Separator - T1/2 in seconds -------------
LED 393.53 ;   ; 21 ;  ;  ; 3
GA  0.0237 ; 0.0005 ; 208.939 ; 0.015 ; 2
EK  0.000191 ; 0.000005 ; 199.28 ; 0.015 ; 2
EL1 0.00001889 ; 0.00000049 ; 207.745 ; 0.015 ; 2
EL2 0.000000486 ; 0.000000016 ; 207.896 ; 0.015 ; 2
EL3 0.000000228 ; 0.000000013 ; 207.919 ; 0.015 ; 2
EM  0.00000281 ; 0.00000007 ; 208.874 ; 0.015 ; 2
EN  0.0000001114 ; 0.0000000029 ; 208.938 ; 0.015 ; 2
GA  0.166 ; 0.0037 ; 300.232 ; 0.021 ; 1
EK  0.000578 ; 0.000016 ; 290.574 ; 0.021 ; 1
EL1 0.0000568 ; 0.0000016 ; 299.039 ; 0.021 ; 1
EL2 0.000001275 ; 0.00000004 ; 299.19 ; 0.021 ; 1
EL3 0.00000076 ; 0.000000034 ; 299.213 ; 0.021 ; 1
EM  0.00000843 ; 0.00000023 ; 300.168 ; 0.021 ; 1
EN  0.000000335 ; 0.000000009 ; 300.232 ; 0.021 ; 1
GA  0.0459 ; 0.001 ; 393.528 ; 0.02 ; 0
EK  0.0000793 ; 0.0000021 ; 383.87 ; 0.02 ; 0
EL1 0.00000782 ; 0.00000021 ; 392.335 ; 0.02 ; 0
EL2 0.0000001331 ; 0.0000000037 ; 392.486 ; 0.02 ; 0
EL3 0.0000000688 ; 0.0000000024 ; 392.509 ; 0.02 ; 0
EM  0.000001152 ; 0.000000031 ; 393.464 ; 0.02 ; 0
EN  0.0000000461 ; 0.0000000012 ; 393.528 ; 0.02 ; 0
COM -------------- Level Separator - T1/2 in seconds -------------
LED 184.58 ;   ; 14 ; 1.028E-9 ; 1.4E-11 ; 2
GA  0.0309 ; 0.0007 ; 91.263 ; 0.015 ; 1
EK  0.0025 ; 0.00016 ; 81.604 ; 0.015 ; 1
EL1 0.000244 ; 0.000016 ; 90.069 ; 0.015 ; 1
EL2 0.0000136 ; 0.0000025 ; 90.22 ; 0.015 ; 1
EL3 0.0000111 ; 0.0000034 ; 90.243 ; 0.015 ; 1
EM  0.0000386 ; 0.0000029 ; 91.198 ; 0.015 ; 1
EN  0.00000145 ; 0.0000001 ; 91.262 ; 0.015 ; 1
GA  0.2096 ; 0.0044 ; 184.577 ; 0.017 ; 0
EK  0.00316 ; 0.0004 ; 174.918 ; 0.017 ; 0
EL1 0.000306 ; 0.000036 ; 183.383 ; 0.017 ; 0
EL2 0.000013 ; 0.0000029 ; 183.534 ; 0.017 ; 0
EL3 0.0000119 ; 0.000004 ; 183.557 ; 0.017 ; 0
EM  0.000048 ; 0.000006 ; 184.512 ; 0.017 ; 0
EN  0.0000018 ; 0.00000021 ; 184.576 ; 0.017 ; 0
COM -------------- Level Separator - T1/2 in seconds -------------
LED 93.31 ;   ; 7 ; 9.E-6 ; 4.E-8 ; 1
GA  0.381 ; 0.007 ; 93.307 ; 0.012 ; 0
EK  0.285 ; 0.007 ; 83.648 ; 0.012 ; 0
EL1 0.0254 ; 0.0006 ; 92.113 ; 0.012 ; 0
EL2 0.00394 ; 0.00009 ; 92.264 ; 0.012 ; 0
EL3 0.00577 ; 0.00014 ; 92.287 ; 0.012 ; 0
EM  0.00495 ; 0.00012 ; 93.242 ; 0.012 ; 0
EN  0.0001478 ; 0.0000035 ; 93.306 ; 0.012 ; 0
