PAR GA68
AZP 68 ; 31
NDA 1
COM ***************** Evaluation Date: 09/12/2011 ****************
COM ===================== Daughter Separator =====================
DAU ZN68
DDE 1 ;  ; 5 ; 28
Q   2921.1 ; 1.2
COM ---------------------- Branch Separator ----------------------
CK  0.00009 ; 0.0000043 ; 5 ; 99.3099999999999 ; 1.2 ; 0
CL1 0.0000118 ; 0.0000006 ; 5 ; 99.3099999999999 ; 1.2 ; 0
CL2 0.000000083 ; 0.000000031 ; 5 ; 99.3099999999999 ; 1.2 ; 0
CM  0.000002 ; 0.00000011 ; 5 ; 99.3099999999999 ; 1.2 ; 0
COM ---------------------- Branch Separator ----------------------
CK  0.000847 ; 0.000027 ; 4 ; 582.66 ; 1.2 ; 0
CL1 0.0000953 ; 0.0000033 ; 4 ; 582.66 ; 1.2 ; 0
CL2 0.00000067 ; 0.00000029 ; 4 ; 582.66 ; 1.2 ; 0
CM  0.0000159 ; 0.0000007 ; 4 ; 582.66 ; 1.2 ; 0
COM ---------------------- Branch Separator ----------------------
CK  0.002068 ; 0.000044 ; 3 ; 1037.91 ; 1.2 ; 0
CL1 0.00023 ; 0.000006 ; 3 ; 1037.91 ; 1.2 ; 0
CL2 0.0000016 ; 0.0000007 ; 3 ; 1037.91 ; 1.2 ; 0
CM  0.0000384 ; 0.0000014 ; 3 ; 1037.91 ; 1.2 ; 0
COM ---------------------- Branch Separator ----------------------
BEP 0.0000026 ; 0.0000002 ; 2 ; 243.23 ; 1.2 ; 0
CK  0.000296 ; 0.00002 ; 2 ; 1265.23 ; 1.2 ; 0
CL1 0.0000327 ; 0.0000023 ; 2 ; 1265.23 ; 1.2 ; 0
CL2 0.0000003 ; 0.0000001 ; 2 ; 1265.23 ; 1.2 ; 0
CM  0.00000546 ; 0.00000041 ; 2 ; 1265.23 ; 1.2 ; 0
COM ---------------------- Branch Separator ----------------------
BEP 0.012 ; 0.0004 ; 1 ; 821.75 ; 1.2 ; 0
CK  0.01592 ; 0.00044 ; 1 ; 1843.75 ; 1.2 ; 0
CL1 0.00176 ; 0.00005 ; 1 ; 1843.75 ; 1.2 ; 0
CL2 0.000013 ; 0.000005 ; 1 ; 1843.75 ; 1.2 ; 0
CM  0.000292 ; 0.000012 ; 1 ; 1843.75 ; 1.2 ; 0
COM ---------------------- Branch Separator ----------------------
BEP 0.8768 ; 0.0041 ; 0 ; 1899.1 ; 1.2 ; 0
CK  0.0791 ; 0.0036 ; 0 ; 2921.1 ; 1.2 ; 0
CL1 0.0087 ; 0.00041 ; 0 ; 2921.1 ; 1.2 ; 0
CL2 0.000063 ; 0.000027 ; 0 ; 2921.1 ; 1.2 ; 0
CM  0.00145 ; 0.00008 ; 0 ; 2921.1 ; 1.2 ; 0
CN  0.000098 ; 0.00001 ; 0 ; 2921.1 ; 1.2 ; 0
COM -------------- Level Separator - T1/2 in seconds -------------
LED 2821.79 ; 0.14 ; 35 ;  ;  ; 5
GA  0.00000265 ; 0.00000029 ; 483.35 ; 0.16 ; 4
EK  0.000000004 ; 0.0000000009 ; 473.69 ; 0.16 ; 4
EL1 0.0000000004 ; 0.00000000009 ; 482.16 ; 0.16 ; 4
EL2 0.0000000000093 ; 0.0000000000033 ; 482.31 ; 0.16 ; 4
EL3 0.000000000009 ; 0.0000000000044 ; 482.33 ; 0.16 ; 4
EM  0.000000000058 ; 0.000000000012 ; 483.28 ; 0.16 ; 4
EN  0.00000000000231 ; 0.00000000000047 ; 483.35 ; 0.16 ; 4
GA  0.00000178 ; 0.00000016 ; 938.61 ; 0.2 ; 3
EK  0.000000000484 ; 0.000000000048 ; 928.96 ; 0.2 ; 3
EL1 0.0000000000475 ; 0.0000000000046 ; 937.43 ; 0.2 ; 3
EL2 0.00000000000052 ; 0.00000000000008 ; 937.58 ; 0.2 ; 3
EL3 0.00000000000044 ; 0.00000000000011 ; 937.6 ; 0.2 ; 3
EM  0.0000000000069 ; 0.0000000000007 ; 938.55 ; 0.2 ; 3
EN  0.000000000000279 ; 0.000000000000027 ; 938.62 ; 0.2 ; 3
GA  0.00000016 ; 0.0000001 ; 1165.92 ; 0.15 ; 2
EK  0.00000000003 ; 0.000000000019 ; 1156.27 ; 0.15 ; 2
EL1 0.0000000000029 ; 0.0000000000018 ; 1164.74 ; 0.15 ; 2
EL2 0.000000000000031 ; 0.00000000000002 ; 1164.89 ; 0.15 ; 2
EL3 0.000000000000035 ; 0.000000000000022 ; 1164.91 ; 0.15 ; 2
EM  0.00000000000042 ; 0.00000000000027 ; 1165.86 ; 0.15 ; 2
EN  0.000000000000017 ; 0.000000000000011 ; 1165.93 ; 0.15 ; 2
GA  0.000096 ; 0.000005 ; 1744.42 ; 0.13 ; 1
EK  0.00000000739 ; 0.0000000004 ; 1734.78 ; 0.13 ; 1
EL1 0.000000000725 ; 0.000000000039 ; 1743.25 ; 0.13 ; 1
EL2 0.00000000000396 ; 0.00000000000021 ; 1743.4 ; 0.13 ; 1
EL3 0.00000000000419 ; 0.00000000000023 ; 1743.42 ; 0.13 ; 1
EM  0.000000000105 ; 0.000000000006 ; 1744.37 ; 0.13 ; 1
EN  0.00000000000426 ; 0.00000000000023 ; 1744.44 ; 0.13 ; 1
GA  0.00000466 ; 0.00000036 ; 2821.73 ; 0.14 ; 0
EK  0.00000000016 ; 0.000000000013 ; 2812.13 ; 0.14 ; 0
EL1 0.0000000000156 ; 0.0000000000012 ; 2820.6 ; 0.14 ; 0
EL2 0.000000000000063 ; 0.000000000000005 ; 2820.75 ; 0.14 ; 0
EL3 0.000000000000106 ; 0.000000000000008 ; 2820.77 ; 0.14 ; 0
EM  0.00000000000226 ; 0.00000000000018 ; 2821.72 ; 0.14 ; 0
EN  0.000000000000092 ; 0.000000000000007 ; 2821.79 ; 0.14 ; 0
COM -------------- Level Separator - T1/2 in seconds -------------
LED 2338.44 ; 0.08 ; 21 ; 2.4E-13 ;  ; 4
GA  0.00000314 ; 0.0000002 ; 682.57 ; 0.16 ; 2
EK  0.00000000222 ; 0.00000000014 ; 672.91 ; 0.16 ; 2
EL1 0.000000000216 ; 0.000000000014 ; 681.38 ; 0.16 ; 2
EL2 0.00000000000433 ; 0.00000000000028 ; 681.53 ; 0.16 ; 2
EL3 0.00000000000455 ; 0.0000000000003 ; 681.55 ; 0.16 ; 2
EM  0.0000000000323 ; 0.0000000000022 ; 682.5 ; 0.16 ; 2
EN  0.00000000000127 ; 0.00000000000008 ; 682.57 ; 0.16 ; 2
GA  0.000954 ; 0.000021 ; 1261.08 ; 0.09 ; 1
EK  0.0000001353 ; 0.0000000035 ; 1251.43 ; 0.09 ; 1
EL1 0.00000001327 ; 0.00000000035 ; 1259.9 ; 0.09 ; 1
EL2 0.0000000000937 ; 0.0000000000025 ; 1260.05 ; 0.09 ; 1
EL3 0.0000000000788 ; 0.0000000000021 ; 1260.07 ; 0.09 ; 1
EM  0.00000000193 ; 0.00000000005 ; 1261.02 ; 0.09 ; 1
EN  0.0000000000781 ; 0.0000000000021 ; 1261.09 ; 0.09 ; 1
GA  0.0000113 ; 0.0000016 ; 2338.44 ; 0.08 ; 0
EK  0.00000000053 ; 0.00000000008 ; 2328.82 ; 0.08 ; 0
EL1 0.000000000052 ; 0.000000000007 ; 2337.29 ; 0.08 ; 0
EL2 0.000000000000255 ; 0.000000000000036 ; 2337.44 ; 0.08 ; 0
EL3 0.00000000000038 ; 0.00000000000005 ; 2337.46 ; 0.08 ; 0
EM  0.0000000000076 ; 0.0000000000011 ; 2338.41 ; 0.08 ; 0
EN  0.000000000000306 ; 0.000000000000044 ; 2338.48 ; 0.08 ; 0
COM -------------- Level Separator - T1/2 in seconds -------------
LED 1883.19 ; 0.06 ; 21 ; 1.6E-12 ; 3.E-13 ; 3
GA  0.0000012 ; 0.00000049 ; 227.31 ; 0.15 ; 2
EK  0.000000032 ; 0.000000013 ; 217.65 ; 0.15 ; 2
EL1 0.000000003 ; 0.0000000012 ; 226.12 ; 0.15 ; 2
EL2 0.00000000018 ; 0.00000000007 ; 226.27 ; 0.15 ; 2
EL3 0.00000000022 ; 0.00000000009 ; 226.29 ; 0.15 ; 2
EM  0.00000000049 ; 0.0000000002 ; 227.24 ; 0.15 ; 2
EN  0.000000000018 ; 0.000000000007 ; 227.31 ; 0.15 ; 2
GA  0.000928 ; 0.000027 ; 805.83 ; 0.08 ; 1
EK  0.000000391 ; 0.000000013 ; 796.18 ; 0.08 ; 1
EL1 0.0000000382 ; 0.0000000012 ; 804.65 ; 0.08 ; 1
EL2 0.000000000573 ; 0.00000000002 ; 804.8 ; 0.08 ; 1
EL3 0.000000000566 ; 0.00000000002 ; 804.82 ; 0.08 ; 1
EM  0.00000000563 ; 0.00000000018 ; 805.77 ; 0.08 ; 1
EN  0.000000000225 ; 0.000000000008 ; 805.84 ; 0.08 ; 1
GA  0.00142 ; 0.000035 ; 1883.16 ; 0.06 ; 0
EK  0.000000099 ; 0.0000000028 ; 1873.53 ; 0.06 ; 0
EL1 0.00000000967 ; 0.00000000028 ; 1882 ; 0.06 ; 0
EL2 0.0000000000601 ; 0.0000000000017 ; 1882.15 ; 0.06 ; 0
EL3 0.0000000000807 ; 0.0000000000023 ; 1882.17 ; 0.06 ; 0
EM  0.000000001406 ; 0.000000000045 ; 1883.12 ; 0.06 ; 0
EN  0.0000000000569 ; 0.0000000000016 ; 1883.19 ; 0.06 ; 0
COM -------------- Level Separator - T1/2 in seconds -------------
LED 1655.87 ; 0.14 ; 8 ; 7.E-11 ; 3.5E-11 ; 2
GA   ;  ; 1655.87 ; 0.14 ; 0
GA  0.000343 ; 0.000023 ; 578.52 ; 0.13 ; 1
EK  0.000000391 ; 0.000000027 ; 568.86 ; 0.13 ; 1
EL1 0.0000000379 ; 0.0000000026 ; 577.33 ; 0.13 ; 1
EL2 0.00000000091 ; 0.00000000006 ; 577.48 ; 0.13 ; 1
EL3 0.00000000096 ; 0.00000000007 ; 577.5 ; 0.13 ; 1
EM  0.00000000569 ; 0.0000000004 ; 578.45 ; 0.13 ; 1
EN  0.000000000223 ; 0.000000000015 ; 578.52 ; 0.13 ; 1
COM -------------- Level Separator - T1/2 in seconds -------------
LED 1077.35 ; 0.05 ; 7 ; 1.57E-12 ; 4.E-14 ; 1
GA  0.03235 ; 0.0003 ; 1077.34 ; 0.05 ; 0
EK  0.00000715 ; 0.00000015 ; 1067.69 ; 0.05 ; 0
EL1 0.000000699 ; 0.000000012 ; 1076.16 ; 0.05 ; 0
EL2 0.00000000831 ; 0.00000000015 ; 1076.31 ; 0.05 ; 0
EL3 0.00000000919 ; 0.00000000015 ; 1076.33 ; 0.05 ; 0
EM  0.0000001029 ; 0.0000000019 ; 1077.28 ; 0.05 ; 0
EN  0.00000000412 ; 0.00000000007 ; 1077.35 ; 0.05 ; 0
