PAR I124
AZP 124 ; 53
NDA 1
COM ***************** Evaluation Date: 15/07/2021 ****************
COM ===================== Daughter Separator =====================
DAU TE124
DDE 1 ;  ; 28 ; 184
Q   3159.6 ; 1.9
COM ---------------------- Branch Separator ----------------------
CK  0.00273 ; 0.00008 ; 28 ; 158.48 ; 1.9 ; 0
CL1 0.000506 ; 0.000015 ; 28 ; 158.48 ; 1.9 ; 0
CL2 0.00001304 ; 0.00000039 ; 28 ; 158.48 ; 1.9 ; 0
CM  0.0001188 ; 0.0000037 ; 28 ; 158.48 ; 1.9 ; 0
CN  0.0000269 ; 0.0000009 ; 28 ; 158.48 ; 1.9 ; 0
CO  0.00000438 ; 0.00000016 ; 28 ; 158.48 ; 1.9 ; 0
COM ---------------------- Branch Separator ----------------------
CK  0.00021 ; 0.000024 ; 27 ; 171.36 ; 1.9 ; 0
CL1 0.0000377 ; 0.0000044 ; 27 ; 171.36 ; 1.9 ; 0
CL2 0.00000097 ; 0.00000011 ; 27 ; 171.36 ; 1.9 ; 0
CM  0.0000088 ; 0.000001 ; 27 ; 171.36 ; 1.9 ; 0
CN  0.00000199 ; 0.00000023 ; 27 ; 171.36 ; 1.9 ; 0
CO  0.000000325 ; 0.000000038 ; 27 ; 171.36 ; 1.9 ; 0
COM ---------------------- Branch Separator ----------------------
CK  0.000238 ; 0.000025 ; 26 ; 214.01 ; 1.9 ; 0
CL1 0.0000396 ; 0.0000041 ; 26 ; 214.01 ; 1.9 ; 0
CL2 0.00000102 ; 0.00000011 ; 26 ; 214.01 ; 1.9 ; 0
CM  0.0000092 ; 0.000001 ; 26 ; 214.01 ; 1.9 ; 0
CN  0.00000207 ; 0.00000022 ; 26 ; 214.01 ; 1.9 ; 0
CO  0.000000337 ; 0.000000035 ; 26 ; 214.01 ; 1.9 ; 0
COM ---------------------- Branch Separator ----------------------
CK  0.00929 ; 0.0005 ; 25 ; 273.55 ; 1.9 ; 0
CL1 0.00145 ; 0.00008 ; 25 ; 273.55 ; 1.9 ; 0
CL2 0.0000373 ; 0.000002 ; 25 ; 273.55 ; 1.9 ; 0
CM  0.000333 ; 0.000018 ; 25 ; 273.55 ; 1.9 ; 0
CN  0.0000752 ; 0.0000041 ; 25 ; 273.55 ; 1.9 ; 0
CO  0.0000122 ; 0.0000007 ; 25 ; 273.55 ; 1.9 ; 0
COM ---------------------- Branch Separator ----------------------
CK  0.000025 ; 0.000008 ; 24 ; 300.7 ; 1.9 ; 0
CL1 0.0000038 ; 0.0000013 ; 24 ; 300.7 ; 1.9 ; 0
CL2 0.000000098 ; 0.000000033 ; 24 ; 300.7 ; 1.9 ; 0
CM  0.00000088 ; 0.00000029 ; 24 ; 300.7 ; 1.9 ; 0
CN  0.0000002 ; 0.00000007 ; 24 ; 300.7 ; 1.9 ; 0
CO  0.000000032 ; 0.000000011 ; 24 ; 300.7 ; 1.9 ; 0
COM ---------------------- Branch Separator ----------------------
CK  0.0352 ; 0.0006 ; 23 ; 324.702 ; 1.9 ; 0
CL1 0.00531 ; 0.00009 ; 23 ; 324.702 ; 1.9 ; 0
CL2 0.0001367 ; 0.0000023 ; 23 ; 324.702 ; 1.9 ; 0
CM  0.001215 ; 0.000021 ; 23 ; 324.702 ; 1.9 ; 0
CN  0.000273 ; 0.000005 ; 23 ; 324.702 ; 1.9 ; 0
CO  0.0000446 ; 0.0000011 ; 23 ; 324.702 ; 1.9 ; 0
COM ---------------------- Branch Separator ----------------------
CK  0.00005 ; 0.000008 ; 22 ; 342.12 ; 1.9 ; 0
CL1 0.0000075 ; 0.0000012 ; 22 ; 342.12 ; 1.9 ; 0
CL2 0.000000193 ; 0.000000032 ; 22 ; 342.12 ; 1.9 ; 0
CM  0.00000171 ; 0.00000029 ; 22 ; 342.12 ; 1.9 ; 0
CN  0.00000039 ; 0.00000006 ; 22 ; 342.12 ; 1.9 ; 0
CO  0.000000063 ; 0.000000011 ; 22 ; 342.12 ; 1.9 ; 0
COM ---------------------- Branch Separator ----------------------
CK  0.00485 ; 0.00015 ; 21 ; 412.56 ; 1.9 ; 0
CL1 0.000703 ; 0.000022 ; 21 ; 412.56 ; 1.9 ; 0
CL2 0.0000181 ; 0.0000006 ; 21 ; 412.56 ; 1.9 ; 0
CM  0.00016 ; 0.000005 ; 21 ; 412.56 ; 1.9 ; 0
CN  0.000036 ; 0.0000012 ; 21 ; 412.56 ; 1.9 ; 0
CO  0.00000586 ; 0.00000021 ; 21 ; 412.56 ; 1.9 ; 0
COM ---------------------- Branch Separator ----------------------
CK  0.01667 ; 0.00025 ; 20 ; 457.99 ; 1.9 ; 0
CL1 0.002385 ; 0.000036 ; 20 ; 457.99 ; 1.9 ; 0
CL2 0.0000615 ; 0.000001 ; 20 ; 457.99 ; 1.9 ; 0
CM  0.000542 ; 0.000009 ; 20 ; 457.99 ; 1.9 ; 0
CN  0.0001218 ; 0.0000022 ; 20 ; 457.99 ; 1.9 ; 0
CO  0.00001984 ; 0.00000045 ; 20 ; 457.99 ; 1.9 ; 0
COM ---------------------- Branch Separator ----------------------
CK  0.00792 ; 0.00025 ; 19 ; 465.921 ; 1.9 ; 0
CL1 0.00113 ; 0.000036 ; 19 ; 465.921 ; 1.9 ; 0
CL2 0.0000291 ; 0.0000009 ; 19 ; 465.921 ; 1.9 ; 0
CM  0.000257 ; 0.000008 ; 19 ; 465.921 ; 1.9 ; 0
CN  0.0000577 ; 0.0000019 ; 19 ; 465.921 ; 1.9 ; 0
CO  0.0000094 ; 0.00000034 ; 19 ; 465.921 ; 1.9 ; 0
COM ---------------------- Branch Separator ----------------------
CK  0.00329 ; 0.00017 ; 18 ; 478.14 ; 1.9 ; 0
CL1 0.000468 ; 0.000024 ; 18 ; 478.14 ; 1.9 ; 0
CL2 0.0000121 ; 0.0000006 ; 18 ; 478.14 ; 1.9 ; 0
CM  0.000106 ; 0.000005 ; 18 ; 478.14 ; 1.9 ; 0
CN  0.0000239 ; 0.0000012 ; 18 ; 478.14 ; 1.9 ; 0
CO  0.00000388 ; 0.00000021 ; 18 ; 478.14 ; 1.9 ; 0
COM ---------------------- Branch Separator ----------------------
CK  0.00341 ; 0.00013 ; 17 ; 518.45 ; 1.9 ; 0
CL1 0.000481 ; 0.000018 ; 17 ; 518.45 ; 1.9 ; 0
CL2 0.00001239 ; 0.00000046 ; 17 ; 518.45 ; 1.9 ; 0
CM  0.000109 ; 0.0000041 ; 17 ; 518.45 ; 1.9 ; 0
CN  0.0000245 ; 0.0000009 ; 17 ; 518.45 ; 1.9 ; 0
CO  0.00000399 ; 0.00000016 ; 17 ; 518.45 ; 1.9 ; 0
COM ---------------------- Branch Separator ----------------------
CK  0.00146 ; 0.00005 ; 16 ; 638.27 ; 1.9 ; 0
CL1 0.000202 ; 0.000007 ; 16 ; 638.27 ; 1.9 ; 0
CL2 0.00000522 ; 0.00000018 ; 16 ; 638.27 ; 1.9 ; 0
CM  0.0000457 ; 0.0000016 ; 16 ; 638.27 ; 1.9 ; 0
CN  0.00001028 ; 0.00000037 ; 16 ; 638.27 ; 1.9 ; 0
CO  0.00000167 ; 0.00000006 ; 16 ; 638.27 ; 1.9 ; 0
COM ---------------------- Branch Separator ----------------------
CK  0.00012 ; 0.00006 ; 15 ; 676.238 ; 1.9 ; -1
CL1 0.000017 ; 0.000009 ; 15 ; 676.238 ; 1.9 ; -1
CL2 0.00000045 ; 0.00000022 ; 15 ; 676.238 ; 1.9 ; -1
CL3 0.00000058 ; 0.00000029 ; 15 ; 676.238 ; 1.9 ; -1
CM  0.0000041 ; 0.000002 ; 15 ; 676.238 ; 1.9 ; -1
CN  0.00000092 ; 0.00000046 ; 15 ; 676.238 ; 1.9 ; -1
CO  0.00000015 ; 0.00000007 ; 15 ; 676.238 ; 1.9 ; -1
COM ---------------------- Branch Separator ----------------------
CK  0.00264 ; 0.00025 ; 14 ; 705.531 ; 1.9 ; 0
CL1 0.000361 ; 0.000034 ; 14 ; 705.531 ; 1.9 ; 0
CL2 0.0000093 ; 0.0000009 ; 14 ; 705.531 ; 1.9 ; 0
CM  0.000082 ; 0.000008 ; 14 ; 705.531 ; 1.9 ; 0
CN  0.0000183 ; 0.0000017 ; 14 ; 705.531 ; 1.9 ; 0
CO  0.00000298 ; 0.00000028 ; 14 ; 705.531 ; 1.9 ; 0
COM ---------------------- Branch Separator ----------------------
CK  0.00016 ; 0.00008 ; 13 ; 824.57 ; 1.9 ; -2
CL1 0.000025 ; 0.000013 ; 13 ; 824.57 ; 1.9 ; -2
CL2 0.00000065 ; 0.00000033 ; 13 ; 824.57 ; 1.9 ; -2
CL3 0.0000019 ; 0.000001 ; 13 ; 824.57 ; 1.9 ; -2
CM  0.0000063 ; 0.0000031 ; 13 ; 824.57 ; 1.9 ; -2
CN  0.0000014 ; 0.0000007 ; 13 ; 824.57 ; 1.9 ; -2
CO  0.00000022 ; 0.00000011 ; 13 ; 824.57 ; 1.9 ; -2
COM ---------------------- Branch Separator ----------------------
CK  0.00171 ; 0.0001 ; 12 ; 836.65 ; 1.9 ; 0
CL1 0.000231 ; 0.000014 ; 12 ; 836.65 ; 1.9 ; 0
CL2 0.00000597 ; 0.00000036 ; 12 ; 836.65 ; 1.9 ; 0
CM  0.0000521 ; 0.0000031 ; 12 ; 836.65 ; 1.9 ; 0
CN  0.0000117 ; 0.0000007 ; 12 ; 836.65 ; 1.9 ; 0
CO  0.0000019 ; 0.00000012 ; 12 ; 836.65 ; 1.9 ; 0
COM ---------------------- Branch Separator ----------------------
CK  0.000075 ; 0.000017 ; 11 ; 851.18 ; 1.9 ; -1
CL1 0.0000109 ; 0.0000024 ; 11 ; 851.18 ; 1.9 ; -1
CL2 0.00000028 ; 0.00000006 ; 11 ; 851.18 ; 1.9 ; -1
CL3 0.00000023 ; 0.00000005 ; 11 ; 851.18 ; 1.9 ; -1
CM  0.0000025 ; 0.0000006 ; 11 ; 851.18 ; 1.9 ; -1
CN  0.00000057 ; 0.00000013 ; 11 ; 851.18 ; 1.9 ; -1
CO  0.000000091 ; 0.00000002 ; 11 ; 851.18 ; 1.9 ; -1
COM ---------------------- Branch Separator ----------------------
CK  0.0981 ; 0.0021 ; 10 ; 865.889 ; 1.9 ; 0
CL1 0.01323 ; 0.00029 ; 10 ; 865.889 ; 1.9 ; 0
CL2 0.000342 ; 0.000007 ; 10 ; 865.889 ; 1.9 ; 0
CM  0.00298 ; 0.00007 ; 10 ; 865.889 ; 1.9 ; 0
CN  0.000669 ; 0.000016 ; 10 ; 865.889 ; 1.9 ; 0
CO  0.0001089 ; 0.000003 ; 10 ; 865.889 ; 1.9 ; 0
COM ---------------------- Branch Separator ----------------------
CK  0.000042 ; 0.000017 ; 9 ; 934.646 ; 1.9 ; -1
CL1 0.000006 ; 0.0000024 ; 9 ; 934.646 ; 1.9 ; -1
CL2 0.00000015 ; 0.00000006 ; 9 ; 934.646 ; 1.9 ; -1
CL3 0.000000105 ; 0.000000042 ; 9 ; 934.646 ; 1.9 ; -1
CM  0.0000014 ; 0.0000006 ; 9 ; 934.646 ; 1.9 ; -1
CN  0.00000031 ; 0.00000012 ; 9 ; 934.646 ; 1.9 ; -1
CO  0.00000005 ; 0.00000002 ; 9 ; 934.646 ; 1.9 ; -1
COM ---------------------- Branch Separator ----------------------
BEP 0.00000000025 ; 0.00000000007 ; 8 ; 45.9969999999998 ; 1.9 ; 0
CK  0.00163 ; 0.00007 ; 8 ; 1067.997 ; 1.9 ; 0
CL1 0.000218 ; 0.000009 ; 8 ; 1067.997 ; 1.9 ; 0
CL2 0.00000565 ; 0.00000024 ; 8 ; 1067.997 ; 1.9 ; 0
CM  0.000049 ; 0.0000021 ; 8 ; 1067.997 ; 1.9 ; 0
CN  0.000011 ; 0.00000047 ; 8 ; 1067.997 ; 1.9 ; 0
CO  0.00000179 ; 0.00000008 ; 8 ; 1067.997 ; 1.9 ; 0
COM ---------------------- Branch Separator ----------------------
BEP 0.0000000018 ; 0.0000000011 ; 7 ; 98.26 ; 1.9 ; 0
CK  0.00022 ; 0.00014 ; 7 ; 1120.26 ; 1.9 ; 0
CL1 0.000029 ; 0.000018 ; 7 ; 1120.26 ; 1.9 ; 0
CL2 0.00000076 ; 0.00000047 ; 7 ; 1120.26 ; 1.9 ; 0
CM  0.0000066 ; 0.0000041 ; 7 ; 1120.26 ; 1.9 ; 0
CN  0.0000015 ; 0.0000009 ; 7 ; 1120.26 ; 1.9 ; 0
CO  0.00000024 ; 0.00000015 ; 7 ; 1120.26 ; 1.9 ; 0
COM ---------------------- Branch Separator ----------------------
COM ---------------------- Branch Separator ----------------------
BEP 0.000000015 ; 0.000000009 ; 5 ; 254.68 ; 1.9 ; -1
CK  0.00021 ; 0.00014 ; 5 ; 1276.68 ; 1.9 ; -1
CL1 0.000029 ; 0.000019 ; 5 ; 1276.68 ; 1.9 ; -1
CL2 0.00000076 ; 0.00000048 ; 5 ; 1276.68 ; 1.9 ; -1
CL3 0.00000027 ; 0.00000018 ; 5 ; 1276.68 ; 1.9 ; -1
CM  0.0000067 ; 0.0000043 ; 5 ; 1276.68 ; 1.9 ; -1
CN  0.0000015 ; 0.000001 ; 5 ; 1276.68 ; 1.9 ; -1
CO  0.00000024 ; 0.00000015 ; 5 ; 1276.68 ; 1.9 ; -1
COM ---------------------- Branch Separator ----------------------
BEP 0.00000121 ; 0.0000001 ; 4 ; 480.317 ; 1.9 ; -1
CK  0.0009 ; 0.00007 ; 4 ; 1502.317 ; 1.9 ; -1
CL1 0.000122 ; 0.000009 ; 4 ; 1502.317 ; 1.9 ; -1
CL2 0.00000318 ; 0.00000024 ; 4 ; 1502.317 ; 1.9 ; -1
CL3 0.00000083 ; 0.00000006 ; 4 ; 1502.317 ; 1.9 ; -1
CM  0.0000278 ; 0.0000021 ; 4 ; 1502.317 ; 1.9 ; -1
CN  0.00000623 ; 0.00000047 ; 4 ; 1502.317 ; 1.9 ; -1
CO  0.00000101 ; 0.00000008 ; 4 ; 1502.317 ; 1.9 ; -1
COM ---------------------- Branch Separator ----------------------
BEP 0.00287 ; 0.0001 ; 3 ; 812.0869 ; 1.9 ; 0
CK  0.0464 ; 0.0015 ; 3 ; 1834.0869 ; 1.9 ; 0
CL1 0.00605 ; 0.0002 ; 3 ; 1834.0869 ; 1.9 ; 0
CL2 0.000158 ; 0.000005 ; 3 ; 1834.0869 ; 1.9 ; 0
CM  0.001358 ; 0.000045 ; 3 ; 1834.0869 ; 1.9 ; 0
CN  0.000305 ; 0.00001 ; 3 ; 1834.0869 ; 1.9 ; 0
CO  0.0000496 ; 0.0000018 ; 3 ; 1834.0869 ; 1.9 ; 0
COM ---------------------- Branch Separator ----------------------
BEP 0.00000188 ; 0.00000016 ; 2 ; 889.0189 ; 1.9 ; -1
CK  0.0001 ; 0.000009 ; 2 ; 1911.0189 ; 1.9 ; -1
CL1 0.0000134 ; 0.0000011 ; 2 ; 1911.0189 ; 1.9 ; -1
CL2 0.000000351 ; 0.00000003 ; 2 ; 1911.0189 ; 1.9 ; -1
CL3 0.0000000566 ; 0.0000000048 ; 2 ; 1911.0189 ; 1.9 ; -1
CM  0.00000304 ; 0.00000026 ; 2 ; 1911.0189 ; 1.9 ; -1
CN  0.00000068 ; 0.00000006 ; 2 ; 1911.0189 ; 1.9 ; -1
CO  0.000000111 ; 0.00000001 ; 2 ; 1911.0189 ; 1.9 ; -1
COM ---------------------- Branch Separator ----------------------
BEP 0.1145 ; 0.0015 ; 1 ; 1534.8729 ; 1.9 ; 0
CK  0.2185 ; 0.0032 ; 1 ; 2556.8729 ; 1.9 ; 0
CL1 0.02828 ; 0.00041 ; 1 ; 2556.8729 ; 1.9 ; 0
CL2 0.000745 ; 0.000011 ; 1 ; 2556.8729 ; 1.9 ; 0
CM  0.00634 ; 0.0001 ; 1 ; 2556.8729 ; 1.9 ; 0
CN  0.001421 ; 0.000024 ; 1 ; 2556.8729 ; 1.9 ; 0
CO  0.000231 ; 0.000005 ; 1 ; 2556.8729 ; 1.9 ; 0
COM ---------------------- Branch Separator ----------------------
BEP 0.1032 ; 0.0013 ; 0 ; 2137.6 ; 1.9 ; -1
CK  0.2055 ; 0.0028 ; 0 ; 3159.6 ; 1.9 ; -1
CL1 0.02694 ; 0.00037 ; 0 ; 3159.6 ; 1.9 ; -1
CL2 0.000713 ; 0.00001 ; 0 ; 3159.6 ; 1.9 ; -1
CL3 0.000042 ; 0.0000006 ; 0 ; 3159.6 ; 1.9 ; -1
CM  0.00606 ; 0.00009 ; 0 ; 3159.6 ; 1.9 ; -1
CN  0.001358 ; 0.000022 ; 0 ; 3159.6 ; 1.9 ; -1
CO  0.0002208 ; 0.0000047 ; 0 ; 3159.6 ; 1.9 ; -1
COM -------------- Level Separator - T1/2 in seconds -------------
LED 3001.12 ; 0.03 ; 63 ;  ;  ; 28
GA  0.000077 ; 0.000028 ; 166.222 ; 0.036 ; 23
EK  0.0000031 ; 0.0000011 ; 134.408 ; 0.036 ; 23
EL1 0.00000033 ; 0.00000012 ; 161.283 ; 0.036 ; 23
EL2 0.000000028 ; 0.00000001 ; 161.61 ; 0.036 ; 23
EL3 0.000000039 ; 0.000000014 ; 161.881 ; 0.036 ; 23
EM  0.000000078 ; 0.000000028 ; 165.452 ; 0.036 ; 23
EN  0.000000017 ; 0.000000006 ; 166.128 ; 0.036 ; 23
GA  0.000165 ; 0.000027 ; 307.441 ; 0.03 ; 19
EK  0.00000127 ; 0.00000021 ; 275.627 ; 0.03 ; 19
EL1 0.000000138 ; 0.000000023 ; 302.502 ; 0.03 ; 19
EL2 0.0000000078 ; 0.0000000013 ; 302.829 ; 0.03 ; 19
EL3 0.0000000103 ; 0.0000000017 ; 303.1 ; 0.03 ; 19
EM  0.000000031 ; 0.000000005 ; 306.671 ; 0.03 ; 19
EN  0.0000000068 ; 0.0000000011 ; 307.347 ; 0.03 ; 19
GA  0.000228 ; 0.000027 ; 517.757 ; 0.033 ; 15
EK  0.00000144 ; 0.00000017 ; 485.944 ; 0.033 ; 15
EL1 0.00000016 ; 0.000000019 ; 512.819 ; 0.033 ; 15
EL2 0.0000000228 ; 0.0000000027 ; 513.146 ; 0.033 ; 15
EL3 0.0000000166 ; 0.000000002 ; 513.417 ; 0.033 ; 15
EM  0.0000000401 ; 0.0000000048 ; 516.988 ; 0.033 ; 15
EN  0.0000000087 ; 0.000000001 ; 517.664 ; 0.033 ; 15
GA  0.000037 ; 0.000012 ; 678.168 ; 0.042 ; 12
EK  0.00000013 ; 0.000000045 ; 646.356 ; 0.042 ; 12
EL1 0.000000015 ; 0.000000005 ; 673.231 ; 0.042 ; 12
EL2 0.00000000096 ; 0.00000000048 ; 673.558 ; 0.042 ; 12
EL3 0.00000000056 ; 0.00000000041 ; 673.829 ; 0.042 ; 12
EM  0.0000000033 ; 0.0000000011 ; 677.4 ; 0.042 ; 12
EN  0.00000000072 ; 0.00000000024 ; 678.076 ; 0.042 ; 12
GA  0.000915 ; 0.000014 ; 707.407 ; 0.03 ; 10
EK  0.000000975 ; 0.00000002 ; 675.595 ; 0.03 ; 10
EL1 0.0000001095 ; 0.0000000023 ; 702.47 ; 0.03 ; 10
EL2 0.00000000329 ; 0.00000000007 ; 702.797 ; 0.03 ; 10
EL3 0.0000000046 ; 0.0000000001 ; 703.068 ; 0.03 ; 10
EM  0.0000000232 ; 0.0000000005 ; 706.639 ; 0.03 ; 10
EN  0.00000000509 ; 0.00000000011 ; 707.315 ; 0.03 ; 10
GA  0.000121 ; 0.000008 ; 776.163 ; 0.034 ; 9
EK  0.00000027 ; 0.000000018 ; 744.352 ; 0.034 ; 9
EL1 0.0000000306 ; 0.0000000021 ; 771.227 ; 0.034 ; 9
EL2 0.00000000257 ; 0.00000000017 ; 771.554 ; 0.034 ; 9
EL3 0.00000000175 ; 0.00000000012 ; 771.825 ; 0.034 ; 9
EM  0.00000000697 ; 0.00000000047 ; 775.396 ; 0.034 ; 9
EN  0.00000000152 ; 0.0000000001 ; 776.072 ; 0.034 ; 9
GA  0.000181 ; 0.00001 ; 961.78 ; 0.07 ; 7
EK  0.000000281 ; 0.000000038 ; 929.97 ; 0.07 ; 7
EL1 0.0000000324 ; 0.0000000047 ; 956.84 ; 0.07 ; 7
EL2 0.00000000145 ; 0.00000000034 ; 957.17 ; 0.07 ; 7
EL3 0.00000000078 ; 0.00000000042 ; 957.44 ; 0.07 ; 7
EM  0.0000000069 ; 0.0000000008 ; 961.01 ; 0.07 ; 7
EN  0.00000000151 ; 0.00000000018 ; 961.69 ; 0.07 ; 7
GA  0.001068 ; 0.000022 ; 1675.595 ; 0.03 ; 3
EK  0.000000513 ; 0.000000044 ; 1643.793 ; 0.03 ; 3
EL1 0.000000059 ; 0.000000005 ; 1670.668 ; 0.03 ; 3
EL2 0.00000000155 ; 0.00000000014 ; 1670.995 ; 0.03 ; 3
EL3 0.00000000096 ; 0.00000000032 ; 1671.266 ; 0.03 ; 3
EM  0.0000000121 ; 0.000000001 ; 1674.837 ; 0.03 ; 3
EN  0.00000000267 ; 0.00000000022 ; 1675.513 ; 0.03 ; 3
GA  0.000522 ; 0.00001 ; 1752.526 ; 0.03 ; 2
EK  0.000000217 ; 0.000000009 ; 1720.725 ; 0.03 ; 2
EL1 0.0000000249 ; 0.000000001 ; 1747.6 ; 0.03 ; 2
EL2 0.000000000757 ; 0.000000000044 ; 1747.927 ; 0.03 ; 2
EL3 0.000000000534 ; 0.000000000014 ; 1748.198 ; 0.03 ; 2
EM  0.00000000517 ; 0.00000000023 ; 1751.769 ; 0.03 ; 2
EN  0.00000000114 ; 0.00000000005 ; 1752.445 ; 0.03 ; 2
COM -------------- Level Separator - T1/2 in seconds -------------
LED 2988.24 ; 0.05 ; 21 ;  ;  ; 27
GA  0.000025 ; 0.000006 ; 1662.72 ; 0.05 ; 3
EK  0.000000013 ; 0.0000000031 ; 1630.92 ; 0.05 ; 3
EL1 0.00000000152 ; 0.00000000036 ; 1657.79 ; 0.05 ; 3
EL2 0.000000000034 ; 0.000000000008 ; 1658.12 ; 0.05 ; 3
EL3 0.0000000000156 ; 0.0000000000037 ; 1658.39 ; 0.05 ; 3
EM  0.00000000031 ; 0.00000000007 ; 1661.96 ; 0.05 ; 3
EN  0.000000000068 ; 0.000000000016 ; 1662.64 ; 0.05 ; 3
GA  0.000153 ; 0.000026 ; 2385.49 ; 0.05 ; 1
EK  0.000000037 ; 0.000000006 ; 2353.7 ; 0.05 ; 1
EL1 0.0000000042 ; 0.0000000007 ; 2380.57 ; 0.05 ; 1
EL2 0.000000000081 ; 0.000000000014 ; 2380.9 ; 0.05 ; 1
EL3 0.00000000006 ; 0.000000000016 ; 2381.17 ; 0.05 ; 1
EM  0.00000000086 ; 0.00000000015 ; 2384.74 ; 0.05 ; 1
EN  0.000000000188 ; 0.000000000033 ; 2385.42 ; 0.05 ; 1
GA  0.000087 ; 0.000009 ; 2988.2 ; 0.05 ; 0
EK  0.0000000137 ; 0.0000000014 ; 2956.43 ; 0.05 ; 0
EL1 0.00000000157 ; 0.00000000017 ; 2983.3 ; 0.05 ; 0
EL2 0.000000000025 ; 0.0000000000027 ; 2983.63 ; 0.05 ; 0
EL3 0.0000000000218 ; 0.0000000000041 ; 2983.9 ; 0.05 ; 0
EM  0.000000000321 ; 0.000000000034 ; 2987.47 ; 0.05 ; 0
EN  0.00000000007 ; 0.000000000007 ; 2988.15 ; 0.05 ; 0
COM -------------- Level Separator - T1/2 in seconds -------------
LED 2945.59 ; 0.06 ; 7 ;  ;  ; 26
GA  0.00028 ; 0.000031 ; 491.52 ; 0.06 ; 14
EK  0.00000221 ; 0.00000025 ; 459.71 ; 0.06 ; 14
EL1 0.000000253 ; 0.000000028 ; 486.58 ; 0.06 ; 14
EL2 0.0000000232 ; 0.0000000026 ; 486.91 ; 0.06 ; 14
EL3 0.0000000144 ; 0.0000000016 ; 487.18 ; 0.06 ; 14
EM  0.000000058 ; 0.000000007 ; 490.75 ; 0.06 ; 14
EN  0.0000000127 ; 0.0000000014 ; 491.43 ; 0.06 ; 14
COM -------------- Level Separator - T1/2 in seconds -------------
LED 2886.05 ; 0.03 ; 70 ;  ;  ; 25
GA  0.000133 ; 0.000025 ; 402.688 ; 0.033 ; 15
EK  0.00000185 ; 0.00000035 ; 370.874 ; 0.033 ; 15
EL1 0.000000219 ; 0.000000041 ; 397.749 ; 0.033 ; 15
EL2 0.0000000101 ; 0.0000000019 ; 398.076 ; 0.033 ; 15
EL3 0.0000000027 ; 0.0000000005 ; 398.347 ; 0.033 ; 15
EM  0.000000046 ; 0.000000009 ; 401.918 ; 0.033 ; 15
EN  0.0000000101 ; 0.0000000019 ; 402.594 ; 0.033 ; 15
GA  0.00007 ; 0.00022 ; 551.019 ; 0.032 ; 13
EK  0.00000013 ; 0.0000004 ; 519.206 ; 0.032 ; 13
EL1 0.000000014 ; 0.000000045 ; 546.081 ; 0.032 ; 13
EL2 0.0000000005 ; 0.0000000017 ; 546.408 ; 0.032 ; 13
EL3 0.0000000007 ; 0.0000000022 ; 546.679 ; 0.032 ; 13
EM  0.000000003 ; 0.00000001 ; 550.25 ; 0.032 ; 13
EN  0.0000000007 ; 0.0000000021 ; 550.926 ; 0.032 ; 13
GA  0.001104 ; 0.000035 ; 592.337 ; 0.03 ; 10
EK  0.0000054 ; 0.0000006 ; 560.525 ; 0.03 ; 10
EL1 0.00000062 ; 0.00000008 ; 587.4 ; 0.03 ; 10
EL2 0.000000046 ; 0.00000002 ; 587.727 ; 0.03 ; 10
EL3 0.000000026 ; 0.00000002 ; 587.998 ; 0.03 ; 10
EM  0.000000139 ; 0.000000009 ; 591.569 ; 0.03 ; 10
EN  0.0000000303 ; 0.0000000021 ; 592.245 ; 0.03 ; 10
GA  0.000112 ; 0.000019 ; 661.094 ; 0.034 ; 9
EK  0.000000138 ; 0.000000023 ; 629.282 ; 0.034 ; 9
EL1 0.0000000155 ; 0.0000000026 ; 656.157 ; 0.034 ; 9
EL2 0.00000000049 ; 0.00000000008 ; 656.484 ; 0.034 ; 9
EL3 0.00000000068 ; 0.00000000012 ; 656.755 ; 0.034 ; 9
EM  0.0000000033 ; 0.0000000006 ; 660.326 ; 0.034 ; 9
EN  0.00000000072 ; 0.00000000012 ; 661.002 ; 0.034 ; 9
GA  0.000025 ; 0.000006 ; 794.444 ; 0.034 ; 8
EK  0.000000021 ; 0.000000005 ; 762.633 ; 0.034 ; 8
EL1 0.0000000024 ; 0.0000000006 ; 789.508 ; 0.034 ; 8
EL2 0.000000000064 ; 0.000000000016 ; 789.835 ; 0.034 ; 8
EL3 0.000000000092 ; 0.000000000022 ; 790.106 ; 0.034 ; 8
EM  0.0000000005 ; 0.00000000012 ; 793.677 ; 0.034 ; 8
EN  0.000000000109 ; 0.000000000026 ; 794.353 ; 0.034 ; 8
GA  0.00004 ; 0.000011 ; 846.71 ; 0.07 ; 7
EK  0.00000003 ; 0.000000008 ; 814.9 ; 0.07 ; 7
EL1 0.0000000033 ; 0.0000000009 ; 841.77 ; 0.07 ; 7
EL2 0.000000000086 ; 0.000000000024 ; 842.1 ; 0.07 ; 7
EL3 0.000000000124 ; 0.000000000034 ; 842.37 ; 0.07 ; 7
EM  0.0000000007 ; 0.00000000019 ; 845.94 ; 0.07 ; 7
EN  0.000000000153 ; 0.000000000042 ; 846.62 ; 0.07 ; 7
GA  0.00002 ; 0.00001 ; 928.144 ; 0.031 ; 6
EK  0.000000012 ; 0.000000006 ; 896.334 ; 0.031 ; 6
EL1 0.0000000014 ; 0.0000000007 ; 923.209 ; 0.031 ; 6
EL2 0.000000000033 ; 0.000000000017 ; 923.536 ; 0.031 ; 6
EL3 0.000000000049 ; 0.000000000025 ; 923.807 ; 0.031 ; 6
EM  0.00000000029 ; 0.00000000015 ; 927.378 ; 0.031 ; 6
EN  0.000000000064 ; 0.000000000032 ; 928.054 ; 0.031 ; 6
GA  0.001616 ; 0.00003 ; 1560.526 ; 0.03 ; 3
EK  0.00000045 ; 0.00000018 ; 1528.723 ; 0.03 ; 3
EL1 0.000000052 ; 0.000000021 ; 1555.598 ; 0.03 ; 3
EL2 0.000000001 ; 0.0000000008 ; 1555.925 ; 0.03 ; 3
EL3 0.00000000121 ; 0.0000000001 ; 1556.196 ; 0.03 ; 3
EM  0.0000000113 ; 0.0000000049 ; 1559.767 ; 0.03 ; 3
EN  0.0000000023 ; 0.0000000011 ; 1560.443 ; 0.03 ; 3
GA  0.002007 ; 0.000027 ; 1637.457 ; 0.03 ; 2
EK  0.00000045 ; 0.00000001 ; 1605.655 ; 0.03 ; 2
EL1 0.0000000508 ; 0.0000000011 ; 1632.53 ; 0.03 ; 2
EL2 0.000000000755 ; 0.000000000016 ; 1632.857 ; 0.03 ; 2
EL3 0.000000001325 ; 0.000000000027 ; 1633.128 ; 0.03 ; 2
EM  0.00000001046 ; 0.00000000021 ; 1636.699 ; 0.03 ; 2
EN  0.000000002296 ; 0.000000000045 ; 1637.375 ; 0.03 ; 2
GA  0.0065 ; 0.00008 ; 2283.3 ; 0.03 ; 1
EK  0.000000872 ; 0.000000018 ; 2251.509 ; 0.03 ; 1
EL1 0.0000000988 ; 0.0000000023 ; 2278.384 ; 0.03 ; 1
EL2 0.000000001138 ; 0.000000000035 ; 2278.711 ; 0.03 ; 1
EL3 0.000000002242 ; 0.000000000043 ; 2278.982 ; 0.03 ; 1
EM  0.00000002015 ; 0.00000000046 ; 2282.553 ; 0.03 ; 1
EN  0.00000000443 ; 0.0000000001 ; 2283.229 ; 0.03 ; 1
COM -------------- Level Separator - T1/2 in seconds -------------
LED 2858.9 ; 0.15 ; 7 ;  ;  ; 24
GA  0.000036 ; 0.000011 ; 2256.15 ; 0.15 ; 1
EK  0.0000000096 ; 0.000000003 ; 2224.36 ; 0.15 ; 1
EL1 0.0000000011 ; 0.00000000034 ; 2251.23 ; 0.15 ; 1
EL2 0.000000000022 ; 0.000000000007 ; 2251.56 ; 0.15 ; 1
EL3 0.000000000016 ; 0.000000000006 ; 2251.83 ; 0.15 ; 1
EM  0.00000000023 ; 0.00000000007 ; 2255.4 ; 0.15 ; 1
EN  0.00000000005 ; 0.000000000015 ; 2256.08 ; 0.15 ; 1
COM -------------- Level Separator - T1/2 in seconds -------------
LED 2834.898 ; 0.02 ; 63 ;  ;  ; 23
GA  0.000147 ; 0.000019 ; 351.536 ; 0.024 ; 15
EK  0.0000008 ; 0.0000001 ; 319.722 ; 0.024 ; 15
EL1 0.000000088 ; 0.000000011 ; 346.597 ; 0.024 ; 15
EL2 0.0000000045 ; 0.0000000006 ; 346.924 ; 0.024 ; 15
EL3 0.000000006 ; 0.0000000008 ; 347.195 ; 0.024 ; 15
EM  0.0000000195 ; 0.0000000025 ; 350.766 ; 0.024 ; 15
EN  0.0000000042 ; 0.0000000006 ; 351.442 ; 0.024 ; 15
GA  0.002067 ; 0.000032 ; 541.186 ; 0.02 ; 10
EK  0.0000128 ; 0.0000013 ; 509.373 ; 0.02 ; 10
EL1 0.00000147 ; 0.00000019 ; 536.248 ; 0.02 ; 10
EL2 0.00000012 ; 0.00000006 ; 536.575 ; 0.02 ; 10
EL3 0.00000006 ; 0.00000006 ; 536.846 ; 0.02 ; 10
EM  0.000000331 ; 0.000000013 ; 540.417 ; 0.02 ; 10
EN  0.0000000721 ; 0.0000000035 ; 541.093 ; 0.02 ; 10
GA  0.001493 ; 0.000022 ; 609.942 ; 0.025 ; 9
EK  0.000002192 ; 0.000000045 ; 578.13 ; 0.025 ; 9
EL1 0.0000002453 ; 0.000000005 ; 605.005 ; 0.025 ; 9
EL2 0.0000000083 ; 0.00000000017 ; 605.332 ; 0.025 ; 9
EL3 0.00000001138 ; 0.00000000023 ; 605.603 ; 0.025 ; 9
EM  0.0000000526 ; 0.0000000011 ; 609.174 ; 0.025 ; 9
EN  0.00000001148 ; 0.00000000024 ; 609.85 ; 0.025 ; 9
GA  0.000128 ; 0.000008 ; 743.293 ; 0.026 ; 8
EK  0.000000123 ; 0.000000008 ; 711.481 ; 0.026 ; 8
EL1 0.0000000138 ; 0.0000000009 ; 738.356 ; 0.026 ; 8
EL2 0.000000000399 ; 0.000000000026 ; 738.683 ; 0.026 ; 8
EL3 0.000000000562 ; 0.000000000036 ; 738.954 ; 0.026 ; 8
EM  0.00000000293 ; 0.00000000019 ; 742.525 ; 0.026 ; 8
EN  0.000000000641 ; 0.000000000041 ; 743.201 ; 0.026 ; 8
GA  0.000366 ; 0.00001 ; 795.56 ; 0.06 ; 7
EK  0.000000306 ; 0.000000009 ; 763.75 ; 0.06 ; 7
EL1 0.0000000344 ; 0.0000000011 ; 790.62 ; 0.06 ; 7
EL2 0.000000000941 ; 0.00000000003 ; 790.95 ; 0.06 ; 7
EL3 0.00000000134 ; 0.000000000043 ; 791.22 ; 0.06 ; 7
EM  0.00000000725 ; 0.00000000023 ; 794.79 ; 0.06 ; 7
EN  0.000000001591 ; 0.00000000005 ; 795.47 ; 0.06 ; 7
GA  0.000226 ; 0.000009 ; 876.993 ; 0.022 ; 6
EK  0.000000155 ; 0.000000007 ; 845.182 ; 0.022 ; 6
EL1 0.0000000175 ; 0.0000000007 ; 872.057 ; 0.022 ; 6
EL2 0.000000000441 ; 0.000000000019 ; 872.384 ; 0.022 ; 6
EL3 0.00000000064 ; 0.000000000027 ; 872.655 ; 0.022 ; 6
EM  0.00000000368 ; 0.00000000016 ; 876.226 ; 0.022 ; 6
EN  0.000000000807 ; 0.000000000034 ; 876.902 ; 0.022 ; 6
GA  0.0316 ; 0.00026 ; 1509.375 ; 0.02 ; 3
EK  0.00000809 ; 0.00000014 ; 1477.571 ; 0.02 ; 3
EL1 0.000000916 ; 0.000000015 ; 1504.446 ; 0.02 ; 3
EL2 0.00000001457 ; 0.00000000025 ; 1504.773 ; 0.02 ; 3
EL3 0.00000002477 ; 0.0000000004 ; 1505.044 ; 0.02 ; 3
EM  0.0000001887 ; 0.0000000032 ; 1508.615 ; 0.02 ; 3
EN  0.0000000414 ; 0.0000000007 ; 1509.291 ; 0.02 ; 3
GA  0.00009 ; 0.00003 ; 1586.306 ; 0.02 ; 2
EK  0.000000022 ; 0.000000007 ; 1554.503 ; 0.02 ; 2
EL1 0.0000000025 ; 0.0000000008 ; 1581.378 ; 0.02 ; 2
EL2 0.00000000004 ; 0.000000000014 ; 1581.705 ; 0.02 ; 2
EL3 0.000000000064 ; 0.000000000021 ; 1581.976 ; 0.02 ; 2
EM  0.00000000051 ; 0.00000000017 ; 1585.547 ; 0.02 ; 2
EN  0.000000000114 ; 0.000000000038 ; 1586.223 ; 0.02 ; 2
GA  0.00579 ; 0.00029 ; 2232.149 ; 0.02 ; 1
EK  0.000000799 ; 0.000000049 ; 2200.357 ; 0.02 ; 1
EL1 0.00000009 ; 0.000000006 ; 2227.232 ; 0.02 ; 1
EL2 0.00000000104 ; 0.00000000012 ; 2227.559 ; 0.02 ; 1
EL3 0.00000000208 ; 0.00000000011 ; 2227.83 ; 0.02 ; 1
EM  0.0000000184 ; 0.0000000012 ; 2231.401 ; 0.02 ; 1
EN  0.00000000405 ; 0.00000000026 ; 2232.077 ; 0.02 ; 1
COM -------------- Level Separator - T1/2 in seconds -------------
LED 2817.48 ; 0.11 ; 7 ;  ;  ; 22
GA  0.00006 ; 0.00001 ; 2214.73 ; 0.11 ; 1
EK  0.0000000165 ; 0.0000000029 ; 2182.94 ; 0.11 ; 1
EL1 0.0000000019 ; 0.00000000033 ; 2209.81 ; 0.11 ; 1
EL2 0.000000000039 ; 0.000000000007 ; 2210.14 ; 0.11 ; 1
EL3 0.000000000028 ; 0.000000000008 ; 2210.41 ; 0.11 ; 1
EM  0.00000000039 ; 0.00000000007 ; 2213.98 ; 0.11 ; 1
EN  0.000000000086 ; 0.000000000015 ; 2214.66 ; 0.11 ; 1
COM -------------- Level Separator - T1/2 in seconds -------------
LED 2747.04 ; 0.04 ; 14 ;  ;  ; 21
GA  0.001027 ; 0.000014 ; 2144.293 ; 0.04 ; 1
EK  0.0000001499 ; 0.000000003 ; 2112.499 ; 0.04 ; 1
EL1 0.00000001695 ; 0.00000000033 ; 2139.374 ; 0.04 ; 1
EL2 0.0000000002013 ; 0.0000000000041 ; 2139.701 ; 0.04 ; 1
EL3 0.000000000397 ; 0.000000000008 ; 2139.972 ; 0.04 ; 1
EM  0.00000000347 ; 0.00000000007 ; 2143.543 ; 0.04 ; 1
EN  0.000000000761 ; 0.000000000015 ; 2144.219 ; 0.04 ; 1
GA  0.00495 ; 0.00012 ; 2747.008 ; 0.04 ; 0
EK  0.000000891 ; 0.000000026 ; 2715.226 ; 0.04 ; 0
EL1 0.0000001015 ; 0.0000000029 ; 2742.101 ; 0.04 ; 0
EL2 0.00000000184 ; 0.00000000005 ; 2742.428 ; 0.04 ; 0
EL3 0.000000001668 ; 0.000000000047 ; 2742.699 ; 0.04 ; 0
EM  0.0000000208 ; 0.0000000006 ; 2746.27 ; 0.04 ; 0
EN  0.00000000457 ; 0.00000000013 ; 2746.946 ; 0.04 ; 0
COM -------------- Level Separator - T1/2 in seconds -------------
LED 2701.61 ; 0.03 ; 21 ;  ;  ; 20
GA  0.000533 ; 0.000013 ; 662.27 ; 0.07 ; 7
EK  0.000000654 ; 0.000000019 ; 630.46 ; 0.07 ; 7
EL1 0.0000000733 ; 0.0000000021 ; 657.33 ; 0.07 ; 7
EL2 0.00000000232 ; 0.00000000007 ; 657.66 ; 0.07 ; 7
EL3 0.00000000322 ; 0.00000000009 ; 657.93 ; 0.07 ; 7
EM  0.00000001562 ; 0.00000000046 ; 661.5 ; 0.07 ; 7
EN  0.00000000342 ; 0.0000000001 ; 662.18 ; 0.07 ; 7
GA  0.01751 ; 0.00012 ; 1376.089 ; 0.03 ; 3
EK  0.00000525 ; 0.00000009 ; 1344.283 ; 0.03 ; 3
EL1 0.000000594 ; 0.000000011 ; 1371.158 ; 0.03 ; 3
EL2 0.00000001021 ; 0.00000000025 ; 1371.485 ; 0.03 ; 3
EL3 0.00000001681 ; 0.00000000027 ; 1371.756 ; 0.03 ; 3
EM  0.0000001227 ; 0.0000000023 ; 1375.327 ; 0.03 ; 3
EN  0.00000002694 ; 0.00000000048 ; 1376.003 ; 0.03 ; 3
GA  0.001515 ; 0.00001 ; 2098.864 ; 0.03 ; 1
EK  0.0000002286 ; 0.0000000037 ; 2067.069 ; 0.03 ; 1
EL1 0.00000002583 ; 0.0000000004 ; 2093.944 ; 0.03 ; 1
EL2 0.0000000003121 ; 0.000000000005 ; 2094.271 ; 0.03 ; 1
EL3 0.000000000611 ; 0.00000000001 ; 2094.542 ; 0.03 ; 1
EM  0.00000000529 ; 0.00000000008 ; 2098.113 ; 0.03 ; 1
EN  0.000000001162 ; 0.000000000018 ; 2098.789 ; 0.03 ; 1
COM -------------- Level Separator - T1/2 in seconds -------------
LED 2693.679 ; 0.005 ; 42 ;  ;  ; 19
GA  0.000025 ; 0.000012 ; 370.729 ; 0.03 ; 12
EK  0.00000012 ; 0.00000006 ; 338.915 ; 0.03 ; 12
EL1 0.000000013 ; 0.000000006 ; 365.79 ; 0.03 ; 12
EL2 0.00000000065 ; 0.00000000031 ; 366.117 ; 0.03 ; 12
EL3 0.00000000086 ; 0.00000000041 ; 366.388 ; 0.03 ; 12
EM  0.0000000029 ; 0.0000000014 ; 369.959 ; 0.03 ; 12
EN  0.00000000063 ; 0.0000000003 ; 370.635 ; 0.03 ; 12
GA  0.000075 ; 0.000044 ; 468.725 ; 0.016 ; 9
EK  0.0000002 ; 0.00000012 ; 436.911 ; 0.016 ; 9
EL1 0.000000022 ; 0.000000013 ; 463.786 ; 0.016 ; 9
EL2 0.0000000009 ; 0.0000000005 ; 464.113 ; 0.016 ; 9
EL3 0.0000000012 ; 0.0000000007 ; 464.384 ; 0.016 ; 9
EM  0.0000000049 ; 0.0000000029 ; 467.955 ; 0.016 ; 9
EN  0.0000000011 ; 0.0000000006 ; 468.631 ; 0.016 ; 9
GA  0.00006 ; 0.00001 ; 735.775 ; 0.009 ; 6
EK  0.000000059 ; 0.00000001 ; 703.963 ; 0.009 ; 6
EL1 0.0000000066 ; 0.0000000011 ; 730.838 ; 0.009 ; 6
EL2 0.000000000193 ; 0.000000000032 ; 731.165 ; 0.009 ; 6
EL3 0.000000000271 ; 0.000000000045 ; 731.436 ; 0.009 ; 6
EM  0.0000000014 ; 0.00000000024 ; 735.007 ; 0.009 ; 6
EN  0.00000000031 ; 0.00000000005 ; 735.683 ; 0.009 ; 6
GA  0.002926 ; 0.000026 ; 1368.158 ; 0.006 ; 3
EK  0.000000887 ; 0.000000017 ; 1336.352 ; 0.006 ; 3
EL1 0.0000001004 ; 0.0000000017 ; 1363.227 ; 0.006 ; 3
EL2 0.000000001738 ; 0.000000000033 ; 1363.554 ; 0.006 ; 3
EL3 0.000000002844 ; 0.000000000048 ; 1363.825 ; 0.006 ; 3
EM  0.00000002075 ; 0.00000000035 ; 1367.396 ; 0.006 ; 3
EN  0.00000000455 ; 0.00000000008 ; 1368.072 ; 0.006 ; 3
GA  0.000372 ; 0.000015 ; 1445.089 ; 0.006 ; 2
EK  0.000000108 ; 0.000000016 ; 1413.284 ; 0.006 ; 2
EL1 0.0000000123 ; 0.0000000016 ; 1440.159 ; 0.006 ; 2
EL2 0.00000000022 ; 0.00000000006 ; 1440.486 ; 0.006 ; 2
EL3 0.000000000323 ; 0.000000000015 ; 1440.757 ; 0.006 ; 2
EM  0.00000000249 ; 0.00000000031 ; 1444.328 ; 0.006 ; 2
EN  0.00000000055 ; 0.00000000007 ; 1445.004 ; 0.006 ; 2
GA  0.00596 ; 0.00006 ; 2090.933 ; 0.005 ; 1
EK  0.000000907 ; 0.000000016 ; 2059.138 ; 0.005 ; 1
EL1 0.0000001025 ; 0.0000000021 ; 2086.013 ; 0.005 ; 1
EL2 0.000000001252 ; 0.000000000032 ; 2086.34 ; 0.005 ; 1
EL3 0.00000000242 ; 0.000000000043 ; 2086.611 ; 0.005 ; 1
EM  0.00000002098 ; 0.00000000042 ; 2090.182 ; 0.005 ; 1
EN  0.00000000461 ; 0.00000000009 ; 2090.858 ; 0.005 ; 1
COM -------------- Level Separator - T1/2 in seconds -------------
LED 2681.46 ; 0.04 ; 14 ;  ;  ; 18
GA  0.003556 ; 0.000043 ; 2078.714 ; 0.04 ; 1
EK  0.000001163 ; 0.000000023 ; 2046.919 ; 0.04 ; 1
EL1 0.0000001348 ; 0.0000000027 ; 2073.794 ; 0.04 ; 1
EL2 0.00000000262 ; 0.00000000005 ; 2074.121 ; 0.04 ; 1
EL3 0.000000001447 ; 0.000000000028 ; 2074.392 ; 0.04 ; 1
EM  0.0000000275 ; 0.0000000005 ; 2077.963 ; 0.04 ; 1
EN  0.00000000605 ; 0.00000000011 ; 2078.639 ; 0.04 ; 1
GA  0.000312 ; 0.000018 ; 2681.429 ; 0.04 ; 0
EK  0.0000000583 ; 0.0000000035 ; 2649.646 ; 0.04 ; 0
EL1 0.00000000668 ; 0.0000000004 ; 2676.521 ; 0.04 ; 0
EL2 0.000000000124 ; 0.000000000007 ; 2676.848 ; 0.04 ; 0
EL3 0.000000000111 ; 0.000000000007 ; 2677.119 ; 0.04 ; 0
EM  0.00000000137 ; 0.00000000008 ; 2680.69 ; 0.04 ; 0
EN  0.000000000301 ; 0.000000000018 ; 2681.366 ; 0.04 ; 0
COM -------------- Level Separator - T1/2 in seconds -------------
LED 2641.15 ; 0.07 ; 28 ;  ;  ; 17
GA  0.000143 ; 0.000031 ; 983.86 ; 0.07 ; 4
EK  0.000000185 ; 0.00000004 ; 952.06 ; 0.07 ; 4
EL1 0.0000000211 ; 0.0000000046 ; 978.93 ; 0.07 ; 4
EL2 0.0000000013 ; 0.00000000028 ; 979.26 ; 0.07 ; 4
EL3 0.00000000087 ; 0.00000000019 ; 979.53 ; 0.07 ; 4
EM  0.0000000046 ; 0.000000001 ; 983.1 ; 0.07 ; 4
EN  0.00000000101 ; 0.00000000022 ; 983.78 ; 0.07 ; 4
GA  0.000288 ; 0.000012 ; 1315.63 ; 0.07 ; 3
EK  0.000000226 ; 0.00000001 ; 1283.83 ; 0.07 ; 3
EL1 0.000000026 ; 0.0000000011 ; 1310.7 ; 0.07 ; 3
EL2 0.000000000861 ; 0.000000000039 ; 1311.03 ; 0.07 ; 3
EL3 0.000000000483 ; 0.000000000021 ; 1311.3 ; 0.07 ; 3
EM  0.00000000544 ; 0.00000000024 ; 1314.87 ; 0.07 ; 3
EN  0.00000000119 ; 0.00000000005 ; 1315.55 ; 0.07 ; 3
GA  0.00014 ; 0.00003 ; 1392.56 ; 0.07 ; 2
EK  0.000000088 ; 0.000000019 ; 1360.76 ; 0.07 ; 2
EL1 0.0000000101 ; 0.0000000022 ; 1387.63 ; 0.07 ; 2
EL2 0.00000000039 ; 0.00000000008 ; 1387.96 ; 0.07 ; 2
EL3 0.00000000027 ; 0.00000000006 ; 1388.23 ; 0.07 ; 2
EM  0.00000000213 ; 0.00000000046 ; 1391.8 ; 0.07 ; 2
EN  0.00000000047 ; 0.0000000001 ; 1392.48 ; 0.07 ; 2
GA  0.003443 ; 0.000047 ; 2038.41 ; 0.07 ; 1
EK  0.00000111 ; 0.00000007 ; 2006.61 ; 0.07 ; 1
EL1 0.000000128 ; 0.000000008 ; 2033.48 ; 0.07 ; 1
EL2 0.00000000282 ; 0.00000000018 ; 2033.81 ; 0.07 ; 1
EL3 0.00000000189 ; 0.00000000048 ; 2034.08 ; 0.07 ; 1
EM  0.0000000262 ; 0.0000000018 ; 2037.65 ; 0.07 ; 1
EN  0.00000000577 ; 0.00000000035 ; 2038.33 ; 0.07 ; 1
COM -------------- Level Separator - T1/2 in seconds -------------
LED 2521.33 ; 0.03 ; 14 ;  ;  ; 16
GA  0.000038 ; 0.000018 ; 1195.811 ; 0.03 ; 3
EK  0.000000036 ; 0.000000018 ; 1164.003 ; 0.03 ; 3
EL1 0.0000000042 ; 0.0000000021 ; 1190.878 ; 0.03 ; 3
EL2 0.00000000015 ; 0.00000000008 ; 1191.205 ; 0.03 ; 3
EL3 0.00000000008 ; 0.00000000005 ; 1191.476 ; 0.03 ; 3
EM  0.00000000089 ; 0.00000000043 ; 1195.047 ; 0.03 ; 3
EN  0.00000000019 ; 0.00000000009 ; 1195.723 ; 0.03 ; 3
GA  0.001671 ; 0.000027 ; 1918.587 ; 0.03 ; 1
EK  0.000000647 ; 0.000000014 ; 1886.789 ; 0.03 ; 1
EL1 0.0000000749 ; 0.0000000017 ; 1913.664 ; 0.03 ; 1
EL2 0.000000001531 ; 0.000000000033 ; 1913.991 ; 0.03 ; 1
EL3 0.000000000784 ; 0.000000000017 ; 1914.262 ; 0.03 ; 1
EM  0.00000001531 ; 0.00000000033 ; 1917.833 ; 0.03 ; 1
EN  0.00000000338 ; 0.00000000008 ; 1918.509 ; 0.03 ; 1
COM -------------- Level Separator - T1/2 in seconds -------------
LED 2483.362 ; 0.013 ; 14 ;  ;  ; 15
GA  0.000366 ; 0.000027 ; 444.02 ; 0.06 ; 7
EK  0.00000356 ; 0.00000027 ; 412.21 ; 0.06 ; 7
EL1 0.000000393 ; 0.00000003 ; 439.08 ; 0.06 ; 7
EL2 0.000000068 ; 0.000000005 ; 439.41 ; 0.06 ; 7
EL3 0.0000000515 ; 0.0000000039 ; 439.68 ; 0.06 ; 7
EM  0.000000103 ; 0.000000008 ; 443.25 ; 0.06 ; 7
EN  0.0000000222 ; 0.0000000017 ; 443.93 ; 0.06 ; 7
GA  0.000281 ; 0.00003 ; 525.459 ; 0.015 ; 6
EK  0.00000185 ; 0.00000026 ; 493.646 ; 0.015 ; 6
EL1 0.000000214 ; 0.000000034 ; 520.521 ; 0.015 ; 6
EL2 0.000000017 ; 0.000000009 ; 520.848 ; 0.015 ; 6
EL3 0.000000011 ; 0.000000009 ; 521.119 ; 0.015 ; 6
EM  0.000000049 ; 0.000000005 ; 524.69 ; 0.015 ; 6
EN  0.0000000106 ; 0.0000000012 ; 525.366 ; 0.015 ; 6
COM -------------- Level Separator - T1/2 in seconds -------------
LED 2454.069 ; 0.021 ; 35 ;  ;  ; 14
GA  0.000037 ; 0.000019 ; 796.783 ; 0.03 ; 4
EK  0.000000078 ; 0.00000004 ; 764.972 ; 0.03 ; 4
EL1 0.0000000088 ; 0.0000000045 ; 791.847 ; 0.03 ; 4
EL2 0.00000000071 ; 0.00000000037 ; 792.174 ; 0.03 ; 4
EL3 0.00000000048 ; 0.00000000025 ; 792.445 ; 0.03 ; 4
EM  0.000000002 ; 0.000000001 ; 796.016 ; 0.03 ; 4
EN  0.00000000043 ; 0.00000000022 ; 796.692 ; 0.03 ; 4
GA  0.000452 ; 0.000007 ; 1128.55 ; 0.021 ; 3
EK  0.00000049 ; 0.00000006 ; 1096.742 ; 0.021 ; 3
EL1 0.000000057 ; 0.000000007 ; 1123.617 ; 0.021 ; 3
EL2 0.00000000217 ; 0.00000000041 ; 1123.944 ; 0.021 ; 3
EL3 0.0000000012 ; 0.0000000005 ; 1124.215 ; 0.021 ; 3
EM  0.0000000118 ; 0.0000000014 ; 1127.786 ; 0.021 ; 3
EN  0.00000000261 ; 0.00000000031 ; 1128.462 ; 0.021 ; 3
GA  0.000224 ; 0.000031 ; 1205.482 ; 0.021 ; 2
EK  0.000000188 ; 0.000000026 ; 1173.674 ; 0.021 ; 2
EL1 0.0000000215 ; 0.000000003 ; 1200.549 ; 0.021 ; 2
EL2 0.00000000101 ; 0.00000000014 ; 1200.876 ; 0.021 ; 2
EL3 0.00000000069 ; 0.0000000001 ; 1201.147 ; 0.021 ; 2
EM  0.0000000046 ; 0.0000000006 ; 1204.718 ; 0.021 ; 2
EN  0.00000000101 ; 0.00000000014 ; 1205.394 ; 0.021 ; 2
GA  0.002122 ; 0.000022 ; 1851.327 ; 0.021 ; 1
EK  0.00000159 ; 0.00000026 ; 1819.528 ; 0.021 ; 1
EL1 0.000000187 ; 0.00000003 ; 1846.403 ; 0.021 ; 1
EL2 0.0000000074 ; 0.0000000009 ; 1846.73 ; 0.021 ; 1
EL3 0.0000000023 ; 0.0000000008 ; 1847.001 ; 0.021 ; 1
EM  0.000000038 ; 0.000000006 ; 1850.572 ; 0.021 ; 1
EN  0.0000000085 ; 0.0000000014 ; 1851.248 ; 0.021 ; 1
GA  0.000538 ; 0.000028 ; 2454.043 ; 0.021 ; 0
EK  0.000000118 ; 0.000000006 ; 2422.255 ; 0.021 ; 0
EL1 0.0000000134 ; 0.0000000007 ; 2449.13 ; 0.021 ; 0
EL2 0.000000000274 ; 0.000000000015 ; 2449.457 ; 0.021 ; 0
EL3 0.000000000233 ; 0.000000000013 ; 2449.728 ; 0.021 ; 0
EM  0.00000000276 ; 0.00000000015 ; 2453.299 ; 0.021 ; 0
EN  0.000000000607 ; 0.000000000033 ; 2453.975 ; 0.021 ; 0
COM -------------- Level Separator - T1/2 in seconds -------------
LED 2335.03 ; 0.01 ; 7 ;  ;  ; 13
GA  0.000153 ; 0.000012 ; 1086.444 ; 0.01 ; 2
EK  0.00000007 ; 0.000000006 ; 1054.635 ; 0.01 ; 2
EL1 0.0000000079 ; 0.0000000006 ; 1081.51 ; 0.01 ; 2
EL2 0.000000000166 ; 0.000000000013 ; 1081.837 ; 0.01 ; 2
EL3 0.000000000254 ; 0.00000000002 ; 1082.108 ; 0.01 ; 2
EM  0.00000000164 ; 0.00000000013 ; 1085.679 ; 0.01 ; 2
EN  0.000000000361 ; 0.000000000029 ; 1086.355 ; 0.01 ; 2
COM -------------- Level Separator - T1/2 in seconds -------------
LED 2322.95 ; 0.03 ; 14 ;  ;  ; 12
GA  0.00026 ; 0.00002 ; 997.433 ; 0.03 ; 3
EK  0.00000037 ; 0.00000005 ; 965.623 ; 0.03 ; 3
EL1 0.000000043 ; 0.000000007 ; 992.498 ; 0.03 ; 3
EL2 0.00000000185 ; 0.00000000044 ; 992.825 ; 0.03 ; 3
EL3 0.000000001 ; 0.0000000005 ; 993.096 ; 0.03 ; 3
EM  0.0000000091 ; 0.0000000013 ; 996.667 ; 0.03 ; 3
EN  0.00000000199 ; 0.00000000028 ; 997.343 ; 0.03 ; 3
GA  0.001934 ; 0.000036 ; 1720.21 ; 0.03 ; 1
EK  0.000000936 ; 0.000000026 ; 1688.409 ; 0.03 ; 1
EL1 0.0000001085 ; 0.0000000031 ; 1715.284 ; 0.03 ; 1
EL2 0.0000000024 ; 0.00000000007 ; 1715.611 ; 0.03 ; 1
EL3 0.00000000116 ; 0.0000000001 ; 1715.882 ; 0.03 ; 1
EM  0.0000000222 ; 0.0000000006 ; 1719.453 ; 0.03 ; 1
EN  0.00000000489 ; 0.00000000014 ; 1720.129 ; 0.03 ; 1
COM -------------- Level Separator - T1/2 in seconds -------------
LED 2308.42 ; 0.09 ; 7 ;  ;  ; 11
GA  0.000092 ; 0.000015 ; 1705.68 ; 0.09 ; 1
EK  0.000000039 ; 0.000000006 ; 1673.88 ; 0.09 ; 1
EL1 0.0000000045 ; 0.0000000007 ; 1700.75 ; 0.09 ; 1
EL2 0.000000000137 ; 0.000000000022 ; 1701.08 ; 0.09 ; 1
EL3 0.0000000001 ; 0.000000000016 ; 1701.35 ; 0.09 ; 1
EM  0.00000000093 ; 0.00000000015 ; 1704.92 ; 0.09 ; 1
EN  0.000000000205 ; 0.000000000034 ; 1705.6 ; 0.09 ; 1
COM -------------- Level Separator - T1/2 in seconds -------------
LED 2293.711 ; 0.003 ; 35 ;  ;  ; 10
GA  0.000175 ; 0.000025 ; 335.809 ; 0.009 ; 6
EK  0.00000107 ; 0.00000015 ; 303.995 ; 0.009 ; 6
EL1 0.000000117 ; 0.000000017 ; 330.87 ; 0.009 ; 6
EL2 0.0000000062 ; 0.0000000009 ; 331.197 ; 0.009 ; 6
EL3 0.0000000082 ; 0.0000000012 ; 331.468 ; 0.009 ; 6
EM  0.0000000261 ; 0.0000000038 ; 335.039 ; 0.009 ; 6
EN  0.0000000057 ; 0.0000000008 ; 335.715 ; 0.009 ; 6
GA  0.004375 ; 0.000035 ; 968.1939 ; 0.0038 ; 3
EK  0.000002489 ; 0.000000044 ; 936.3841 ; 0.0038 ; 3
EL1 0.00000028 ; 0.000000005 ; 963.2587 ; 0.0038 ; 3
EL2 0.00000000652 ; 0.00000000018 ; 963.5859 ; 0.0038 ; 3
EL3 0.00000000963 ; 0.00000000019 ; 963.8565 ; 0.0038 ; 3
EM  0.0000000588 ; 0.0000000011 ; 967.4281 ; 0.0038 ; 3
EN  0.00000001286 ; 0.00000000026 ; 968.1042 ; 0.0038 ; 3
GA  0.004264 ; 0.000036 ; 1045.1252 ; 0.0039 ; 2
EK  0.000002106 ; 0.000000042 ; 1013.3161 ; 0.0039 ; 2
EL1 0.0000002375 ; 0.0000000047 ; 1040.1907 ; 0.0039 ; 2
EL2 0.0000000052 ; 0.00000000018 ; 1040.5179 ; 0.0039 ; 2
EL3 0.0000000078 ; 0.00000000014 ; 1040.7885 ; 0.0039 ; 2
EM  0.0000000496 ; 0.000000001 ; 1044.3601 ; 0.0039 ; 2
EN  0.00000001088 ; 0.00000000021 ; 1045.0362 ; 0.0039 ; 2
GA  0.1089 ; 0.0007 ; 1690.9716 ; 0.0037 ; 1
EK  0.0000232 ; 0.00000036 ; 1659.1701 ; 0.0037 ; 1
EL1 0.000002614 ; 0.000000047 ; 1686.0447 ; 0.0037 ; 1
EL2 0.0000000378 ; 0.0000000006 ; 1686.3719 ; 0.0037 ; 1
EL3 0.0000000673 ; 0.0000000011 ; 1686.6425 ; 0.0037 ; 1
EM  0.000000538 ; 0.000000008 ; 1690.2141 ; 0.0037 ; 1
EN  0.0000001182 ; 0.0000000019 ; 1690.8902 ; 0.0037 ; 1
GA  0.000104 ; 0.00002 ; 2293.6884 ; 0.003 ; 0
EK  0.00000009 ; 0.000000017 ; 2261.8972 ; 0.003 ; 0
EL1 0.0000000107 ; 0.0000000021 ; 2288.7718 ; 0.003 ; 0
EL2 0.00000000038 ; 0.00000000007 ; 2289.099 ; 0.003 ; 0
EL3 0.000000000082 ; 0.000000000016 ; 2289.3696 ; 0.003 ; 0
EM  0.00000000224 ; 0.00000000043 ; 2292.9412 ; 0.003 ; 0
EN  0.00000000049 ; 0.00000000009 ; 2293.6173 ; 0.003 ; 0
COM -------------- Level Separator - T1/2 in seconds -------------
LED 2224.954 ; 0.015 ; 21 ;  ;  ; 9
GA  0.000221 ; 0.000009 ; 899.437 ; 0.015 ; 3
EK  0.00000035 ; 0.000000015 ; 867.627 ; 0.015 ; 3
EL1 0.0000000398 ; 0.0000000018 ; 894.502 ; 0.015 ; 3
EL2 0.00000000275 ; 0.00000000012 ; 894.829 ; 0.015 ; 3
EL3 0.00000000185 ; 0.00000000008 ; 895.1 ; 0.015 ; 3
EM  0.00000000886 ; 0.00000000038 ; 898.671 ; 0.015 ; 3
EN  0.00000000193 ; 0.00000000008 ; 899.347 ; 0.015 ; 3
GA  0.000996 ; 0.000023 ; 976.369 ; 0.015 ; 2
EK  0.000001554 ; 0.000000047 ; 944.559 ; 0.015 ; 2
EL1 0.00000018 ; 0.000000005 ; 971.434 ; 0.015 ; 2
EL2 0.00000000699 ; 0.00000000023 ; 971.761 ; 0.015 ; 2
EL3 0.00000000334 ; 0.00000000019 ; 972.032 ; 0.015 ; 2
EM  0.0000000379 ; 0.0000000011 ; 975.603 ; 0.015 ; 2
EN  0.00000000833 ; 0.00000000023 ; 976.279 ; 0.015 ; 2
GA  0.000484 ; 0.000016 ; 1622.216 ; 0.015 ; 1
EK  0.000000226 ; 0.000000008 ; 1590.413 ; 0.015 ; 1
EL1 0.0000000258 ; 0.0000000009 ; 1617.288 ; 0.015 ; 1
EL2 0.000000000842 ; 0.00000000003 ; 1617.615 ; 0.015 ; 1
EL3 0.000000000608 ; 0.000000000022 ; 1617.886 ; 0.015 ; 1
EM  0.00000000541 ; 0.00000000019 ; 1621.457 ; 0.015 ; 1
EN  0.000000001186 ; 0.000000000043 ; 1622.133 ; 0.015 ; 1
COM -------------- Level Separator - T1/2 in seconds -------------
LED 2091.603 ; 0.017 ; 14 ;  ;  ; 8
GA  0.000048 ; 0.000012 ; 766.087 ; 0.017 ; 3
EK  0.000000125 ; 0.000000037 ; 734.276 ; 0.017 ; 3
EL1 0.0000000144 ; 0.0000000043 ; 761.151 ; 0.017 ; 3
EL2 0.00000000082 ; 0.00000000035 ; 761.478 ; 0.017 ; 3
EL3 0.00000000043 ; 0.00000000031 ; 761.749 ; 0.017 ; 3
EM  0.0000000031 ; 0.0000000008 ; 765.32 ; 0.017 ; 3
EN  0.00000000069 ; 0.00000000019 ; 765.996 ; 0.017 ; 3
GA  0.001984 ; 0.000038 ; 1488.866 ; 0.017 ; 1
EK  0.000001307 ; 0.000000037 ; 1457.062 ; 0.017 ; 1
EL1 0.000000152 ; 0.0000000045 ; 1483.937 ; 0.017 ; 1
EL2 0.00000000365 ; 0.00000000012 ; 1484.264 ; 0.017 ; 1
EL3 0.00000000157 ; 0.00000000016 ; 1484.535 ; 0.017 ; 1
EM  0.0000000311 ; 0.0000000008 ; 1488.106 ; 0.017 ; 1
EN  0.00000000685 ; 0.0000000002 ; 1488.782 ; 0.017 ; 1
COM -------------- Level Separator - T1/2 in seconds -------------
LED 2039.34 ; 0.06 ; 21 ;  ;  ; 7
GA  0.000768 ; 0.000016 ; 713.82 ; 0.06 ; 3
EK  0.0000021 ; 0.00000005 ; 682.02 ; 0.06 ; 3
EL1 0.000000237 ; 0.000000006 ; 708.89 ; 0.06 ; 3
EL2 0.0000000223 ; 0.0000000006 ; 709.22 ; 0.06 ; 3
EL3 0.00000001528 ; 0.00000000039 ; 709.49 ; 0.06 ; 3
EM  0.0000000549 ; 0.0000000014 ; 713.06 ; 0.06 ; 3
EN  0.00000001194 ; 0.0000000003 ; 713.74 ; 0.06 ; 3
GA  0.000254 ; 0.00001 ; 790.76 ; 0.06 ; 2
EK  0.000000541 ; 0.000000023 ; 758.95 ; 0.06 ; 2
EL1 0.0000000615 ; 0.0000000026 ; 785.82 ; 0.06 ; 2
EL2 0.00000000503 ; 0.00000000021 ; 786.15 ; 0.06 ; 2
EL3 0.00000000342 ; 0.00000000014 ; 786.42 ; 0.06 ; 2
EM  0.000000014 ; 0.0000000006 ; 789.99 ; 0.06 ; 2
EN  0.00000000304 ; 0.00000000013 ; 790.67 ; 0.06 ; 2
GA  0.000749 ; 0.000021 ; 1436.6 ; 0.06 ; 1
EK  0.000000443 ; 0.000000014 ; 1404.8 ; 0.06 ; 1
EL1 0.0000000506 ; 0.0000000016 ; 1431.67 ; 0.06 ; 1
EL2 0.00000000191 ; 0.00000000006 ; 1432 ; 0.06 ; 1
EL3 0.000000001341 ; 0.000000000044 ; 1432.27 ; 0.06 ; 1
EM  0.00000001069 ; 0.00000000034 ; 1435.84 ; 0.06 ; 1
EN  0.00000000234 ; 0.00000000007 ; 1436.52 ; 0.06 ; 1
COM -------------- Level Separator - T1/2 in seconds -------------
LED 1957.902 ; 0.008 ; 14 ;  ;  ; 6
GA  0.000448 ; 0.000013 ; 709.319 ; 0.008 ; 2
EK  0.00000156 ; 0.00000005 ; 677.507 ; 0.008 ; 2
EL1 0.000000183 ; 0.000000006 ; 704.382 ; 0.008 ; 2
EL2 0.00000000681 ; 0.00000000027 ; 704.709 ; 0.008 ; 2
EL3 0.0000000022 ; 0.00000000015 ; 704.98 ; 0.008 ; 2
EM  0.0000000382 ; 0.0000000013 ; 708.551 ; 0.008 ; 2
EN  0.0000000084 ; 0.00000000027 ; 709.227 ; 0.008 ; 2
GA  0.00036 ; 0.000013 ; 1355.167 ; 0.008 ; 1
EK  0.00000033 ; 0.00000008 ; 1323.361 ; 0.008 ; 1
EL1 0.00000004 ; 0.000000011 ; 1350.236 ; 0.008 ; 1
EL2 0.0000000018 ; 0.0000000005 ; 1350.563 ; 0.008 ; 1
EL3 0.0000000009 ; 0.00000000011 ; 1350.834 ; 0.008 ; 1
EM  0.0000000083 ; 0.0000000022 ; 1354.405 ; 0.008 ; 1
EN  0.0000000018 ; 0.00000000044 ; 1355.081 ; 0.008 ; 1
COM -------------- Level Separator - T1/2 in seconds -------------
LED 1882.92 ; 0.03 ; 7 ;  ;  ; 5
GA  0.00024 ; 0.00016 ; 557.406 ; 0.03 ; 3
EK  0.0000012 ; 0.0000008 ; 525.593 ; 0.03 ; 3
EL1 0.00000014 ; 0.00000009 ; 552.468 ; 0.03 ; 3
EL2 0.000000018 ; 0.000000012 ; 552.795 ; 0.03 ; 3
EL3 0.000000013 ; 0.000000009 ; 553.066 ; 0.03 ; 3
EM  0.000000034 ; 0.000000023 ; 556.637 ; 0.03 ; 3
EN  0.0000000073 ; 0.0000000049 ; 557.313 ; 0.03 ; 3
COM -------------- Level Separator - T1/2 in seconds -------------
LED 1657.283 ; 0.022 ; 8 ;  ;  ; 4
GA  0.001223 ; 0.000015 ; 1054.551 ; 0.022 ; 1
EK  0.000001364 ; 0.000000026 ; 1022.742 ; 0.022 ; 1
EL1 0.0000001556 ; 0.0000000029 ; 1049.617 ; 0.022 ; 1
EL2 0.00000000872 ; 0.00000000016 ; 1049.944 ; 0.022 ; 1
EL3 0.00000000587 ; 0.00000000011 ; 1050.215 ; 0.022 ; 1
EM  0.0000000339 ; 0.0000000006 ; 1053.786 ; 0.022 ; 1
EN  0.0000000074 ; 0.00000000014 ; 1054.462 ; 0.022 ; 1
GA  0 ; 0 ; 1658 ; 0.15 ; 0
COM -------------- Level Separator - T1/2 in seconds -------------
LED 1325.5131 ; 0.0024 ; 14 ;  ;  ; 3
GA  0.1024 ; 0.0006 ; 722.7838 ; 0.0032 ; 1
EK  0.0002775 ; 0.0000044 ; 690.9722 ; 0.0032 ; 1
EL1 0.0000314 ; 0.0000005 ; 717.8468 ; 0.0032 ; 1
EL2 0.00000272 ; 0.00000005 ; 718.174 ; 0.0032 ; 1
EL3 0.000001823 ; 0.000000042 ; 718.4446 ; 0.0032 ; 1
EM  0.00000719 ; 0.00000011 ; 722.0162 ; 0.0032 ; 1
EN  0.000001565 ; 0.000000025 ; 722.6923 ; 0.0032 ; 1
GA  0.01556 ; 0.00014 ; 1325.5055 ; 0.0024 ; 0
EK  0.000012 ; 0.0000012 ; 1293.6993 ; 0.0024 ; 0
EL1 0.00000138 ; 0.00000016 ; 1320.5739 ; 0.0024 ; 0
EL2 0.000000045 ; 0.000000006 ; 1320.9011 ; 0.0024 ; 0
EL3 0.000000025 ; 0.000000011 ; 1321.1717 ; 0.0024 ; 0
EM  0.000000289 ; 0.000000028 ; 1324.7433 ; 0.0024 ; 0
EN  0.000000064 ; 0.000000007 ; 1325.4194 ; 0.0024 ; 0
COM -------------- Level Separator - T1/2 in seconds -------------
LED 1248.5811 ; 0.0025 ; 7 ;  ;  ; 2
GA  0.00977 ; 0.00006 ; 645.8522 ; 0.0033 ; 1
EK  0.0000343 ; 0.0000005 ; 614.0402 ; 0.0033 ; 1
EL1 0.00000387 ; 0.00000006 ; 640.9148 ; 0.0033 ; 1
EL2 0.000000413 ; 0.000000006 ; 641.242 ; 0.0033 ; 1
EL3 0.000000288 ; 0.000000005 ; 641.5126 ; 0.0033 ; 1
EM  0.000000913 ; 0.000000014 ; 645.0842 ; 0.0033 ; 1
EN  0.0000001987 ; 0.0000000034 ; 645.7603 ; 0.0033 ; 1
COM -------------- Level Separator - T1/2 in seconds -------------
LED 602.7271 ; 0.0021 ; 7 ;  ;  ; 1
GA  0.623 ; 0.006 ; 602.7255 ; 0.0021 ; 0
EK  0.002617 ; 0.000045 ; 570.9133 ; 0.0021 ; 0
EL1 0.000294 ; 0.000005 ; 597.7879 ; 0.0021 ; 0
EL2 0.0000344 ; 0.0000006 ; 598.1151 ; 0.0021 ; 0
EL3 0.00002423 ; 0.00000044 ; 598.3857 ; 0.0021 ; 0
EM  0.0000705 ; 0.0000012 ; 601.9573 ; 0.0021 ; 0
EN  0.00001528 ; 0.00000031 ; 602.6334 ; 0.0021 ; 0
