PAR MN52
AZP 52 ; 25
NDA 1
COM ***************** Evaluation Date: 22/11/2020 ****************
COM ===================== Daughter Separator =====================
DAU CR52
DDE 1 ;  ; 8 ; 44
Q   4712 ; 1.9
COM ---------------------- Branch Separator ----------------------
CK  0.0000215 ; 0.0000048 ; 8 ; 84.8699999999999 ; 1.9 ; 1
CL1 0.000003 ; 0.0000007 ; 8 ; 84.8699999999999 ; 1.9 ; 1
CL2 0.0000000136 ; 0.0000000031 ; 8 ; 84.8699999999999 ; 1.9 ; 1
CL3 0.00000168 ; 0.00000039 ; 8 ; 84.8699999999999 ; 1.9 ; 1
CM  0.00000071 ; 0.00000016 ; 8 ; 84.8699999999999 ; 1.9 ; 1
CN  0.000000037 ; 0.000000008 ; 8 ; 84.8699999999999 ; 1.9 ; 1
COM ---------------------- Branch Separator ----------------------
CK  0.00947 ; 0.00044 ; 7 ; 696.48 ; 1.9 ; 0
CL1 0.001053 ; 0.000049 ; 7 ; 696.48 ; 1.9 ; 0
CL2 0.00000475 ; 0.00000026 ; 7 ; 696.48 ; 1.9 ; 0
CM  0.000165 ; 0.000008 ; 7 ; 696.48 ; 1.9 ; 0
CN  0.0000125 ; 0.0000006 ; 7 ; 696.48 ; 1.9 ; 0
COM ---------------------- Branch Separator ----------------------
BEP 0.0000133 ; 0.0000017 ; 6 ; 74.0540000000001 ; 1.9 ; 0
CK  0.0679 ; 0.0005 ; 6 ; 1096.054 ; 1.9 ; 0
CL1 0.00751 ; 0.00006 ; 6 ; 1096.054 ; 1.9 ; 0
CL2 0.0000341 ; 0.000001 ; 6 ; 1096.054 ; 1.9 ; 0
CM  0.001173 ; 0.000011 ; 6 ; 1096.054 ; 1.9 ; 0
CN  0.0000891 ; 0.0000018 ; 6 ; 1096.054 ; 1.9 ; 0
COM ---------------------- Branch Separator ----------------------
BEP 0.0000009 ; 0.0000013 ; 5 ; 274.67 ; 1.9 ; 1
CK  0.00022 ; 0.00034 ; 5 ; 1296.67 ; 1.9 ; 1
CL1 0.000025 ; 0.000037 ; 5 ; 1296.67 ; 1.9 ; 1
CL2 0.00000011 ; 0.00000017 ; 5 ; 1296.67 ; 1.9 ; 1
CL3 0.00000006 ; 0.00000009 ; 5 ; 1296.67 ; 1.9 ; 1
CM  0.000004 ; 0.000006 ; 5 ; 1296.67 ; 1.9 ; 1
CN  0.00000029 ; 0.00000044 ; 5 ; 1296.67 ; 1.9 ; 1
COM ---------------------- Branch Separator ----------------------
BEP 0.3085 ; 0.0043 ; 4 ; 576.117 ; 1.9 ; 0
CK  0.53 ; 0.006 ; 4 ; 1598.117 ; 1.9 ; 0
CL1 0.0585 ; 0.0007 ; 4 ; 1598.117 ; 1.9 ; 0
CL2 0.000268 ; 0.000008 ; 4 ; 1598.117 ; 1.9 ; 0
CM  0.00913 ; 0.00012 ; 4 ; 1598.117 ; 1.9 ; 0
CN  0.000694 ; 0.000015 ; 4 ; 1598.117 ; 1.9 ; 0
COM ---------------------- Branch Separator ----------------------
BEP 0.00011 ; 0.00026 ; 3 ; 922.214 ; 1.9 ; 1
CK  0.0002 ; 0.0006 ; 3 ; 1944.214 ; 1.9 ; 1
CL1 0.00002 ; 0.00007 ; 3 ; 1944.214 ; 1.9 ; 1
CL2 0.00000009 ; 0.00000031 ; 3 ; 1944.214 ; 1.9 ; 1
CL3 0.00000002 ; 0.00000007 ; 3 ; 1944.214 ; 1.9 ; 1
CM  0.000003 ; 0.000011 ; 3 ; 1944.214 ; 1.9 ; 1
CN  0.0000002 ; 0.0000008 ; 3 ; 1944.214 ; 1.9 ; 1
COM ---------------------- Branch Separator ----------------------
BEP 0.003 ; 0.006 ; 2 ; 1320.346 ; 1.9 ; 1
CK  0.002 ; 0.005 ; 2 ; 2342.346 ; 1.9 ; 1
CL1 0.0002 ; 0.0006 ; 2 ; 2342.346 ; 1.9 ; 1
CL2 0.0000009 ; 0.0000027 ; 2 ; 2342.346 ; 1.9 ; 1
CL3 0.00000014 ; 0.00000043 ; 2 ; 2342.346 ; 1.9 ; 1
CM  0.00003 ; 0.00009 ; 2 ; 2342.346 ; 1.9 ; 1
CN  0.000002 ; 0.000007 ; 2 ; 2342.346 ; 1.9 ; 1
COM ---------------------- Branch Separator ----------------------
COM ---------------------- Branch Separator ----------------------
COM -------------- Level Separator - T1/2 in seconds -------------
LED 4627.13 ; 0.2 ; 7 ;  ;  ; 8
GA  0.000027 ; 0.000006 ; 2257.36 ; 0.19 ; 2
EK  0.00000000069 ; 0.00000000016 ; 2251.42 ; 0.2 ; 2
EL1 0.000000000063 ; 0.000000000014 ; 2256.72 ; 0.2 ; 2
EL2 0.00000000000017 ; 0.000000000000042 ; 2256.83 ; 0.2 ; 2
EL3 0.00000000000027 ; 0.00000000000008 ; 2256.84 ; 0.2 ; 2
EM  0.0000000000084 ; 0.0000000000019 ; 2257.38 ; 0.2 ; 2
EN  0.00000000000032 ; 0.00000000000007 ; 2257.41 ; 0.2 ; 2
COM -------------- Level Separator - T1/2 in seconds -------------
LED 4015.52 ; 0.04 ; 35 ;  ;  ; 7
GA  0.00182 ; 0.00006 ; 399.542 ; 0.019 ; 6
EK  0.0000025 ; 0.0000013 ; 393.553 ; 0.047 ; 6
EL1 0.00000024 ; 0.00000011 ; 398.847 ; 0.047 ; 6
EL2 0.0000000038 ; 0.0000000026 ; 398.958 ; 0.047 ; 6
EL3 0.0000000042 ; 0.0000000035 ; 398.968 ; 0.047 ; 6
EM  0.000000033 ; 0.000000016 ; 399.509 ; 0.047 ; 6
EN  0.0000000011 ; 0.0000000005 ; 399.542 ; 0.047 ; 6
GA  0.00414 ; 0.00029 ; 600.42 ; 0.23 ; 5
EK  0.0000018 ; 0.0000006 ; 594.43 ; 0.05 ; 5
EL1 0.00000017 ; 0.00000005 ; 599.73 ; 0.05 ; 5
EL2 0.0000000018 ; 0.0000000009 ; 599.84 ; 0.05 ; 5
EL3 0.0000000017 ; 0.0000000012 ; 599.85 ; 0.05 ; 5
EM  0.000000022 ; 0.000000007 ; 600.39 ; 0.05 ; 5
EN  0.00000000083 ; 0.00000000026 ; 600.42 ; 0.05 ; 5
GA  0.00044 ; 0.00004 ; 901.87 ; 0.18 ; 4
EK  0.00000007 ; 0.000000012 ; 895.891 ; 0.047 ; 4
EL1 0.0000000063 ; 0.0000000011 ; 901.185 ; 0.047 ; 4
EL2 0.000000000044 ; 0.000000000018 ; 901.296 ; 0.047 ; 4
EL3 0.000000000048 ; 0.000000000027 ; 901.306 ; 0.047 ; 4
EM  0.00000000084 ; 0.00000000015 ; 901.847 ; 0.047 ; 4
EN  0.000000000032 ; 0.000000000006 ; 901.88 ; 0.047 ; 4
GA  0.0038 ; 0.0004 ; 1247.81 ; 0.12 ; 3
EK  0.000000296 ; 0.000000041 ; 1241.841 ; 0.046 ; 3
EL1 0.000000027 ; 0.0000000036 ; 1247.135 ; 0.046 ; 3
EL2 0.000000000133 ; 0.000000000033 ; 1247.246 ; 0.046 ; 3
EL3 0.00000000016 ; 0.00000000006 ; 1247.256 ; 0.046 ; 3
EM  0.00000000361 ; 0.00000000049 ; 1247.797 ; 0.046 ; 3
EN  0.000000000137 ; 0.000000000018 ; 1247.83 ; 0.046 ; 3
GA  0.0005 ; 0.00003 ; 1645.781 ; 0.029 ; 2
EK  0.0000000226 ; 0.0000000018 ; 1639.82 ; 0.045 ; 2
EL1 0.00000000206 ; 0.00000000016 ; 1645.114 ; 0.045 ; 2
EL2 0.0000000000075 ; 0.0000000000013 ; 1645.225 ; 0.045 ; 2
EL3 0.00000000001 ; 0.0000000000031 ; 1645.234 ; 0.045 ; 2
EM  0.000000000275 ; 0.000000000022 ; 1645.776 ; 0.045 ; 2
EN  0.0000000000104 ; 0.0000000000008 ; 1645.809 ; 0.045 ; 2
COM -------------- Level Separator - T1/2 in seconds -------------
LED 3615.946 ; 0.024 ; 28 ; 1.5E-13 ; 1.E-13 ; 6
GA  0.00076 ; 0.00002 ; 200.58 ; 0.04 ; 5
EK  0.000011 ; 0.000008 ; 194.591 ; 0.038 ; 5
EL1 0.000001 ; 0.0000008 ; 199.885 ; 0.038 ; 5
EL2 0.00000003 ; 0.00000003 ; 199.996 ; 0.038 ; 5
EL3 0.000000038 ; 0.000000046 ; 200.006 ; 0.038 ; 5
EM  0.00000014 ; 0.00000011 ; 200.547 ; 0.038 ; 5
EN  0.0000000053 ; 0.0000000038 ; 200.58 ; 0.038 ; 5
GA  0.00185 ; 0.00025 ; 501.97 ; 0.08 ; 4
EK  0.0000013 ; 0.0000006 ; 495.981 ; 0.034 ; 4
EL1 0.00000012 ; 0.000000047 ; 501.275 ; 0.034 ; 4
EL2 0.0000000015 ; 0.0000000009 ; 501.386 ; 0.034 ; 4
EL3 0.0000000017 ; 0.0000000013 ; 501.396 ; 0.034 ; 4
EM  0.000000017 ; 0.000000008 ; 501.937 ; 0.034 ; 4
EN  0.00000000061 ; 0.00000000024 ; 501.97 ; 0.034 ; 4
GA  0.0336 ; 0.0003 ; 848.134 ; 0.026 ; 3
EK  0.000006 ; 0.000001 ; 842.152 ; 0.033 ; 3
EL1 0.00000057 ; 0.0000001 ; 847.446 ; 0.033 ; 3
EL2 0.000000004 ; 0.0000000017 ; 847.557 ; 0.033 ; 3
EL3 0.0000000044 ; 0.0000000024 ; 847.566 ; 0.033 ; 3
EM  0.000000074 ; 0.000000013 ; 848.108 ; 0.033 ; 3
EN  0.00000000279 ; 0.00000000047 ; 848.141 ; 0.033 ; 3
GA  0.04229 ; 0.0004 ; 1246.36 ; 0.12 ; 2
EK  0.0000033 ; 0.0000003 ; 1240.391 ; 0.032 ; 2
EL1 0.0000003 ; 0.000000026 ; 1245.685 ; 0.032 ; 2
EL2 0.00000000148 ; 0.00000000038 ; 1245.796 ; 0.032 ; 2
EL3 0.0000000017 ; 0.0000000006 ; 1245.806 ; 0.032 ; 2
EM  0.0000000402 ; 0.0000000034 ; 1246.347 ; 0.032 ; 2
EN  0.00000000152 ; 0.00000000013 ; 1246.38 ; 0.032 ; 2
COM -------------- Level Separator - T1/2 in seconds -------------
LED 3415.33 ; 0.03 ; 21 ;  ;  ; 5
GA  0.0041 ; 0.00014 ; 647.537 ; 0.03 ; 3
EK  0.0000011 ; 0.0000007 ; 641.552 ; 0.038 ; 3
EL1 0.0000001 ; 0.00000007 ; 646.846 ; 0.038 ; 3
EL2 0.0000000008 ; 0.0000000012 ; 646.957 ; 0.038 ; 3
EL3 0.0000000004 ; 0.0000000021 ; 646.967 ; 0.038 ; 3
EM  0.000000013 ; 0.000000009 ; 647.508 ; 0.038 ; 3
EN  0.00000000049 ; 0.00000000033 ; 647.541 ; 0.038 ; 3
GA  0.0007 ; 0.0002 ; 1045.72 ; 0.08 ; 2
EK  0.000000079 ; 0.000000024 ; 1039.741 ; 0.037 ; 2
EL1 0.0000000073 ; 0.0000000022 ; 1045.035 ; 0.037 ; 2
EL2 0.000000000043 ; 0.000000000018 ; 1045.146 ; 0.037 ; 2
EL3 0.000000000049 ; 0.000000000025 ; 1045.156 ; 0.037 ; 2
EM  0.00000000097 ; 0.0000000003 ; 1045.697 ; 0.037 ; 2
EN  0.000000000036 ; 0.000000000011 ; 1045.73 ; 0.037 ; 2
GA  0.00035 ; 0.00003 ; 1981.07 ; 0.03 ; 1
EK  0.0000000117 ; 0.000000001 ; 1975.121 ; 0.034 ; 1
EL1 0.00000000107 ; 0.00000000009 ; 1980.415 ; 0.034 ; 1
EL2 0.00000000000351 ; 0.00000000000031 ; 1980.526 ; 0.034 ; 1
EL3 0.00000000000553 ; 0.00000000000048 ; 1980.536 ; 0.034 ; 1
EM  0.000000000141 ; 0.000000000012 ; 1981.077 ; 0.034 ; 1
EN  0.00000000000533 ; 0.00000000000046 ; 1981.11 ; 0.034 ; 1
COM -------------- Level Separator - T1/2 in seconds -------------
LED 3113.883 ; 0.024 ; 14 ;  ;  ; 4
GA  0.00984 ; 0.00031 ; 346.03 ; 0.03 ; 3
EK  0.0000338 ; 0.0000012 ; 340.041 ; 0.033 ; 3
EL1 0.00000304 ; 0.00000011 ; 345.335 ; 0.033 ; 3
EL2 0.000000064 ; 0.0000000022 ; 345.446 ; 0.033 ; 3
EL3 0.0000000781 ; 0.0000000027 ; 345.456 ; 0.033 ; 3
EM  0.000000417 ; 0.000000014 ; 345.997 ; 0.033 ; 3
EN  0.0000000152 ; 0.0000000005 ; 346.03 ; 0.033 ; 3
GA  0.9 ; 0.008 ; 744.213 ; 0.006 ; 2
EK  0.000272 ; 0.000005 ; 738.23 ; 0.032 ; 2
EL1 0.00002475 ; 0.00000042 ; 743.524 ; 0.032 ; 2
EL2 0.0000002475 ; 0.0000000042 ; 743.635 ; 0.032 ; 2
EL3 0.000000289 ; 0.000000005 ; 743.645 ; 0.032 ; 2
EM  0.00000333 ; 0.00000006 ; 744.186 ; 0.032 ; 2
EN  0.0000001238 ; 0.0000000021 ; 744.219 ; 0.032 ; 2
COM -------------- Level Separator - T1/2 in seconds -------------
LED 2767.786 ; 0.023 ; 14 ;  ;  ; 3
GA  0.00089 ; 0.00006 ; 398.09 ; 0.09 ; 2
EK  0.0000012 ; 0.0000006 ; 392.101 ; 0.031 ; 2
EL1 0.00000012 ; 0.00000005 ; 397.395 ; 0.031 ; 2
EL2 0.0000000019 ; 0.0000000013 ; 397.506 ; 0.031 ; 2
EL3 0.000000002 ; 0.0000000017 ; 397.516 ; 0.031 ; 2
EM  0.000000016 ; 0.000000008 ; 398.057 ; 0.031 ; 2
EN  0.00000000062 ; 0.00000000027 ; 398.09 ; 0.031 ; 2
GA  0.05079 ; 0.0003 ; 1333.614 ; 0.011 ; 1
EK  0.00000371 ; 0.00000006 ; 1327.643 ; 0.029 ; 1
EL1 0.000000338 ; 0.000000005 ; 1332.937 ; 0.029 ; 1
EL2 0.000000001747 ; 0.000000000027 ; 1333.048 ; 0.029 ; 1
EL3 0.000000002311 ; 0.000000000038 ; 1333.058 ; 0.029 ; 1
EM  0.0000000451 ; 0.0000000007 ; 1333.599 ; 0.029 ; 1
EN  0.000000001691 ; 0.000000000027 ; 1333.632 ; 0.029 ; 1
COM -------------- Level Separator - T1/2 in seconds -------------
LED 2369.654 ; 0.021 ; 7 ;  ;  ; 2
GA  0.94887 ; 0.0003 ; 935.519 ; 0.01 ; 1
EK  0.0001573 ; 0.0000023 ; 929.539 ; 0.027 ; 1
EL1 0.00001434 ; 0.00000021 ; 934.833 ; 0.027 ; 1
EL2 0.0000001113 ; 0.0000000016 ; 934.944 ; 0.027 ; 1
EL3 0.0000001338 ; 0.0000000019 ; 934.954 ; 0.027 ; 1
EM  0.000001917 ; 0.000000028 ; 935.495 ; 0.027 ; 1
EN  0.0000000717 ; 0.000000001 ; 935.528 ; 0.027 ; 1
COM -------------- Level Separator - T1/2 in seconds -------------
LED 1434.111 ; 0.017 ; 7 ;  ;  ; 1
GA  0.999866 ; 0.000019 ; 1434.06 ; 0.015 ; 0
EK  0.0000627 ; 0.0000009 ; 1428.091 ; 0.017 ; 0
EL1 0.00000572 ; 0.00000008 ; 1433.385 ; 0.017 ; 0
EL2 0.0000000272 ; 0.0000000004 ; 1433.496 ; 0.017 ; 0
EL3 0.0000000369 ; 0.0000000006 ; 1433.506 ; 0.017 ; 0
EM  0.00000076 ; 0.000000011 ; 1434.047 ; 0.017 ; 0
EN  0.0000000286 ; 0.0000000004 ; 1434.08 ; 0.017 ; 0
