PAR MN52M
AZP 52 ; 25
NDA 2
COM ***************** Evaluation Date: 05/12/2020 ****************
COM ===================== Daughter Separator =====================
DAU MN52
DDE 0.01705 ; 0.00042 ; 1 ; 1
Q   377.749 ; 0.005
MS  0 ; 0 ; 1 ; 0 ; 0 ; 0
COM ---------------------- Branch Separator ----------------------
COM ---------------------- Branch Separator ----------------------
COM -------------- Level Separator - T1/2 in seconds -------------
LED 377.749 ; 0.005 ; 7 ; 1.266E3 ; 1.2E1 ; 1
GA  0.01639 ; 0.0004 ; 377.749 ; 0.005 ; 0
EK  0.000583 ; 0.000016 ; 371.21 ; 0.005 ; 0
EL1 0.0000528 ; 0.0000015 ; 376.98 ; 0.005 ; 0
EL2 0.00000552 ; 0.00000016 ; 377.098 ; 0.005 ; 0
EL3 0.00000431 ; 0.00000012 ; 377.109 ; 0.005 ; 0
EM  0.00000844 ; 0.00000024 ; 377.711 ; 0.005 ; 0
EN  0.000000349 ; 0.00000001 ; 377.749 ; 0.005 ; 0
COM ===================== Daughter Separator =====================
DAU CR52
DDE 0.98295 ; 0.00042 ; 10 ; 48
Q   5089.7 ; 1.9
COM ---------------------- Branch Separator ----------------------
CK  0.000043 ; 0.000008 ; 10 ; 274.01 ; 1.9 ; 0
CL1 0.0000049 ; 0.0000009 ; 10 ; 274.01 ; 1.9 ; 0
CL2 0.0000000221 ; 0.0000000041 ; 10 ; 274.01 ; 1.9 ; 0
CM  0.00000077 ; 0.00000014 ; 10 ; 274.01 ; 1.9 ; 0
CN  0.000000059 ; 0.000000011 ; 10 ; 274.01 ; 1.9 ; 0
COM ---------------------- Branch Separator ----------------------
COM ---------------------- Branch Separator ----------------------
BEP 0.0000000083 ; 0.0000000037 ; 8 ; 116.5 ; 1.9 ; 0
CK  0.0000061 ; 0.0000027 ; 8 ; 1138.5 ; 1.9 ; 0
CL1 0.00000068 ; 0.00000029 ; 8 ; 1138.5 ; 1.9 ; 0
CL2 0.0000000031 ; 0.0000000013 ; 8 ; 1138.5 ; 1.9 ; 0
CM  0.000000106 ; 0.000000046 ; 8 ; 1138.5 ; 1.9 ; 0
CN  0.000000008 ; 0.0000000035 ; 8 ; 1138.5 ; 1.9 ; 0
COM ---------------------- Branch Separator ----------------------
BEP 0.0000039 ; 0.0000005 ; 7 ; 296.01 ; 1.9 ; 0
CK  0.000073 ; 0.00001 ; 7 ; 1318.01 ; 1.9 ; 0
CL1 0.0000081 ; 0.0000011 ; 7 ; 1318.01 ; 1.9 ; 0
CL2 0.0000000369 ; 0.000000005 ; 7 ; 1318.01 ; 1.9 ; 0
CM  0.00000127 ; 0.00000017 ; 7 ; 1318.01 ; 1.9 ; 0
CN  0.000000096 ; 0.000000013 ; 7 ; 1318.01 ; 1.9 ; 0
COM ---------------------- Branch Separator ----------------------
BEP 0.000132 ; 0.000033 ; 6 ; 595.6 ; 1.9 ; 0
CK  0.0002 ; 0.00007 ; 6 ; 1617.6 ; 1.9 ; 0
CL1 0.000022 ; 0.000008 ; 6 ; 1617.6 ; 1.9 ; 0
CL2 0.000000103 ; 0.000000036 ; 6 ; 1617.6 ; 1.9 ; 0
CM  0.0000035 ; 0.0000012 ; 6 ; 1617.6 ; 1.9 ; 0
CN  0.00000027 ; 0.00000009 ; 6 ; 1617.6 ; 1.9 ; 0
COM ---------------------- Branch Separator ----------------------
BEP 0.00167 ; 0.00008 ; 5 ; 905.97 ; 1.9 ; 0
CK  0.00063 ; 0.00007 ; 5 ; 1927.97 ; 1.9 ; 0
CL1 0.000069 ; 0.000008 ; 5 ; 1927.97 ; 1.9 ; 0
CL2 0.000000318 ; 0.000000037 ; 5 ; 1927.97 ; 1.9 ; 0
CM  0.0000108 ; 0.0000012 ; 5 ; 1927.97 ; 1.9 ; 0
CN  0.00000082 ; 0.00000009 ; 5 ; 1927.97 ; 1.9 ; 0
COM ---------------------- Branch Separator ----------------------
BEP 0.000381 ; 0.000017 ; 4 ; 1102.923 ; 1.9 ; 0
CK  0.000075 ; 0.000011 ; 4 ; 2124.923 ; 1.9 ; 0
CL1 0.0000083 ; 0.0000012 ; 4 ; 2124.923 ; 1.9 ; 0
CL2 0.000000038 ; 0.000000005 ; 4 ; 2124.923 ; 1.9 ; 0
CM  0.00000129 ; 0.00000018 ; 4 ; 2124.923 ; 1.9 ; 0
CN  0.000000098 ; 0.000000014 ; 4 ; 2124.923 ; 1.9 ; 0
COM ---------------------- Branch Separator ----------------------
COM ---------------------- Branch Separator ----------------------
BEP 0.00017 ; 0.00008 ; 2 ; 1698.1 ; 1.9 ; 1
CK  0.000027 ; 0.000044 ; 2 ; 2720.1 ; 1.9 ; 1
CL1 0.0000029 ; 0.0000049 ; 2 ; 2720.1 ; 1.9 ; 1
CL2 0.000000014 ; 0.000000023 ; 2 ; 2720.1 ; 1.9 ; 1
CL3 0.0000000016 ; 0.0000000027 ; 2 ; 2720.1 ; 1.9 ; 1
CM  0.0000005 ; 0.0000008 ; 2 ; 2720.1 ; 1.9 ; 1
CN  0.00000003 ; 0.00000006 ; 2 ; 2720.1 ; 1.9 ; 1
COM ---------------------- Branch Separator ----------------------
BEP 0.96474 ; 0.00045 ; 1 ; 2633.617 ; 1.9 ; 0
CK  0.01299 ; 0.0001 ; 1 ; 3655.617 ; 1.9 ; 0
CL1 0.001427 ; 0.000011 ; 1 ; 3655.617 ; 1.9 ; 0
CL2 0.00000673 ; 0.00000018 ; 1 ; 3655.617 ; 1.9 ; 0
CM  0.0002227 ; 0.0000021 ; 1 ; 3655.617 ; 1.9 ; 0
CN  0.00001692 ; 0.00000035 ; 1 ; 3655.617 ; 1.9 ; 0
COM ---------------------- Branch Separator ----------------------
COM -------------- Level Separator - T1/2 in seconds -------------
LED 4815.69 ; 0.09 ; 14 ;  ;  ; 10
GA  0.000025 ; 0.000005 ; 3381.5 ; 0.1 ; 1
EK  0.00000000033 ; 0.00000000007 ; 3375.62 ; 0.09 ; 1
EL1 0.00000000003 ; 0.000000000006 ; 3380.92 ; 0.09 ; 1
EL2 0.000000000000056 ; 0.000000000000012 ; 3381.03 ; 0.09 ; 1
EL3 0.000000000000118 ; 0.000000000000027 ; 3381.04 ; 0.09 ; 1
EM  0.000000000004 ; 0.0000000000008 ; 3381.58 ; 0.09 ; 1
EN  0.000000000000152 ; 0.000000000000031 ; 3381.61 ; 0.09 ; 1
GA  0.0000246 ; 0.000004 ; 4815.4 ; 0.2 ; 0
EK  0.000000000199 ; 0.000000000033 ; 4809.7 ; 0.09 ; 0
EL1 0.0000000000182 ; 0.000000000003 ; 4815 ; 0.09 ; 0
EL2 2.61E-14 ; 4.3E-15 ; 4815.11 ; 0.09 ; 0
EL3 0.000000000000069 ; 0.000000000000011 ; 4815.12 ; 0.09 ; 0
EM  0.0000000000024 ; 0.00000000000039 ; 4815.66 ; 0.09 ; 0
EN  0.000000000000091 ; 0.000000000000015 ; 4815.69 ; 0.09 ; 0
COM -------------- Level Separator - T1/2 in seconds -------------
LED 4563.2 ; 1 ; 0 ;  ;  ; 9
COM -------------- Level Separator - T1/2 in seconds -------------
LED 3951.2 ; 1 ; 7 ;  ;  ; 8
GA  0.0000069 ; 0.000003 ; 3951 ; 1 ; 0
EK  0.000000000073 ; 0.000000000032 ; 3945.2 ; 1 ; 0
EL1 0.0000000000066 ; 0.0000000000029 ; 3950.5 ; 1 ; 0
EL2 1.08E-14 ; 4.7E-15 ; 3950.6 ; 1 ; 0
EL3 0.000000000000025 ; 0.000000000000011 ; 3950.6 ; 1 ; 0
EM  0.00000000000088 ; 0.00000000000038 ; 3951.2 ; 1 ; 0
EN  0.000000000000033 ; 0.000000000000014 ; 3951.2 ; 1 ; 0
COM -------------- Level Separator - T1/2 in seconds -------------
LED 3771.69 ; 0.15 ; 14 ; 1.3E-14 ; 4.E-15 ; 7
GA  0.000069 ; 0.00001 ; 2337.4 ; 0.2 ; 1
EK  0.00000000163 ; 0.00000000024 ; 2331.62 ; 0.15 ; 1
EL1 0.000000000149 ; 0.000000000022 ; 2336.92 ; 0.15 ; 1
EL2 0.00000000000036 ; 0.00000000000005 ; 2337.03 ; 0.15 ; 1
EL3 0.00000000000055 ; 0.00000000000008 ; 2337.04 ; 0.15 ; 1
EM  0.0000000000197 ; 0.0000000000029 ; 2337.58 ; 0.15 ; 1
EN  0.00000000000074 ; 0.00000000000011 ; 2337.61 ; 0.15 ; 1
GA  0.0000177 ; 0.0000039 ; 3771.7 ; 0.2 ; 0
EK  0.000000000203 ; 0.000000000045 ; 3765.7 ; 0.15 ; 0
EL1 0.0000000000185 ; 0.0000000000041 ; 3771 ; 0.15 ; 0
EL2 0.000000000000032 ; 0.000000000000007 ; 3771.11 ; 0.15 ; 0
EL3 0.000000000000075 ; 0.000000000000016 ; 3771.12 ; 0.15 ; 0
EM  0.0000000000025 ; 0.0000000000005 ; 3771.66 ; 0.15 ; 0
EN  0.000000000000093 ; 0.00000000000002 ; 3771.69 ; 0.15 ; 0
COM -------------- Level Separator - T1/2 in seconds -------------
LED 3472.1 ; 0.2 ; 14 ;  ;  ; 6
GA  0.00029 ; 0.00009 ; 704.6 ; 0.2 ; 3
EK  0.000000065 ; 0.00000002 ; 698.61 ; 0.2 ; 3
EL1 0.000000006 ; 0.0000000019 ; 703.91 ; 0.2 ; 3
EL2 0.000000000041 ; 0.000000000013 ; 704.02 ; 0.2 ; 3
EL3 0.00000000003 ; 0.00000000001 ; 704.03 ; 0.2 ; 3
EM  0.0000000008 ; 0.00000000025 ; 704.57 ; 0.2 ; 3
EN  0.00000000003 ; 0.000000000009 ; 704.6 ; 0.2 ; 3
GA  0.000079 ; 0.000014 ; 2038 ; 0.2 ; 1
EK  0.00000000243 ; 0.00000000044 ; 2032.03 ; 0.2 ; 1
EL1 0.000000000221 ; 0.00000000004 ; 2037.33 ; 0.2 ; 1
EL2 0.00000000000066 ; 0.00000000000014 ; 2037.44 ; 0.2 ; 1
EL3 0.00000000000098 ; 0.00000000000026 ; 2037.45 ; 0.2 ; 1
EM  0.000000000029 ; 0.000000000005 ; 2037.99 ; 0.2 ; 1
EN  0.00000000000111 ; 0.0000000000002 ; 2038.02 ; 0.2 ; 1
COM -------------- Level Separator - T1/2 in seconds -------------
LED 3161.73 ; 0.06 ; 14 ; 5.E-14 ; 1.E-14 ; 5
GA  0.00216 ; 0.0001 ; 1727.53 ; 0.07 ; 1
EK  0.0000000855 ; 0.0000000042 ; 1721.66 ; 0.06 ; 1
EL1 0.00000000782 ; 0.00000000038 ; 1726.96 ; 0.06 ; 1
EL2 0.0000000000244 ; 0.0000000000012 ; 1727.07 ; 0.06 ; 1
EL3 0.00000000003 ; 0.0000000000015 ; 1727.08 ; 0.06 ; 1
EM  0.00000000104 ; 0.00000000005 ; 1727.62 ; 0.06 ; 1
EN  0.0000000000391 ; 0.0000000000019 ; 1727.65 ; 0.06 ; 1
GA  0.000216 ; 0.00003 ; 3161.8 ; 0.1 ; 0
EK  0.00000000326 ; 0.00000000045 ; 3155.74 ; 0.06 ; 0
EL1 0.000000000297 ; 0.000000000042 ; 3161.04 ; 0.06 ; 0
EL2 0.00000000000061 ; 0.00000000000008 ; 3161.15 ; 0.06 ; 0
EL3 0.00000000000125 ; 0.00000000000018 ; 3161.16 ; 0.06 ; 0
EM  0.000000000039 ; 0.000000000005 ; 3161.7 ; 0.06 ; 0
EN  0.00000000000149 ; 0.00000000000021 ; 3161.73 ; 0.06 ; 0
COM -------------- Level Separator - T1/2 in seconds -------------
LED 2964.777 ; 0.015 ; 14 ; 6.E-13 ; 3.E-13 ; 4
GA  0.000462 ; 0.000021 ; 1530.67 ; 0.01 ; 1
EK  0.0000000252 ; 0.0000000012 ; 1524.705 ; 0.018 ; 1
EL1 0.00000000231 ; 0.00000000011 ; 1529.999 ; 0.018 ; 1
EL2 0.00000000001012 ; 0.00000000000048 ; 1530.11 ; 0.018 ; 1
EL3 0.000000000014 ; 0.0000000000007 ; 1530.12 ; 0.018 ; 1
EM  0.000000000306 ; 0.000000000015 ; 1530.661 ; 0.018 ; 1
EN  0.0000000000115 ; 0.0000000000006 ; 1530.694 ; 0.018 ; 1
GA  0.0000039 ; 0.000003 ; 2965 ; 1 ; 0
EK  0.00000000007 ; 0.00000000005 ; 2958.788 ; 0.015 ; 0
EL1 0.0000000000059 ; 0.0000000000046 ; 2964.082 ; 0.015 ; 0
EL2 0.000000000000013 ; 0.00000000000001 ; 2964.193 ; 0.015 ; 0
EL3 0.000000000000026 ; 0.00000000000002 ; 2964.202 ; 0.015 ; 0
EM  0.0000000000008 ; 0.0000000000006 ; 2964.744 ; 0.015 ; 0
EN  0.00000000000003 ; 0.000000000000023 ; 2964.777 ; 0.015 ; 0
COM -------------- Level Separator - T1/2 in seconds -------------
LED 2767.5 ; 0.3 ; 7 ;  ;  ; 3
GA  0.00029 ; 0.0001 ; 1332.62 ; 0.01 ; 1
EK  0.000000021 ; 0.000000007 ; 1327.43 ; 0.3 ; 1
EL1 0.0000000019 ; 0.0000000007 ; 1332.73 ; 0.3 ; 1
EL2 0.00000000001 ; 0.0000000000034 ; 1332.84 ; 0.3 ; 1
EL3 0.0000000000132 ; 0.0000000000046 ; 1332.85 ; 0.3 ; 1
EM  0.00000000026 ; 0.00000000009 ; 1333.39 ; 0.3 ; 1
EN  0.0000000000097 ; 0.0000000000033 ; 1333.42 ; 0.3 ; 1
COM -------------- Level Separator - T1/2 in seconds -------------
LED 2369.6 ; 1 ; 7 ;  ;  ; 2
GA  0.0002 ; 0.0001 ; 935.52 ; 0.1 ; 1
EK  0.000000033 ; 0.000000017 ; 929.53 ; 0.1 ; 1
EL1 0.000000003 ; 0.0000000015 ; 934.83 ; 0.1 ; 1
EL2 0.000000000023 ; 0.000000000012 ; 934.94 ; 0.1 ; 1
EL3 0.000000000028 ; 0.000000000014 ; 934.95 ; 0.1 ; 1
EM  0.0000000004 ; 0.0000000002 ; 935.49 ; 0.1 ; 1
EN  0.000000000015 ; 0.000000000008 ; 935.52 ; 0.1 ; 1
COM -------------- Level Separator - T1/2 in seconds -------------
LED 1434.083 ; 0.01 ; 7 ;  ;  ; 1
GA  0.98268 ; 0.00042 ; 1434.06 ; 0.01 ; 0
EK  0.0000615 ; 0.0000009 ; 1428.094 ; 0.01 ; 0
EL1 0.00000561 ; 0.00000008 ; 1433.388 ; 0.01 ; 0
EL2 0.00000002673 ; 0.00000000039 ; 1433.499 ; 0.01 ; 0
EL3 0.0000000363 ; 0.0000000006 ; 1433.509 ; 0.01 ; 0
EM  0.000000747 ; 0.000000011 ; 1434.05 ; 0.01 ; 0
EN  0.0000000281 ; 0.00000000039 ; 1434.083 ; 0.01 ; 0
