PAR ND147
AZP 147 ; 60
NDA 1
COM ***************** Evaluation Date: 25/03/2011 ****************
COM ===================== Daughter Separator =====================
DAU PM147
DDE 1 ;  ; 10 ; 8
Q   895.7 ; 0.9
COM ---------------------- Branch Separator ----------------------
BEM 0.02184 ; 0.00016 ; 10 ; 209.8 ; 0.9 ; 0
COM ---------------------- Branch Separator ----------------------
BEM 0.000897 ; 0.000028 ; 9 ; 215.3 ; 0.9 ; 0
COM ---------------------- Branch Separator ----------------------
BEM 0.00296 ; 0.00019 ; 8 ; 246.7 ; 0.9 ; -2
COM ---------------------- Branch Separator ----------------------
COM ---------------------- Branch Separator ----------------------
BEM 0.00019 ; 0.000027 ; 6 ; 262.8 ; 0.9 ; -1
COM ---------------------- Branch Separator ----------------------
BEM 0.146 ; 0.009 ; 5 ; 364.7 ; 0.9 ; 0
COM ---------------------- Branch Separator ----------------------
BEM 0.00781 ; 0.00015 ; 4 ; 406.4 ; 0.9 ; 0
COM ---------------------- Branch Separator ----------------------
BEM 0.00715 ; 0.00034 ; 3 ; 485.2 ; 0.9 ; 0
COM ---------------------- Branch Separator ----------------------
COM ---------------------- Branch Separator ----------------------
BEM 0.81 ; 0.05 ; 1 ; 804.6 ; 0.9 ; 0
COM ---------------------- Branch Separator ----------------------
COM -------------- Level Separator - T1/2 in seconds -------------
LED 685.89 ; 0.015 ; 48 ; 2.5E-10 ; 1.E-10 ; 10
GA   ;  ; 36.75 ; 0.1 ; 8
EL1 0 ;  ; 29.32 ; 0.1 ; 8
EL2 0 ;  ; 29.74 ; 0.1 ; 8
EL3 0 ;  ; 30.29 ; 0.1 ; 8
EM  0 ;  ; 35.44 ; 0.1 ; 8
EN  0 ; 0 ; 36.6 ; 0.1 ; 8
GA   ;  ; 53.1 ; 0.2 ; 6
EK  0 ; 0 ; 7.92 ; 0.2 ; 6
EL1 0 ; 0 ; 45.67 ; 0.2 ; 6
EL2 0 ; 0 ; 46.09 ; 0.2 ; 6
EL3 0 ; 0 ; 46.64 ; 0.2 ; 6
EM  0 ; 0 ; 51.79 ; 0.2 ; 6
EN  0 ; 0 ; 52.95 ; 0.2 ; 6
GA  0.0000394 ; 0.0000038 ; 154.7 ; 0.2 ; 5
EK  0.0000142 ; 0.0000018 ; 109.52 ; 0.2 ; 5
EL1 0.00000162 ; 0.00000039 ; 147.27 ; 0.2 ; 5
EL2 0.000001 ; 0.0000009 ; 147.69 ; 0.2 ; 5
EL3 0.0000009 ; 0.0000009 ; 148.24 ; 0.2 ; 5
EM  0.00000079 ; 0.00000036 ; 153.39 ; 0.2 ; 5
EN  0.00000019 ; 0.00000008 ; 154.55 ; 0.2 ; 5
GA  0.001798 ; 0.000018 ; 196.64 ; 0.04 ; 4
EK  0.000352 ; 0.000006 ; 151.456 ; 0.04 ; 4
EL1 0.0000448 ; 0.000001 ; 189.212 ; 0.04 ; 4
EL2 0.0000043 ; 0.0000009 ; 189.627 ; 0.04 ; 4
EL3 0.0000016 ; 0.0000009 ; 190.181 ; 0.04 ; 4
EM  0.00001081 ; 0.00000034 ; 195.329 ; 0.04 ; 4
EN  0.00000279 ; 0.00000009 ; 196.488 ; 0.04 ; 4
GA  0.00775 ; 0.00011 ; 275.374 ; 0.015 ; 3
EK  0.000614 ; 0.000012 ; 230.19 ; 0.015 ; 3
EL1 0.000078 ; 0.0000016 ; 267.946 ; 0.015 ; 3
EL2 0.00000555 ; 0.00000012 ; 268.361 ; 0.015 ; 3
EL3 0.00000124 ; 0.000000036 ; 268.915 ; 0.015 ; 3
EM  0.00001814 ; 0.0000004 ; 274.063 ; 0.015 ; 3
EN  0.00000469 ; 0.0000001 ; 275.222 ; 0.015 ; 3
GA  0.002653 ; 0.000036 ; 594.8 ; 0.03 ; 1
EK  0.0000264 ; 0.0000007 ; 549.616 ; 0.03 ; 1
EL1 0.00000329 ; 0.00000009 ; 587.372 ; 0.03 ; 1
EL2 0.000000249 ; 0.000000011 ; 587.787 ; 0.03 ; 1
EL3 0.000000088 ; 0.000000008 ; 588.341 ; 0.03 ; 1
EM  0.000000775 ; 0.000000019 ; 593.489 ; 0.03 ; 1
EN  0.0000002006 ; 0.0000000048 ; 594.648 ; 0.03 ; 1
GA  0.00834 ; 0.00009 ; 685.9 ; 0.04 ; 0
EK  0.0000525 ; 0.0000034 ; 640.716 ; 0.04 ; 0
EL1 0.00000651 ; 0.00000042 ; 678.472 ; 0.04 ; 0
EL2 0.00000058 ; 0.00000005 ; 678.887 ; 0.04 ; 0
EL3 0.000000242 ; 0.000000042 ; 679.441 ; 0.04 ; 0
EM  0.00000157 ; 0.00000008 ; 684.589 ; 0.04 ; 0
EN  0.000000404 ; 0.00000002 ; 685.748 ; 0.04 ; 0
COM -------------- Level Separator - T1/2 in seconds -------------
LED 680.44 ; 0.04 ; 41 ;  ;  ; 9
GA   ;  ; 31.3 ; 0.2 ; 8
EL1 0 ; 0.00000002 ; 23.87 ; 0.2 ; 8
EL2 0 ; 0.00000002 ; 24.29 ; 0.2 ; 8
EL3 0 ; 0.00000002 ; 24.84 ; 0.2 ; 8
EM  0 ; 0.00000002 ; 29.99 ; 0.2 ; 8
EN  0 ; 0.000000023 ; 31.15 ; 0.2 ; 8
GA  0.0000368 ; 0.0000038 ; 149.3 ; 0.2 ; 5
EK  0.0000144 ; 0.0000018 ; 104.12 ; 0.2 ; 5
EL1 0.00000166 ; 0.00000041 ; 141.87 ; 0.2 ; 5
EL2 0.0000011 ; 0.0000011 ; 142.29 ; 0.2 ; 5
EL3 0.0000011 ; 0.0000011 ; 142.84 ; 0.2 ; 5
EM  0.00000081 ; 0.00000038 ; 147.99 ; 0.2 ; 5
EN  0.00000021 ; 0.00000009 ; 149.15 ; 0.2 ; 5
GA  0.0000356 ; 0.0000038 ; 191 ; 0.3 ; 4
EK  0.0000068 ; 0.0000011 ; 145.82 ; 0.3 ; 4
EL1 0.00000078 ; 0.0000002 ; 183.57 ; 0.3 ; 4
EL2 0.00000036 ; 0.00000029 ; 183.99 ; 0.3 ; 4
EL3 0.00000028 ; 0.00000029 ; 184.54 ; 0.3 ; 4
EM  0.00000032 ; 0.00000011 ; 189.69 ; 0.3 ; 4
EN  0.000000081 ; 0.000000025 ; 190.85 ; 0.3 ; 4
GA  0.000126 ; 0.000009 ; 271.87 ; 0.06 ; 2
EK  0.0000103 ; 0.0000008 ; 226.69 ; 0.06 ; 2
EL1 0.00000132 ; 0.0000001 ; 264.44 ; 0.06 ; 2
EL2 0.000000093 ; 0.000000007 ; 264.86 ; 0.06 ; 2
EL3 0.0000000202 ; 0.0000000028 ; 265.41 ; 0.06 ; 2
EM  0.000000305 ; 0.000000022 ; 270.56 ; 0.06 ; 2
EN  0.000000079 ; 0.000000006 ; 271.72 ; 0.06 ; 2
GA  0.00037 ; 0.00002 ; 589.35 ; 0.04 ; 1
EK  0.0000033 ; 0.0000009 ; 544.166 ; 0.04 ; 1
EL1 0.00000041 ; 0.00000015 ; 581.922 ; 0.04 ; 1
EL2 0.000000044 ; 0.000000019 ; 582.337 ; 0.04 ; 1
EL3 0.000000022 ; 0.000000015 ; 582.891 ; 0.04 ; 1
EM  0.0000001 ; 0.000000016 ; 588.039 ; 0.04 ; 1
EN  0.0000000275 ; 0.000000005 ; 589.198 ; 0.04 ; 1
GA  0.000283 ; 0.000014 ; 680.52 ; 0.15 ; 0
EK  0.0000018 ; 0.0000005 ; 635.34 ; 0.15 ; 0
EL1 0.00000022 ; 0.00000006 ; 673.09 ; 0.15 ; 0
EL2 0.000000021 ; 0.000000007 ; 673.51 ; 0.15 ; 0
EL3 0.000000009 ; 0.000000006 ; 674.06 ; 0.15 ; 0
EM  0.000000054 ; 0.000000012 ; 679.21 ; 0.15 ; 0
EN  0.0000000137 ; 0.0000000027 ; 680.37 ; 0.15 ; 0
COM -------------- Level Separator - T1/2 in seconds -------------
LED 649.03 ; 0.04 ; 28 ; 2.7E-8 ; 3.E-9 ; 8
GA  0.000152 ; 0.000013 ; 117.98 ; 0.08 ; 5
EK  0.000479 ; 0.000042 ; 72.8 ; 0.08 ; 5
EL1 0.0000424 ; 0.0000037 ; 110.55 ; 0.08 ; 5
EL2 0.00065 ; 0.00006 ; 110.97 ; 0.08 ; 5
EL3 0.00058 ; 0.00005 ; 111.52 ; 0.08 ; 5
EM  0.000307 ; 0.000027 ; 116.67 ; 0.08 ; 5
EN  0.000075 ; 0.000007 ; 117.83 ; 0.08 ; 5
GA  0.0000508 ; 0.0000038 ; 159.7 ; 0.2 ; 4
EK  0.000111 ; 0.000009 ; 114.52 ; 0.2 ; 4
EL1 0.0000181 ; 0.0000014 ; 152.27 ; 0.2 ; 4
EL2 0.00000214 ; 0.00000016 ; 152.69 ; 0.2 ; 4
EL3 0.00000207 ; 0.00000016 ; 153.24 ; 0.2 ; 4
EM  0.00000496 ; 0.00000038 ; 158.39 ; 0.2 ; 4
EN  0.00000129 ; 0.0000001 ; 159.55 ; 0.2 ; 4
GA  0.000406 ; 0.000025 ; 240.5 ; 0.2 ; 2
EK  0.0000086 ; 0.0000005 ; 195.32 ; 0.2 ; 2
EL1 0.00000097 ; 0.00000006 ; 233.07 ; 0.2 ; 2
EL2 0.000000096 ; 0.000000006 ; 233.49 ; 0.2 ; 2
EL3 0.000000113 ; 0.000000007 ; 234.04 ; 0.2 ; 2
EM  0.00000025 ; 0.000000016 ; 239.19 ; 0.2 ; 2
EN  0.000000064 ; 0.000000004 ; 240.35 ; 0.2 ; 2
GA  0.0000495 ; 0.0000038 ; 649.04 ; 0.08 ; 0
EK  0.00000124 ; 0.0000001 ; 603.86 ; 0.08 ; 0
EL1 0.000000167 ; 0.000000013 ; 641.61 ; 0.08 ; 0
EL2 0.0000000136 ; 0.0000000011 ; 642.03 ; 0.08 ; 0
EL3 0.00000000341 ; 0.00000000027 ; 642.58 ; 0.08 ; 0
EM  0.0000000396 ; 0.0000000031 ; 647.73 ; 0.08 ; 0
EN  0.0000000103 ; 0.0000000008 ; 648.89 ; 0.08 ; 0
COM -------------- Level Separator - T1/2 in seconds -------------
LED 641.27 ; 0.08 ; 1 ;  ;  ; 7
GA   ;  ; 230.77 ; 0.08 ; 3
COM -------------- Level Separator - T1/2 in seconds -------------
LED 632.93 ; 0.07 ; 7 ;  ;  ; 6
GA  0.000188 ; 0.000027 ; 541.83 ; 0.07 ; 1
EK  0.00000155 ; 0.00000022 ; 496.65 ; 0.07 ; 1
EL1 0.000000183 ; 0.000000026 ; 534.4 ; 0.07 ; 1
EL2 0.000000043 ; 0.000000006 ; 534.82 ; 0.07 ; 1
EL3 0.0000000256 ; 0.0000000037 ; 535.37 ; 0.07 ; 1
EM  0.000000055 ; 0.000000008 ; 540.52 ; 0.07 ; 1
EN  0.0000000139 ; 0.000000002 ; 541.68 ; 0.07 ; 1
COM -------------- Level Separator - T1/2 in seconds -------------
LED 531.012 ; 0.015 ; 21 ; 8.3E-11 ; 1.5E-11 ; 5
GA  0.00361 ; 0.00014 ; 120.48 ; 0.05 ; 3
EK  0.00279 ; 0.00012 ; 75.3 ; 0.05 ; 3
EL1 0.000356 ; 0.000015 ; 113.05 ; 0.05 ; 3
EL2 0.000035 ; 0.000006 ; 113.47 ; 0.05 ; 3
EL3 0.000012 ; 0.000006 ; 114.02 ; 0.05 ; 3
EM  0.0000863 ; 0.0000044 ; 119.17 ; 0.05 ; 3
EN  0.0000223 ; 0.0000011 ; 120.33 ; 0.05 ; 3
GA  0.01203 ; 0.00011 ; 439.895 ; 0.022 ; 1
EK  0.000253 ; 0.000005 ; 394.711 ; 0.022 ; 1
EL1 0.0000314 ; 0.0000006 ; 432.467 ; 0.022 ; 1
EL2 0.00000322 ; 0.00000008 ; 432.882 ; 0.022 ; 1
EL3 0.00000137 ; 0.00000006 ; 433.436 ; 0.022 ; 1
EM  0.00000771 ; 0.00000014 ; 438.584 ; 0.022 ; 1
EN  0.000001995 ; 0.000000035 ; 439.743 ; 0.022 ; 1
GA  0.127 ; 0.009 ; 531.016 ; 0.022 ; 0
EK  0.00174 ; 0.00013 ; 485.832 ; 0.022 ; 0
EL1 0.000218 ; 0.000016 ; 523.588 ; 0.022 ; 0
EL2 0.0000155 ; 0.0000012 ; 524.003 ; 0.022 ; 0
EL3 0.0000048 ; 0.0000005 ; 524.557 ; 0.022 ; 0
EM  0.0000511 ; 0.0000037 ; 529.705 ; 0.022 ; 0
EN  0.0000132 ; 0.000001 ; 530.864 ; 0.022 ; 0
COM -------------- Level Separator - T1/2 in seconds -------------
LED 489.255 ; 0.016 ; 21 ;  ;  ; 4
GA  0.0000086 ; 0.0000011 ; 80.82 ; 0.27 ; 2
EK  0.0000194 ; 0.0000029 ; 35.64 ; 0.27 ; 2
EL1 0.0000021 ; 0.0000007 ; 73.39 ; 0.27 ; 2
EL2 0.0000043 ; 0.0000043 ; 73.81 ; 0.27 ; 2
EL3 0.000004 ; 0.000005 ; 74.36 ; 0.27 ; 2
EM  0.0000025 ; 0.0000019 ; 79.51 ; 0.27 ; 2
EN  0.00000058 ; 0.00000049 ; 80.67 ; 0.27 ; 2
GA  0.00855 ; 0.00008 ; 398.155 ; 0.02 ; 1
EK  0.0002505 ; 0.0000049 ; 352.971 ; 0.02 ; 1
EL1 0.0000316 ; 0.0000007 ; 390.727 ; 0.02 ; 1
EL2 0.00000237 ; 0.0000001 ; 391.142 ; 0.02 ; 1
EL3 0.00000071 ; 0.00000009 ; 391.696 ; 0.02 ; 1
EM  0.0000074 ; 0.00000013 ; 396.844 ; 0.02 ; 1
EN  0.000001919 ; 0.000000035 ; 398.003 ; 0.02 ; 1
GA  0.00136 ; 0.00011 ; 489.24 ; 0.03 ; 0
EK  0.0000207 ; 0.0000027 ; 444.056 ; 0.03 ; 0
EL1 0.00000256 ; 0.00000037 ; 481.812 ; 0.03 ; 0
EL2 0.00000029 ; 0.00000007 ; 482.227 ; 0.03 ; 0
EL3 0.00000014 ; 0.00000007 ; 482.781 ; 0.03 ; 0
EM  0.00000064 ; 0.00000007 ; 487.929 ; 0.03 ; 0
EN  0.000000164 ; 0.000000017 ; 489.088 ; 0.03 ; 0
COM -------------- Level Separator - T1/2 in seconds -------------
LED 410.512 ; 0.13 ; 14 ; 1.39E-10 ; 1.4E-11 ; 3
GA  0.01991 ; 0.00019 ; 319.411 ; 0.018 ; 1
EK  0.001023 ; 0.000019 ; 274.227 ; 0.018 ; 1
EL1 0.0001288 ; 0.0000023 ; 311.983 ; 0.018 ; 1
EL2 0.00001252 ; 0.00000027 ; 312.398 ; 0.018 ; 1
EL3 0.00000492 ; 0.00000017 ; 312.952 ; 0.018 ; 1
EM  0.0000313 ; 0.0000005 ; 318.1 ; 0.018 ; 1
EN  0.0000081 ; 0.00000014 ; 319.259 ; 0.018 ; 1
GA  0.00137 ; 0.00006 ; 410.48 ; 0.03 ; 0
EK  0.0000236 ; 0.0000011 ; 365.296 ; 0.03 ; 0
EL1 0.00000273 ; 0.00000013 ; 403.052 ; 0.03 ; 0
EL2 0.000000941 ; 0.000000043 ; 403.467 ; 0.03 ; 0
EL3 0.000000618 ; 0.000000029 ; 404.021 ; 0.03 ; 0
EM  0.000000936 ; 0.000000043 ; 409.169 ; 0.03 ; 0
EN  0.000000238 ; 0.000000011 ; 410.328 ; 0.03 ; 0
COM -------------- Level Separator - T1/2 in seconds -------------
LED 408.54 ; 0.05 ; 7 ;  ;  ; 2
GA  0.000178 ; 0.000013 ; 408.52 ; 0.06 ; 0
EK  0.00000457 ; 0.00000035 ; 363.34 ; 0.06 ; 0
EL1 0.000000571 ; 0.000000043 ; 401.09 ; 0.06 ; 0
EL2 0.000000063 ; 0.000000005 ; 401.51 ; 0.06 ; 0
EL3 0.0000000256 ; 0.0000000025 ; 402.06 ; 0.06 ; 0
EM  0.00000014 ; 0.00000001 ; 407.21 ; 0.06 ; 0
EN  0.0000000362 ; 0.0000000027 ; 408.37 ; 0.06 ; 0
COM -------------- Level Separator - T1/2 in seconds -------------
LED 91.1049 ; 0.002 ; 7 ; 2.5E-9 ; 5.E-11 ; 1
GA  0.284 ; 0.018 ; 91.105 ; 0.002 ; 0
EK  0.487 ; 0.032 ; 45.921 ; 0.002 ; 0
EL1 0.0625 ; 0.0041 ; 83.6771 ; 0.002 ; 0
EL2 0.00625 ; 0.00043 ; 84.0922 ; 0.002 ; 0
EL3 0.0023 ; 0.00022 ; 84.6457 ; 0.002 ; 0
EM  0.0152 ; 0.001 ; 89.7937 ; 0.002 ; 0
EN  0.00393 ; 0.00026 ; 90.953 ; 0.002 ; 0
