PAR NP237
AZP 237 ; 93
NDA 1
COM ***************** Evaluation Date: 06/07/2009 ****************
COM ===================== Daughter Separator =====================
DAU PA233
DDE 1 ;  ; 20 ; 19
Q   4958.3 ; 1.2
COM ---------------------- Branch Separator ----------------------
ALP 0.00038 ; 0.00004 ; 20 ; 4515.1 ; 1.9 ; 0
COM ---------------------- Branch Separator ----------------------
COM ---------------------- Branch Separator ----------------------
ALP 0.00048 ; 0.00023 ; 18 ; 4573 ; 3 ; 0
COM ---------------------- Branch Separator ----------------------
ALP 0.00393 ; 0.00023 ; 17 ; 4578.6 ; 1.4 ; 0
COM ---------------------- Branch Separator ----------------------
ALP 0.00373 ; 0.00009 ; 16 ; 4599.1 ; 1.8 ; 0
COM ---------------------- Branch Separator ----------------------
ALP 0.00032 ; 0.00008 ; 15 ; 4619.7 ; 2.1 ; 0
COM ---------------------- Branch Separator ----------------------
ALP 0.0643 ; 0.0003 ; 14 ; 4640 ; 1 ; 0
COM ---------------------- Branch Separator ----------------------
ALP 0.0346 ; 0.0003 ; 13 ; 4665 ; 0.9 ; 0
COM ---------------------- Branch Separator ----------------------
ALP 0.0038 ; 0.0002 ; 12 ; 4676.4 ;  ; 0
COM ---------------------- Branch Separator ----------------------
ALP 0.00535 ; 0.0001 ; 11 ; 4698.2 ; 0.8 ; 0
COM ---------------------- Branch Separator ----------------------
COM ---------------------- Branch Separator ----------------------
ALP 0.01174 ; 0.00013 ; 9 ; 4712.3 ; 2 ; 0
COM ---------------------- Branch Separator ----------------------
ALP 0.00019 ; 0 ; 8 ; 4741.3 ; 2 ; 0
COM ---------------------- Branch Separator ----------------------
ALP 0.095 ; 0.003 ; 7 ; 4766.5 ; 0.8 ; 0
COM ---------------------- Branch Separator ----------------------
ALP 0.23 ; 0.003 ; 6 ; 4771.4 ; 0.8 ; 0
COM ---------------------- Branch Separator ----------------------
COM ---------------------- Branch Separator ----------------------
ALP 0.4764 ; 0.0006 ; 4 ; 4788 ; 0.9 ; 0
COM ---------------------- Branch Separator ----------------------
ALP 0.0202 ; 0.0002 ; 3 ; 4803.5 ; 1 ; 0
COM ---------------------- Branch Separator ----------------------
ALP 0.0243 ; 0.00017 ; 2 ; 4816.8 ; 1 ; 0
COM ---------------------- Branch Separator ----------------------
ALP 0.0051 ; 0.0003 ; 1 ; 4866.4 ; 1.4 ; 0
ALP 0.00011 ; 0.00003 ; 1 ; 4550.5 ; 2.2 ; 0
COM ---------------------- Branch Separator ----------------------
ALP 0.0241 ; 0.0003 ; 0 ; 4872.7 ; 1.4 ; 0
COM -------------- Level Separator - T1/2 in seconds -------------
LED 365.93 ; 0.08 ; 42 ;  ;  ; 20
GA  0.00007 ; 0.00002 ; 153.37 ; 0.1 ; 13
EK  0.0000158 ; 0.0000045 ; 40.77 ; 0.1 ; 13
EL1 0.0000049 ; 0.0000014 ; 132.27 ; 0.1 ; 13
EL2 0.000053 ; 0.000015 ; 133.06 ; 0.1 ; 13
EL3 0.000031 ; 0.000009 ; 136.64 ; 0.1 ; 13
EM  0.000024 ; 0.000007 ; 149.05 ; 0.1 ; 13
EN  0.0000081 ; 0.0000023 ; 152.54 ; 0.1 ; 13
GA  0.00003 ; 0.00003 ; 186.86 ; 0.35 ; 11
EK  0.0000027 ; 0.0000027 ; 74.26 ; 0.35 ; 11
EL1 0.00000033 ; 0.00000033 ; 165.76 ; 0.35 ; 11
EL2 0.00000012 ; 0.00000012 ; 166.55 ; 0.35 ; 11
EL3 0.00000009 ; 0.00000009 ; 170.13 ; 0.35 ; 11
EM  0.00000013 ; 0.00000013 ; 182.54 ; 0.35 ; 11
EN  0.000000043 ; 0.000000044 ; 186.03 ; 0.35 ; 11
GA  0.000048 ; 0.000019 ; 202.9 ; 0.2 ; 9
EK  0.0000035 ; 0.0000014 ; 90.3 ; 0.2 ; 9
EL1 0.00000045 ; 0.00000018 ; 181.8 ; 0.2 ; 9
EL2 0.00000015 ; 0.00000006 ; 182.59 ; 0.2 ; 9
EL3 0.000000113 ; 0.000000045 ; 186.17 ; 0.2 ; 9
EM  0.00000017 ; 0.00000007 ; 198.58 ; 0.2 ; 9
EN  0.000000057 ; 0.000000022 ; 202.07 ; 0.2 ; 9
GA  0.0002 ; 0.0001 ; 257.09 ; 0.2 ; 7
EK  0.00023 ; 0.00011 ; 144.49 ; 0.2 ; 7
EL1 0.000038 ; 0.000019 ; 235.98 ; 0.2 ; 7
EL2 0.0000047 ; 0.0000024 ; 236.78 ; 0.2 ; 7
EL3 0.00000021 ; 0.0000001 ; 240.36 ; 0.2 ; 7
EM  0.00001 ; 0.000005 ; 252.77 ; 0.2 ; 7
EN  0.0000034 ; 0.0000017 ; 256.26 ; 0.2 ; 7
GA  0.000048 ; 0.000002 ; 262.44 ; 0.2 ; 6
EK  0.000051 ; 0.0000024 ; 149.84 ; 0.2 ; 6
EL1 0.00000864 ; 0.00000041 ; 241.34 ; 0.2 ; 6
EL2 0.000001066 ; 0.000000048 ; 242.13 ; 0.2 ; 6
EL3 0.0000000469 ; 0.0000000022 ; 245.71 ; 0.2 ; 6
EM  0.00000235 ; 0.00000011 ; 258.12 ; 0.2 ; 6
EN  0.000000781 ; 0.000000036 ; 261.61 ; 0.2 ; 6
GA  0.000108 ; 0.000004 ; 279.65 ; 0.2 ; 4
EK  0.00000915 ; 0.00000039 ; 167.05 ; 0.2 ; 4
EL1 0.0000018 ; 0.00000007 ; 258.54 ; 0.2 ; 4
EL2 0.0000064 ; 0.00000027 ; 259.34 ; 0.2 ; 4
EL3 0.00000266 ; 0.00000011 ; 262.92 ; 0.2 ; 4
EM  0.00000294 ; 0.00000013 ; 275.33 ; 0.2 ; 4
EN  0.000000973 ; 0.000000041 ; 278.82 ; 0.2 ; 4
COM -------------- Level Separator - T1/2 in seconds -------------
LED 306.05 ; 0.1 ; 9 ;  ;  ; 19
GA   ;  ; 48.96 ; 0.1 ; 15
GA   ;  ; 219.8 ; 0.1 ; 4
GA  0.00005 ; 0.00001 ; 248.95 ; 0.1 ; 2
EK  0.000054 ; 0.000013 ; 136.35 ; 0.1 ; 2
EL1 0.0000092 ; 0.0000022 ; 227.84 ; 0.1 ; 2
EL2 0.0000018 ; 0.0000006 ; 228.64 ; 0.1 ; 2
EL3 0.00000035 ; 0.00000031 ; 232.22 ; 0.1 ; 2
EM  0.0000028 ; 0.0000006 ; 244.63 ; 0.1 ; 2
EN  0.00000091 ; 0.00000018 ; 248.12 ; 0.1 ; 2
COM -------------- Level Separator - T1/2 in seconds -------------
LED 303.59 ; 0.07 ; 15 ;  ;  ; 18
GA  0.000046 ; 0.000004 ; 139.9 ; 0.1 ; 9
EK  0.000008 ; 0.0000007 ; 27.3 ; 0.1 ; 9
EL1 0.00000097 ; 0.00000009 ; 118.8 ; 0.1 ; 9
EL2 0.000000433 ; 0.000000039 ; 119.59 ; 0.1 ; 9
EL3 0.000000351 ; 0.000000031 ; 123.17 ; 0.1 ; 9
EM  0.000000426 ; 0.000000038 ; 135.58 ; 0.1 ; 9
EN  0.000000139 ; 0.000000012 ; 139.07 ; 0.1 ; 9
GA  0.00033 ; 0.00001 ; 194.67 ; 0.2 ; 7
GA  0.000053 ; 0.000008 ; 199.95 ; 0.06 ; 6
EK  0.00012 ; 0.000018 ; 87.35 ; 0.06 ; 6
EL1 0.0000205 ; 0.0000031 ; 178.84 ; 0.06 ; 6
EL2 0.00000251 ; 0.00000038 ; 179.64 ; 0.06 ; 6
EL3 0.000000115 ; 0.000000017 ; 183.22 ; 0.06 ; 6
EM  0.0000056 ; 0.0000008 ; 195.63 ; 0.06 ; 6
EN  0.00000185 ; 0.00000028 ; 199.12 ; 0.06 ; 6
COM -------------- Level Separator - T1/2 in seconds -------------
LED 300.48 ; 0.03 ; 34 ;  ;  ; 17
GA  0.00006 ; 0.00002 ; 62.59 ; 0.1 ; 14
EL1 0.00036 ; 0.00032 ; 41.48 ; 0.1 ; 14
EL2 0.0014 ; 0.0014 ; 42.28 ; 0.1 ; 14
EL3 0.0011 ; 0.0011 ; 45.86 ; 0.1 ; 14
EM  0.0008 ; 0.0007 ; 58.27 ; 0.1 ; 14
EN  0.00023 ; 0.00023 ; 61.76 ; 0.1 ; 14
GA  0.00019 ; 0.00001 ; 191.46 ; 0.05 ; 7
EK  0.00042 ; 0.00006 ; 78.86 ; 0.05 ; 7
EL1 0.000072 ; 0.00001 ; 170.36 ; 0.05 ; 7
EL2 0.000017 ; 0.000006 ; 171.15 ; 0.05 ; 7
EL3 0.0000044 ; 0.0000036 ; 174.73 ; 0.05 ; 7
EM  0.0000228 ; 0.0000022 ; 187.14 ; 0.05 ; 7
EN  0.0000076 ; 0.00000043 ; 190.63 ; 0.05 ; 7
GA  0.00021 ; 0.000001 ; 196.86 ; 0.05 ; 6
EK  0.00044 ; 0.00006 ; 84.26 ; 0.05 ; 6
EL1 0.000074 ; 0.000011 ; 175.76 ; 0.05 ; 6
EL2 0.000017 ; 0.000006 ; 176.55 ; 0.05 ; 6
EL3 0.0000042 ; 0.0000036 ; 180.13 ; 0.05 ; 6
EM  0.0000231 ; 0.0000021 ; 192.54 ; 0.05 ; 6
EN  0.00000772 ; 0.00000013 ; 196.03 ; 0.05 ; 6
GA  0.00037 ; 0.00002 ; 214.01 ; 0.05 ; 4
EK  0.00061 ; 0.00009 ; 101.41 ; 0.05 ; 4
EL1 0.000104 ; 0.000016 ; 192.9 ; 0.05 ; 4
EL2 0.000022 ; 0.000007 ; 193.7 ; 0.05 ; 4
EL3 0.0000052 ; 0.0000041 ; 197.28 ; 0.05 ; 4
EM  0.0000333 ; 0.0000041 ; 209.69 ; 0.05 ; 4
EN  0.0000106 ; 0.0000006 ; 213.18 ; 0.05 ; 4
GA  0.00014 ; 0.00003 ; 229.94 ; 0.05 ; 3
EK  0.0000077 ; 0.0000017 ; 117.34 ; 0.05 ; 3
EL1 0.000001 ; 0.00000021 ; 208.84 ; 0.05 ; 3
EL2 0.00000032 ; 0.00000007 ; 209.63 ; 0.05 ; 3
EL3 0.000000223 ; 0.000000048 ; 213.21 ; 0.05 ; 3
EM  0.00000037 ; 0.00000008 ; 225.62 ; 0.05 ; 3
EN  0.000000121 ; 0.000000026 ; 229.11 ; 0.05 ; 3
COM -------------- Level Separator - T1/2 in seconds -------------
LED 279.71 ; 0.03 ; 29 ;  ;  ; 16
GA  0.0002 ; 0.00004 ; 170.59 ; 0.06 ; 7
EK  0.00062 ; 0.00016 ; 57.99 ; 0.06 ; 7
EL1 0.000106 ; 0.000025 ; 149.49 ; 0.06 ; 7
EL2 0.000026 ; 0.000013 ; 150.28 ; 0.06 ; 7
EL3 0.000008 ; 0.000008 ; 153.86 ; 0.06 ; 7
EM  0.000034 ; 0.000007 ; 166.27 ; 0.06 ; 7
EN  0.0000114 ; 0.0000023 ; 169.76 ; 0.06 ; 7
GA  0.00015 ; 0.00003 ; 176.12 ; 0.06 ; 6
EK  0.00042 ; 0.0001 ; 63.52 ; 0.06 ; 6
EL1 0.000072 ; 0.000018 ; 155.02 ; 0.06 ; 6
EL2 0.000018 ; 0.000008 ; 155.81 ; 0.06 ; 6
EL3 0.0000045 ; 0.0000046 ; 159.39 ; 0.06 ; 6
EM  0.000024 ; 0.000005 ; 171.8 ; 0.06 ; 6
EN  0.0000078 ; 0.0000016 ; 175.29 ; 0.06 ; 6
GA  0.00044 ; 0.00001 ; 193.26 ; 0.05 ; 4
EK  0.00097 ; 0.00013 ; 80.66 ; 0.05 ; 4
EL1 0.000163 ; 0.000022 ; 172.16 ; 0.05 ; 4
EL2 0.000035 ; 0.000013 ; 172.95 ; 0.05 ; 4
EL3 0.00001 ; 0.000008 ; 176.53 ; 0.05 ; 4
EM  0.0000528 ; 0.0000046 ; 188.94 ; 0.05 ; 4
EN  0.0000171 ; 0.0000005 ; 192.43 ; 0.05 ; 4
GA  0.00015 ; 0.000015 ; 209.19 ; 0.05 ; 3
EK  0.0000103 ; 0.0000011 ; 96.59 ; 0.05 ; 3
EL1 0.00000131 ; 0.00000013 ; 188.08 ; 0.05 ; 3
EL2 0.000000442 ; 0.000000045 ; 188.88 ; 0.05 ; 3
EL3 0.000000321 ; 0.000000033 ; 192.46 ; 0.05 ; 3
EM  0.0000005 ; 0.00000005 ; 204.87 ; 0.05 ; 3
EN  0.000000164 ; 0.000000017 ; 208.36 ; 0.05 ; 3
GA  0.00002 ; 0.00002 ; 222.6 ; 0.2 ; 2
COM -------------- Level Separator - T1/2 in seconds -------------
LED 257.1 ; 0.4 ; 7 ;  ;  ; 15
GA   ;  ; 153.37 ; 0.2 ; 6
GA   ;  ; 162.41 ; 0.2 ; 5
GA   ;  ; 170.59 ; 0.2 ; 4
GA   ;  ; 186.86 ; 0.2 ; 3
GA   ;  ; 199.95 ; 0.2 ; 2
GA   ;  ; 250.58 ; 0.2 ; 1
GA   ;  ; 257.09 ; 0.2 ; 0
COM -------------- Level Separator - T1/2 in seconds -------------
LED 237.895 ; 0.013 ; 41 ;  ;  ; 14
GA  0.00005 ; 0.00001 ; 36.32 ; 0.02 ; 12
EL1 0.0027 ; 0.0005 ; 15.215 ; 0.02 ; 12
EL2 0.00065 ; 0.00042 ; 16.006 ; 0.02 ; 12
EL3 0.00035 ; 0.00041 ; 19.587 ; 0.02 ; 12
EM  0.0009 ; 0.00027 ; 32.003 ; 0.02 ; 12
EN  0.0003 ; 0.00009 ; 35.495 ; 0.02 ; 12
GA  0.00069 ; 0.00005 ; 134.285 ; 0.02 ; 6
EK  0.0042 ; 0.0008 ; 21.689 ; 0.02 ; 6
EL1 0.00072 ; 0.00011 ; 113.18 ; 0.02 ; 6
EL2 0.00021 ; 0.00011 ; 113.971 ; 0.02 ; 6
EL3 0.00008 ; 0.00008 ; 117.552 ; 0.02 ; 6
EM  0.00026 ; 0.00006 ; 129.968 ; 0.02 ; 6
EN  0.000085 ; 0.000011 ; 133.46 ; 0.02 ; 6
GA  0.0042 ; 0.0004 ; 143.249 ; 0.02 ; 5
EK  0.0226 ; 0.0022 ; 30.653 ; 0.02 ; 5
EL1 0.00389 ; 0.00038 ; 122.144 ; 0.02 ; 5
EL2 0.00081 ; 0.0001 ; 122.935 ; 0.02 ; 5
EL3 0.000223 ; 0.000047 ; 126.516 ; 0.02 ; 5
EM  0.00121 ; 0.00012 ; 138.932 ; 0.02 ; 5
EN  0.0004 ; 0.000039 ; 142.424 ; 0.02 ; 5
GA  0.00234 ; 0.00002 ; 151.414 ; 0.02 ; 4
EK  0.008 ; 0.0012 ; 38.818 ; 0.02 ; 4
EL1 0.00138 ; 0.00019 ; 130.309 ; 0.02 ; 4
EL2 0.00077 ; 0.00016 ; 131.1 ; 0.02 ; 4
EL3 0.00037 ; 0.00012 ; 134.681 ; 0.02 ; 4
EM  0.000648 ; 0.000033 ; 147.097 ; 0.02 ; 4
EN  0.000214 ; 0.000011 ; 150.589 ; 0.02 ; 4
GA  0.00016 ; 0.00001 ; 180.81 ; 0.1 ; 2
EK  0.0000154 ; 0.000001 ; 68.198 ; 0.019 ; 2
EL1 0.00000192 ; 0.00000013 ; 159.689 ; 0.019 ; 2
EL2 0.000000717 ; 0.000000047 ; 160.48 ; 0.019 ; 2
EL3 0.000000541 ; 0.000000036 ; 164.061 ; 0.019 ; 2
EM  0.00000077 ; 0.00000005 ; 176.477 ; 0.019 ; 2
EN  0.000000252 ; 0.000000047 ; 179.969 ; 0.019 ; 2
GA  0.000573 ; 0.000006 ; 237.86 ; 0.02 ; 0
EK  0.0000293 ; 0.0000006 ; 125.264 ; 0.02 ; 0
EL1 0.00000379 ; 0.00000008 ; 216.755 ; 0.02 ; 0
EL2 0.000001175 ; 0.000000026 ; 217.546 ; 0.02 ; 0
EL3 0.000000819 ; 0.000000019 ; 221.127 ; 0.02 ; 0
EM  0.000001392 ; 0.000000032 ; 233.543 ; 0.02 ; 0
EN  0.000000457 ; 0.00000001 ; 237.035 ; 0.02 ; 0
COM -------------- Level Separator - T1/2 in seconds -------------
LED 212.342 ; 0.018 ; 30 ;  ;  ; 13
GA   ;  ; 10.7 ; 0.02 ; 12
GA   ;  ; 43.2 ; 0.02 ; 10
GA  0.00071 ; 0.00003 ; 108.7 ; 0.02 ; 6
EL1 0.0015 ; 0.00018 ; 87.595 ; 0.02 ; 6
EL2 0.00028 ; 0.00028 ; 88.386 ; 0.02 ; 6
EL3 0.00007 ; 0.00021 ; 91.967 ; 0.02 ; 6
EM  0.00046 ; 0.00009 ; 104.383 ; 0.02 ; 6
EN  0.000151 ; 0.000035 ; 107.875 ; 0.02 ; 6
GA  0.00171 ; 0.00004 ; 117.702 ; 0.02 ; 5
EK  0.0159 ; 0.0009 ; 5.106 ; 0.02 ; 5
EL1 0.00277 ; 0.00017 ; 96.597 ; 0.02 ; 5
EL2 0.00068 ; 0.00021 ; 97.388 ; 0.02 ; 5
EL3 0.00024 ; 0.00014 ; 100.969 ; 0.02 ; 5
EM  0.00091 ; 0.00007 ; 113.385 ; 0.02 ; 5
EN  0.000303 ; 0.000022 ; 116.877 ; 0.02 ; 5
GA   ;  ; 141.74 ; 0.1 ; 3
GA  0.00088 ; 0.00008 ; 155.239 ; 0.02 ; 2
EK  0.00012 ; 0.000011 ; 42.643 ; 0.02 ; 2
EL1 0.0000147 ; 0.0000014 ; 134.134 ; 0.02 ; 2
EL2 0.0000061 ; 0.0000006 ; 134.925 ; 0.02 ; 2
EL3 0.00000482 ; 0.00000045 ; 138.506 ; 0.02 ; 2
EM  0.0000062 ; 0.0000006 ; 150.922 ; 0.02 ; 2
EN  0.00000204 ; 0.00000019 ; 154.414 ; 0.02 ; 2
GA  0.0017 ; 0.0001 ; 212.29 ; 0.05 ; 0
EK  0.000113 ; 0.000007 ; 99.69 ; 0.05 ; 0
EL1 0.0000144 ; 0.0000009 ; 191.18 ; 0.05 ; 0
EL2 0.00000481 ; 0.0000003 ; 191.98 ; 0.05 ; 0
EL3 0.00000347 ; 0.00000022 ; 195.56 ; 0.05 ; 0
EM  0.00000546 ; 0.00000034 ; 207.97 ; 0.05 ; 0
EN  0.00000179 ; 0.00000011 ; 211.46 ; 0.05 ; 0
COM -------------- Level Separator - T1/2 in seconds -------------
LED 201.594 ; 0.019 ; 29 ;  ;  ; 12
GA   ;  ; 32.46 ; 0.05 ; 10
GA  0.000026 ; 0.000008 ; 115.4 ; 0.35 ; 4
EK  0.00013 ; 0.00016 ; 2.8 ; 0.35 ; 4
EL1 0.000026 ; 0.000025 ; 94.3 ; 0.35 ; 4
EL2 0.000039 ; 0.000036 ; 95.09 ; 0.35 ; 4
EL3 0.000023 ; 0.000024 ; 98.67 ; 0.35 ; 4
EM  0.000023 ; 0.000013 ; 111.08 ; 0.35 ; 4
EN  0.0000077 ; 0.0000042 ; 114.57 ; 0.35 ; 4
GA  0.00084 ; 0.00005 ; 131.101 ; 0.025 ; 3
EK  0.00017 ; 0.000011 ; 18.505 ; 0.025 ; 3
EL1 0.0000204 ; 0.0000013 ; 109.996 ; 0.025 ; 3
EL2 0.0000096 ; 0.0000006 ; 110.787 ; 0.025 ; 3
EL3 0.00000788 ; 0.0000005 ; 114.368 ; 0.025 ; 3
EM  0.0000092 ; 0.0000006 ; 126.784 ; 0.025 ; 3
EN  0.000003 ; 0.00000019 ; 130.276 ; 0.025 ; 3
GA  0.00174 ; 0.0002 ; 194.95 ; 0.03 ; 1
EK  0.00014 ; 0.000016 ; 82.354 ; 0.03 ; 1
EL1 0.0000177 ; 0.0000021 ; 173.845 ; 0.03 ; 1
EL2 0.0000063 ; 0.0000007 ; 174.636 ; 0.03 ; 1
EL3 0.0000046 ; 0.0000005 ; 178.217 ; 0.03 ; 1
EM  0.0000069 ; 0.0000008 ; 190.633 ; 0.03 ; 1
EN  0.00000227 ; 0.00000026 ; 194.125 ; 0.03 ; 1
GA  0.000392 ; 0.000009 ; 201.62 ; 0.05 ; 0
EK  0.0000292 ; 0.0000009 ; 89.02 ; 0.05 ; 0
EL1 0.0000037 ; 0.00000011 ; 180.52 ; 0.05 ; 0
EL2 0.000001286 ; 0.00000004 ; 181.31 ; 0.05 ; 0
EL3 0.000000941 ; 0.000000029 ; 184.89 ; 0.05 ; 0
EM  0.000001431 ; 0.000000043 ; 197.3 ; 0.05 ; 0
EN  0.000000469 ; 0.000000015 ; 200.79 ; 0.05 ; 0
COM -------------- Level Separator - T1/2 in seconds -------------
LED 179.1 ; 0.4 ; 1 ;  ;  ; 11
GA   ;  ; 109.1 ; 0.1 ; 3
COM -------------- Level Separator - T1/2 in seconds -------------
LED 169.152 ; 0.02 ; 20 ;  ;  ; 10
GA  0.00012 ; 0.00003 ; 74.54 ; 0.1 ; 5
EL1 0.00079 ; 0.0002 ; 53.44 ; 0.1 ; 5
EL2 0.000094 ; 0.000024 ; 54.23 ; 0.1 ; 5
EL3 0.000005 ; 0.0000012 ; 57.81 ; 0.1 ; 5
EM  0.00021 ; 0.00005 ; 70.22 ; 0.1 ; 5
EN  0.000072 ; 0.000018 ; 73.71 ; 0.1 ; 5
GA  0.00033 ; 0.00001 ; 162.41 ; 0.08 ; 1
EK  0.0000407 ; 0.0000015 ; 49.81 ; 0.08 ; 1
EL1 0.00000501 ; 0.00000018 ; 141.3 ; 0.08 ; 1
EL2 0.00000202 ; 0.00000007 ; 142.1 ; 0.08 ; 1
EL3 0.00000157 ; 0.00000006 ; 145.68 ; 0.08 ; 1
EM  0.00000208 ; 0.00000008 ; 158.09 ; 0.08 ; 1
EN  0.00000068 ; 0.000000024 ; 161.58 ; 0.08 ; 1
GA  0.000672 ; 0.000003 ; 169.156 ; 0.02 ; 0
EK  0.0000753 ; 0.0000015 ; 56.56 ; 0.02 ; 0
EL1 0.00000933 ; 0.00000021 ; 148.051 ; 0.02 ; 0
EL2 0.00000365 ; 0.00000008 ; 148.842 ; 0.02 ; 0
EL3 0.0000028 ; 0.00000006 ; 152.423 ; 0.02 ; 0
EM  0.00000382 ; 0.00000008 ; 164.839 ; 0.02 ; 0
EN  0.00000125 ; 0.000000025 ; 168.331 ; 0.02 ; 0
COM -------------- Level Separator - T1/2 in seconds -------------
LED 163.34 ; 0.1 ; 7 ;  ;  ; 9
GA   ;  ; 54.4 ; 0.1 ; 7
GA  0.000509 ; 0.000029 ; 106.15 ; 0.25 ; 2
EL1 0.000103 ; 0.000006 ; 85.04 ; 0.25 ; 2
EL2 0.002 ; 0.00012 ; 85.84 ; 0.25 ; 2
EL3 0.00135 ; 0.00008 ; 89.42 ; 0.25 ; 2
EM  0.00095 ; 0.00006 ; 101.83 ; 0.25 ; 2
EN  0.000315 ; 0.000019 ; 105.32 ; 0.25 ; 2
COM -------------- Level Separator - T1/2 in seconds -------------
LED 133.2 ; 1 ; 1 ;  ;  ; 8
GA   ;  ; 24.14 ; 0.1 ; 7
COM -------------- Level Separator - T1/2 in seconds -------------
LED 109.04 ; 0.05 ; 2 ;  ;  ; 7
GA  0.0022 ; 0.00005 ; 5.18 ; 0.1 ; 6
GA   ;  ; 22.6 ; 0.1 ; 4
COM -------------- Level Separator - T1/2 in seconds -------------
LED 103.636 ; 0.02 ; 8 ;  ;  ; 6
GA   ;  ; 9 ; 0.1 ; 5
GA   ;  ; 17.4 ; 0.05 ; 4
GA  0.00109 ; 0.00004 ; 46.53 ; 0.06 ; 2
EL1 0.000232 ; 0.00001 ; 25.42 ; 0.06 ; 2
EL2 0.000246 ; 0.000011 ; 26.22 ; 0.06 ; 2
EL3 0.000271 ; 0.000011 ; 29.8 ; 0.06 ; 2
EM  0.000186 ; 0.000008 ; 42.21 ; 0.06 ; 2
EN  0.0000597 ; 0.0000025 ; 45.7 ; 0.06 ; 2
COM -------------- Level Separator - T1/2 in seconds -------------
LED 94.645 ; 0.016 ; 13 ;  ;  ; 5
GA  0.0012 ; 0.0005 ; 8.22 ; 0.05 ; 4
GA  0.00143 ; 0.00003 ; 87.99 ; 0.03 ; 1
EL1 0.0000828 ; 0.0000024 ; 66.885 ; 0.03 ; 1
EL2 0.0000519 ; 0.0000015 ; 67.676 ; 0.03 ; 1
EL3 0.0000479 ; 0.0000014 ; 71.257 ; 0.03 ; 1
EM  0.0000446 ; 0.0000013 ; 83.673 ; 0.03 ; 1
EN  0.00001449 ; 0.00000043 ; 87.165 ; 0.03 ; 1
GA  0.0066 ; 0.0007 ; 94.64 ; 0.05 ; 0
EL1 0.000327 ; 0.000035 ; 73.54 ; 0.05 ; 0
EL2 0.000194 ; 0.000021 ; 74.33 ; 0.05 ; 0
EL3 0.000175 ; 0.000019 ; 77.91 ; 0.05 ; 0
EM  0.00017 ; 0.000018 ; 90.32 ; 0.05 ; 0
EN  0.000055 ; 0.000006 ; 93.81 ; 0.05 ; 0
COM -------------- Level Separator - T1/2 in seconds -------------
LED 86.469 ; 0.009 ; 12 ; 3.58E-8 ; 4.E-10 ; 4
GA  0.143 ; 0.006 ; 29.374 ; 0.02 ; 2
EL1 0.0696 ; 0.0033 ; 8.269 ; 0.02 ; 2
EL2 0.114 ; 0.005 ; 9.06 ; 0.02 ; 2
EL3 0.144 ; 0.007 ; 12.641 ; 0.02 ; 2
EM  0.0837 ; 0.0039 ; 25.057 ; 0.02 ; 2
EN  0.0266 ; 0.0012 ; 28.549 ; 0.02 ; 2
GA  0.1226 ; 0.0012 ; 86.477 ; 0.01 ; 0
EL1 0.0662 ; 0.0037 ; 65.372 ; 0.01 ; 0
EL2 0.0674 ; 0.0037 ; 66.163 ; 0.01 ; 0
EL3 0.0043 ; 0.0009 ; 69.744 ; 0.01 ; 0
EM  0.027 ; 0.007 ; 82.16 ; 0.01 ; 0
EN  0.0098 ; 0.0012 ; 85.652 ; 0.01 ; 0
COM -------------- Level Separator - T1/2 in seconds -------------
LED 70.51 ; 0.025 ; 12 ;  ;  ; 3
GA  0.000107 ; 0.000004 ; 63.9 ; 0.1 ; 1
EL1 0.000152 ; 0.000006 ; 42.8 ; 0.1 ; 1
EL2 0.00434 ; 0.00016 ; 43.59 ; 0.1 ; 1
EL3 0.0035 ; 0.00015 ; 47.17 ; 0.1 ; 1
EM  0.0022 ; 0.00009 ; 59.58 ; 0.1 ; 1
EN  0.000728 ; 0.000031 ; 63.07 ; 0.1 ; 1
GA  0.000107 ; 0.000004 ; 70.49 ; 0.1 ; 0
EL1 0.00043 ; 0.00043 ; 49.38 ; 0.1 ; 0
EL2 0.0014 ; 0.0014 ; 50.18 ; 0.1 ; 0
EL3 0.0011 ; 0.0011 ; 53.76 ; 0.1 ; 0
EM  0.0008 ; 0.0006 ; 66.17 ; 0.1 ; 0
EN  0.00027 ; 0.0002 ; 69.66 ; 0.1 ; 0
COM -------------- Level Separator - T1/2 in seconds -------------
LED 57.101 ; 0.014 ; 6 ;  ;  ; 2
GA  0.00381 ; 0.00021 ; 57.104 ; 0.02 ; 0
EL1 0.009 ; 0.0005 ; 35.999 ; 0.02 ; 0
EL2 0.262 ; 0.016 ; 36.79 ; 0.02 ; 0
EL3 0.218 ; 0.013 ; 40.371 ; 0.02 ; 0
EM  0.134 ; 0.008 ; 52.787 ; 0.02 ; 0
EN  0.0445 ; 0.0026 ; 56.279 ; 0.02 ; 0
COM -------------- Level Separator - T1/2 in seconds -------------
LED 6.654 ; 0.025 ; 3 ;  ;  ; 1
GA   ;  ; 6.65 ; 0.05 ; 0
EM  0 ; 0.0026 ; 2.33 ; 0.05 ; 0
EN  0 ; 0.0031 ; 5.82 ; 0.05 ; 0
