PAR PA234M
AZP 234 ; 91
NDA 2
COM ***************** Evaluation Date: 01/12/2010 ****************
COM ===================== Daughter Separator =====================
DAU PA234
DDE 0.0015 ;  ; 2 ; 1
Q   73.92 ; 0.02
MS  0 ; 0 ; 2 ; 0 ; 0 ; 0
COM ---------------------- Branch Separator ----------------------
COM ---------------------- Branch Separator ----------------------
COM ---------------------- Branch Separator ----------------------
COM -------------- Level Separator - T1/2 in seconds -------------
LED 83.92 ;   ; 1 ; 6.95E1 ; 7.E-1 ; 2
GA   ;  ; 10 ;  ; 1
COM -------------- Level Separator - T1/2 in seconds -------------
LED 73.92 ; 0.02 ; 6 ;  ;  ; 1
GA  0.000129 ; 0.000009 ; 73.92 ; 0.02 ; 0
EL1 0.00086 ; 0.00006 ; 52.815 ; 0.02 ; 0
EL2 0.000134 ; 0.000021 ; 53.606 ; 0.02 ; 0
EL3 0.00003 ; 0.000016 ; 57.187 ; 0.02 ; 0
EM  0.00025 ; 0.00002 ; 69.603 ; 0.02 ; 0
EN  0.000083 ; 0.000006 ; 73.095 ; 0.02 ; 0
COM ===================== Daughter Separator =====================
DAU U234
DDE 0.9985 ;  ; 30 ; 22
Q   2269 ; 4
COM ---------------------- Branch Separator ----------------------
BEM 0.0000389 ; 0.0000022 ; 30 ; 299 ; 4 ; 0
COM ---------------------- Branch Separator ----------------------
BEM 0.000108 ; 0.000003 ; 29 ; 332 ; 4 ; 0
COM ---------------------- Branch Separator ----------------------
BEM 0.000452 ; 0.000008 ; 28 ; 358 ; 4 ; 0
COM ---------------------- Branch Separator ----------------------
BEM 0.000258 ; 0.000003 ; 27 ; 394 ; 4 ; 0
COM ---------------------- Branch Separator ----------------------
BEM 0.0000311 ; 0.0000019 ; 26 ; 406 ; 4 ; 0
COM ---------------------- Branch Separator ----------------------
BEM 0.000146 ; 0.000007 ; 25 ; 460 ; 4 ; 0
COM ---------------------- Branch Separator ----------------------
BEM 0.000021 ; 0.000003 ; 24 ; 473 ; 4 ; 0
COM ---------------------- Branch Separator ----------------------
BEM 0.000357 ; 0.000018 ; 23 ; 488 ; 4 ; 0
COM ---------------------- Branch Separator ----------------------
BEM 0.000024 ; 0.000003 ; 22 ; 575 ; 4 ; 0
COM ---------------------- Branch Separator ----------------------
BEM 0.000061 ; 0.000003 ; 21 ; 602 ; 4 ; 0
COM ---------------------- Branch Separator ----------------------
BEM 0.0000127 ; 0.0000023 ; 20 ; 667 ; 4 ; 0
COM ---------------------- Branch Separator ----------------------
BEM 0.000249 ; 0.000005 ; 19 ; 677 ; 4 ; 0
COM ---------------------- Branch Separator ----------------------
BEM 0.0000231 ; 0.0000019 ; 18 ; 698 ; 4 ; 0
COM ---------------------- Branch Separator ----------------------
BEM 0.00032 ; 0.000006 ; 17 ; 715 ; 4 ; 0
COM ---------------------- Branch Separator ----------------------
BEM 0.000131 ; 0.000006 ; 16 ; 768 ; 4 ; 0
COM ---------------------- Branch Separator ----------------------
COM ---------------------- Branch Separator ----------------------
BEM 0.000092 ; 0.000011 ; 14 ; 834 ; 4 ; 0
COM ---------------------- Branch Separator ----------------------
BEM 0.000121 ; 0.000011 ; 13 ; 1032 ; 4 ; 0
COM ---------------------- Branch Separator ----------------------
BEM 0.000046 ; 0.000003 ; 12 ; 1095 ; 4 ; 0
COM ---------------------- Branch Separator ----------------------
COM ---------------------- Branch Separator ----------------------
COM ---------------------- Branch Separator ----------------------
BEM 0.01006 ; 0.00013 ; 9 ; 1224 ; 4 ; 0
COM ---------------------- Branch Separator ----------------------
COM ---------------------- Branch Separator ----------------------
COM ---------------------- Branch Separator ----------------------
COM ---------------------- Branch Separator ----------------------
COM ---------------------- Branch Separator ----------------------
BEM 0.00945 ; 0.00012 ; 4 ; 1459 ; 4 ; 0
COM ---------------------- Branch Separator ----------------------
BEM 0.00049 ; 0.00003 ; 3 ; 1483 ; 4 ; 0
COM ---------------------- Branch Separator ----------------------
COM ---------------------- Branch Separator ----------------------
COM ---------------------- Branch Separator ----------------------
BEM 0.97599 ; 0.00024 ; 0 ; 2269 ; 4 ; 0
COM -------------- Level Separator - T1/2 in seconds -------------
LED 1970 ; 0.5 ; 4 ;  ;  ; 30
GA  0.000013 ; 0.0000015 ; 732.5 ; 1 ; 13
GA  0.0000173 ; 0.0000015 ; 1120.6 ; 0.8 ; 5
GA  0.0000045 ; 0.0000004 ; 1926.5 ; 1 ; 1
GA  0.0000041 ; 0.0000004 ; 1970.3 ; 0.8 ; 0
COM -------------- Level Separator - T1/2 in seconds -------------
LED 1936.68 ; 0.07 ; 3 ;  ;  ; 29
GA  0.000058 ; 0.000003 ; 699.02 ; 0.1 ; 13
GA  0.0000218 ; 0.0000006 ; 1893.51 ; 0.11 ; 1
GA  0.0000285 ; 0.0000005 ; 1937.01 ; 0.13 ; 0
COM -------------- Level Separator - T1/2 in seconds -------------
LED 1911.04 ; 0.05 ; 30 ;  ;  ; 28
GA  0.000008 ; 0.0000017 ; 357.5 ; 1 ; 17
GA  0.0000213 ; 0.0000012 ; 453.58 ; 0.1 ; 15
EK  0.0000055 ; 0.00000032 ; 337.98 ; 0.1 ; 15
EL1 0.00000093 ; 0.00000005 ; 431.82 ; 0.1 ; 15
EL2 0.000000117 ; 0.000000007 ; 432.63 ; 0.1 ; 15
EL3 0.00000000454 ; 0.00000000026 ; 436.41 ; 0.1 ; 15
EM  0.000000254 ; 0.000000015 ; 449.12 ; 0.1 ; 15
EN  0.000000085 ; 0.000000005 ; 452.72 ; 0.1 ; 15
GA  0.0000237 ; 0.0000013 ; 475.74 ; 0.1 ; 14
EK  0.00000538 ; 0.00000031 ; 360.14 ; 0.1 ; 14
EL1 0.00000091 ; 0.00000005 ; 453.98 ; 0.1 ; 14
EL2 0.000000114 ; 0.000000006 ; 454.79 ; 0.1 ; 14
EL3 0.00000000441 ; 0.00000000025 ; 458.57 ; 0.1 ; 14
EM  0.000000248 ; 0.000000014 ; 471.28 ; 0.1 ; 14
EN  0.0000000831 ; 0.0000000047 ; 474.88 ; 0.1 ; 14
GA  0.0000064 ; 0.0000013 ; 673.9 ; 1 ; 13
EK  0.00000057 ; 0.00000012 ; 558.5 ; 1 ; 13
EL1 0.000000096 ; 0.00000002 ; 652.3 ; 1 ; 13
EL2 0.0000000119 ; 0.0000000024 ; 653.2 ; 1 ; 13
EL3 0.00000000045 ; 0.00000000009 ; 656.9 ; 1 ; 13
EM  0.000000026 ; 0.000000005 ; 669.6 ; 1 ; 13
EN  0.0000000088 ; 0.0000000018 ; 673.2 ; 1 ; 13
GA  0.000014 ; 0.000004 ; 825.5 ; 0.2 ; 10
GA  0.0000116 ; 0.0000016 ; 866.8 ; 1 ; 9
GA  0.0001275 ; 0.000002 ; 921.72 ; 0.1 ; 8
GA  0.0000111 ; 0.0000022 ; 1059.4 ; 0.8 ; 6
GA  0.0000224 ; 0.0000009 ; 1061.86 ; 0.1 ; 5
GA  0.0000347 ; 0.0000009 ; 1124.93 ; 0.1 ; 3
GA  0.0000932 ; 0.0000012 ; 1867.7 ; 0.1 ; 1
GA  0.0000628 ; 0.0000009 ; 1911.2 ; 0.11 ; 0
COM -------------- Level Separator - T1/2 in seconds -------------
LED 1874.86 ; 0.08 ; 2 ;  ;  ; 27
GA  0.0001759 ; 0.0000023 ; 1831.37 ; 0.1 ; 1
GA  0.0000819 ; 0.0000014 ; 1874.9 ; 0.1 ; 0
COM -------------- Level Separator - T1/2 in seconds -------------
LED 1863.11 ; 0.07 ; 3 ;  ;  ; 26
GA  0.0000102 ; 0.0000017 ; 936.3 ; 1 ; 7
GA  0.0000089 ; 0.0000005 ; 1819.69 ; 0.1 ; 1
GA  0.000012 ; 0.0000005 ; 1863.09 ; 0.1 ; 0
COM -------------- Level Separator - T1/2 in seconds -------------
LED 1808.97 ; 0.07 ; 17 ;  ;  ; 25
GA  0.0000087 ; 0.0000017 ; 572 ; 1 ; 13
EK  0.0000012 ; 0.00000024 ; 456.6 ; 1 ; 13
EL1 0.000000203 ; 0.00000004 ; 550.4 ; 1 ; 13
EL2 0.0000000253 ; 0.000000005 ; 551.3 ; 1 ; 13
EL3 0.00000000096 ; 0.00000000019 ; 555 ; 1 ; 13
EM  0.000000055 ; 0.000000011 ; 567.7 ; 1 ; 13
EN  0.0000000185 ; 0.0000000036 ; 571.3 ; 1 ; 13
GA  0.0000058 ; 0.0000012 ; 683.4 ; 1 ; 11
EK  0.000000035 ; 0.000000007 ; 568.1 ; 1 ; 11
EL1 0.0000000049 ; 0.000000001 ; 661.9 ; 1 ; 11
EL2 0.00000000076 ; 0.00000000016 ; 662.8 ; 1 ; 11
EL3 0.00000000039 ; 0.00000000008 ; 666.5 ; 1 ; 11
EM  0.00000000145 ; 0.0000000003 ; 679.2 ; 1 ; 11
EN  0.00000000048 ; 0.0000000001 ; 682.8 ; 1 ; 11
GA  0.000009 ; 0.000003 ; 960 ; 1 ; 5
GA  0.000084 ; 0.000006 ; 1765.44 ; 0.1 ; 1
GA  0.0000376 ; 0.0000007 ; 1809.05 ; 0.1 ; 0
COM -------------- Level Separator - T1/2 in seconds -------------
LED 1796.4 ; 0.6 ; 3 ;  ;  ; 24
GA  0.0000113 ; 0.0000023 ; 338.1 ; 0.8 ; 15
GA  0.0000069 ; 0.0000015 ; 362.8 ; 1 ; 14
GA  0.0000031 ; 0.0000005 ; 1796.3 ; 0.9 ; 0
COM -------------- Level Separator - T1/2 in seconds -------------
LED 1781.19 ; 0.08 ; 6 ;  ;  ; 23
GA  0.0000132 ; 0.0000015 ; 209.9 ; 0.4 ; 18
GA  0.0000349 ; 0.0000015 ; 543.98 ; 0.1 ; 13
GA  0.0000139 ; 0.0000015 ; 655.3 ; 1 ; 11
GA  0.0000164 ; 0.0000014 ; 695.5 ; 1 ; 10
GA  0.000059 ; 0.000017 ; 996.1 ; 2 ; 3
GA  0.000214 ; 0.000003 ; 1737.77 ; 0.1 ; 1
COM -------------- Level Separator - T1/2 in seconds -------------
LED 1693.7 ; 0.6 ; 9 ;  ;  ; 22
GA  0.0000072 ; 0.0000015 ; 456.7 ; 1 ; 13
EK  0.00000182 ; 0.00000038 ; 341.1 ; 1 ; 13
EL1 0.00000031 ; 0.00000006 ; 434.9 ; 1 ; 13
EL2 0.000000039 ; 0.000000008 ; 435.8 ; 1 ; 13
EL3 0.0000000015 ; 0.00000000031 ; 439.5 ; 1 ; 13
EM  0.000000084 ; 0.000000018 ; 452.2 ; 1 ; 13
EN  0.000000028 ; 0.000000006 ; 455.8 ; 1 ; 13
GA  0.0000109 ; 0.0000023 ; 844.1 ; 0.8 ; 5
GA  0.0000038 ; 0.0000002 ; 1694.1 ; 1 ; 0
COM -------------- Level Separator - T1/2 in seconds -------------
LED 1666.77 ; 0.05 ; 3 ;  ;  ; 21
GA  0.00001 ; 0.000003 ; 818.2 ; 0.5 ; 5
GA  0.0000392 ; 0.0000005 ; 880.52 ; 0.04 ; 3
GA  0.0000118 ; 0.0000006 ; 1667.6 ; 1 ; 0
COM -------------- Level Separator - T1/2 in seconds -------------
LED 1601.68 ; 0.04 ; 49 ;  ;  ; 20
GA  0.00000000237 ; 0.00000000005 ; 166.5 ; 0.1 ; 14
EK  0.000000000279 ; 0.000000000007 ; 50.9 ; 0.1 ; 14
EL1 0.0000000000348 ; 0.0000000000009 ; 144.74 ; 0.1 ; 14
EL2 0.00000000001427 ; 0.00000000000037 ; 145.55 ; 0.1 ; 14
EL3 0.00000000001081 ; 0.00000000000028 ; 149.33 ; 0.1 ; 14
EM  0.00000000001453 ; 0.00000000000037 ; 162.04 ; 0.1 ; 14
EN  0.00000000000479 ; 0.00000000000012 ; 165.64 ; 0.1 ; 14
GA  0.000000122 ; 0.000000016 ; 516.6 ; 0.06 ; 10
EK  0.0000000222 ; 0.0000000029 ; 401.14 ; 0.06 ; 10
EL1 0.00000000375 ; 0.00000000049 ; 494.98 ; 0.06 ; 10
EL2 0.00000000047 ; 0.00000000006 ; 495.79 ; 0.06 ; 10
EL3 0.000000000018 ; 0.0000000000024 ; 499.57 ; 0.06 ; 10
EM  0.00000000102 ; 0.00000000013 ; 512.28 ; 0.06 ; 10
EN  0.000000000343 ; 0.000000000045 ; 515.88 ; 0.06 ; 10
GA  0.000000083 ; 0.000000011 ; 557.24 ; 0.06 ; 9
EK  0.0000000123 ; 0.0000000016 ; 441.81 ; 0.06 ; 9
EL1 0.00000000208 ; 0.00000000028 ; 535.65 ; 0.06 ; 9
EL2 0.00000000026 ; 0.000000000035 ; 536.46 ; 0.06 ; 9
EL3 0.0000000000099 ; 0.0000000000013 ; 540.24 ; 0.06 ; 9
EM  0.00000000057 ; 0.00000000008 ; 552.95 ; 0.06 ; 9
EN  0.00000000019 ; 0.000000000025 ; 556.55 ; 0.06 ; 9
GA  0.00000017 ; 0.00000002 ; 750.12 ; 0.06 ; 6
EK  0.0000000114 ; 0.0000000014 ; 634.82 ; 0.06 ; 6
EL1 0.00000000192 ; 0.00000000023 ; 728.66 ; 0.06 ; 6
EL2 0.000000000235 ; 0.000000000028 ; 729.47 ; 0.06 ; 6
EL3 0.0000000000089 ; 0.0000000000011 ; 733.25 ; 0.06 ; 6
EM  0.00000000052 ; 0.00000000006 ; 745.96 ; 0.06 ; 6
EN  0.000000000174 ; 0.000000000021 ; 749.56 ; 0.06 ; 6
GA  0.000000099 ; 0.000000013 ; 791.94 ; 0.05 ; 4
EK  0.0000000058 ; 0.0000000008 ; 676.65 ; 0.05 ; 4
EL1 0.00000000097 ; 0.00000000013 ; 770.49 ; 0.05 ; 4
EL2 0.000000000118 ; 0.000000000016 ; 771.3 ; 0.05 ; 4
EL3 0.0000000000045 ; 0.0000000000006 ; 775.08 ; 0.05 ; 4
EM  0.000000000262 ; 0.000000000035 ; 787.79 ; 0.05 ; 4
EN  0.000000000088 ; 0.000000000012 ; 791.39 ; 0.05 ; 4
GA  0.0000073 ; 0.0000009 ; 1558.4 ; 1 ; 1
EK  0.000000071 ; 0.000000009 ; 1444.1 ; 1 ; 1
EL1 0.0000000118 ; 0.0000000015 ; 1537.9 ; 1 ; 1
EL2 0.00000000132 ; 0.00000000016 ; 1538.8 ; 1 ; 1
EL3 0.000000000061 ; 0.000000000008 ; 1542.5 ; 1 ; 1
EM  0.00000000317 ; 0.00000000039 ; 1555.2 ; 1 ; 1
EN  0.00000000106 ; 0.00000000013 ; 1558.8 ; 1 ; 1
GA  0.0000047 ; 0.0000022 ; 1601.8 ; 1.5 ; 0
EK  0.000000042 ; 0.00000002 ; 1487.5 ; 1.5 ; 0
EL1 0.0000000071 ; 0.0000000033 ; 1581.3 ; 1.5 ; 0
EL2 0.00000000079 ; 0.00000000037 ; 1582.2 ; 1.5 ; 0
EL3 0.000000000037 ; 0.000000000017 ; 1585.9 ; 1.5 ; 0
EM  0.0000000019 ; 0.0000000009 ; 1598.6 ; 1.5 ; 0
EN  0.00000000063 ; 0.0000000003 ; 1602.2 ; 1.5 ; 0
COM -------------- Level Separator - T1/2 in seconds -------------
LED 1591.64 ; 0.07 ; 5 ;  ;  ; 19
GA  0.0000158 ; 0.0000015 ; 507.5 ; 1 ; 10
GA  0.000118 ; 0.000003 ; 740.1 ; 0.08 ; 6
GA  0.0000782 ; 0.0000018 ; 781.75 ; 0.1 ; 4
GA  0.0000137 ; 0.0000015 ; 1550.1 ; 1 ; 1
GA  0.0000235 ; 0.0000012 ; 1593.5 ; 0.6 ; 0
COM -------------- Level Separator - T1/2 in seconds -------------
LED 1570.53 ; 0.04 ; 56 ;  ;  ; 18
GA  0.000000042 ; 0.000000005 ; 135.32 ; 0.08 ; 14
EK  0.000000008 ; 0.000000001 ; 19.72 ; 0.08 ; 14
EL1 0.00000000097 ; 0.00000000012 ; 113.56 ; 0.08 ; 14
EL2 0.00000000046 ; 0.00000000006 ; 114.37 ; 0.08 ; 14
EL3 0.00000000037 ; 0.000000000044 ; 118.15 ; 0.08 ; 14
EM  0.00000000044 ; 0.00000000005 ; 130.86 ; 0.08 ; 14
EN  0.000000000144 ; 0.000000000017 ; 134.46 ; 0.08 ; 14
GA  0.000000187 ; 0.000000017 ; 485.44 ; 0.07 ; 10
EK  0.000000022 ; 0.000000019 ; 369.84 ; 0.07 ; 10
EL1 0.0000000039 ; 0.000000003 ; 463.68 ; 0.07 ; 10
EL2 0.00000000112 ; 0.0000000003 ; 464.49 ; 0.07 ; 10
EL3 0.00000000021 ; 0.00000000019 ; 468.27 ; 0.07 ; 10
EM  0.0000000013 ; 0.0000000006 ; 480.98 ; 0.07 ; 10
EN  0.00000000044 ; 0.00000000019 ; 484.58 ; 0.07 ; 10
GA  0.00000009 ; 0.00000001 ; 526.02 ; 0.1 ; 9
EK  0.0000000156 ; 0.0000000017 ; 410.56 ; 0.1 ; 9
EL1 0.00000000264 ; 0.0000000003 ; 504.4 ; 0.1 ; 9
EL2 0.000000000329 ; 0.000000000037 ; 505.21 ; 0.1 ; 9
EL3 0.0000000000126 ; 0.0000000000014 ; 508.99 ; 0.1 ; 9
EM  0.00000000072 ; 0.00000000008 ; 521.7 ; 0.1 ; 9
EN  0.00000000024 ; 0.000000000027 ; 525.3 ; 0.1 ; 9
GA  0.0000008 ; 0.00000009 ; 581.19 ; 0.1 ; 8
EK  0.0000000065 ; 0.0000000007 ; 465.77 ; 0.1 ; 8
EL1 0.00000000092 ; 0.0000000001 ; 559.61 ; 0.1 ; 8
EL2 0.000000000157 ; 0.000000000018 ; 560.42 ; 0.1 ; 8
EL3 0.000000000084 ; 0.000000000009 ; 564.2 ; 0.1 ; 8
EM  0.000000000276 ; 0.000000000031 ; 576.91 ; 0.1 ; 8
EN  0.000000000092 ; 0.00000000001 ; 580.51 ; 0.1 ; 8
GA  0.000000256 ; 0.00000002 ; 719.01 ; 0.07 ; 6
EK  0.000000013 ; 0.000000008 ; 603.69 ; 0.07 ; 6
EL1 0.000000002 ; 0.0000000013 ; 697.53 ; 0.07 ; 6
EL2 0.000000000422 ; 0.000000000043 ; 698.34 ; 0.07 ; 6
EL3 0.000000000059 ; 0.000000000044 ; 702.12 ; 0.07 ; 6
EM  0.00000000059 ; 0.00000000031 ; 714.83 ; 0.07 ; 6
EN  0.00000000019 ; 0.0000000001 ; 718.43 ; 0.07 ; 6
GA  0.000000043 ; 0.000000009 ; 760.53 ; 0.15 ; 4
EK  0.0000000028 ; 0.0000000006 ; 645.24 ; 0.15 ; 4
EL1 0.00000000047 ; 0.0000000001 ; 739.08 ; 0.15 ; 4
EL2 0.000000000057 ; 0.000000000012 ; 739.89 ; 0.15 ; 4
EL3 0.00000000000218 ; 0.00000000000046 ; 743.67 ; 0.15 ; 4
EM  0.000000000127 ; 0.000000000027 ; 756.38 ; 0.15 ; 4
EN  0.000000000042 ; 0.000000000009 ; 759.98 ; 0.15 ; 4
GA  0.0000235 ; 0.0000008 ; 1527.28 ; 0.1 ; 1
EK  0.00000016 ; 0.00000009 ; 1412.82 ; 0.1 ; 1
EL1 0.000000028 ; 0.000000014 ; 1506.66 ; 0.1 ; 1
EL2 0.000000004 ; 0.0000000006 ; 1507.47 ; 0.1 ; 1
EL3 0.00000000038 ; 0.00000000019 ; 1511.25 ; 0.1 ; 1
EM  0.0000000078 ; 0.0000000033 ; 1523.96 ; 0.1 ; 1
EN  0.0000000026 ; 0.0000000012 ; 1527.56 ; 0.1 ; 1
GA  0.000011 ; 0.0000008 ; 1570.67 ; 0.1 ; 0
EK  0.000000105 ; 0.000000008 ; 1456.33 ; 0.1 ; 0
EL1 0.0000000174 ; 0.0000000013 ; 1550.17 ; 0.1 ; 0
EL2 0.00000000195 ; 0.00000000014 ; 1550.98 ; 0.1 ; 0
EL3 0.000000000091 ; 0.000000000007 ; 1554.76 ; 0.1 ; 0
EM  0.00000000468 ; 0.00000000035 ; 1567.47 ; 0.1 ; 0
EN  0.00000000157 ; 0.00000000012 ; 1571.07 ; 0.1 ; 0
COM -------------- Level Separator - T1/2 in seconds -------------
LED 1553.62 ; 0.06 ; 5 ;  ;  ; 17
GA  0.0000206 ; 0.0000012 ; 468.43 ; 0.1 ; 10
GA  0.000022 ; 0.000003 ; 509.2 ; 0.8 ; 9
GA  0.0000721 ; 0.0000016 ; 702 ; 0.1 ; 6
GA  0.0001308 ; 0.0000019 ; 1510.22 ; 0.1 ; 1
GA  0.0000826 ; 0.0000014 ; 1553.77 ; 0.1 ; 0
COM -------------- Level Separator - T1/2 in seconds -------------
LED 1500.8 ; 0.3 ; 4 ;  ;  ; 16
GA  0.00001 ; 0.000003 ; 649 ; 1 ; 6
GA  0.0000898 ; 0.0000019 ; 691 ; 0.3 ; 4
GA  0.000019 ; 0.000005 ; 1458.5 ; 1.5 ; 1
GA  0.000013 ;  ; 1501 ; 2 ; 0
COM -------------- Level Separator - T1/2 in seconds -------------
LED 1457.4 ; 0.08 ; 14 ;  ;  ; 15
GA  0.0000037 ; 0.0000009 ; 670.8 ; 1 ; 3
EK  0.00000019 ; 0.00000015 ; 555.4 ; 1 ; 3
EL1 0.000000033 ; 0.000000027 ; 649.2 ; 1 ; 3
EL2 0.0000000076 ; 0.000000002 ; 650.1 ; 1 ; 3
EL3 0.0000000011 ; 0.0000000009 ; 653.8 ; 1 ; 3
EM  0.00000001 ; 0.000000006 ; 666.5 ; 1 ; 3
EN  0.0000000036 ; 0.000000002 ; 670.1 ; 1 ; 3
GA  0.0000229 ; 0.0000008 ; 1413.89 ; 0.1 ; 1
EK  0.0000000389 ; 0.0000000015 ; 1299.27 ; 0.1 ; 1
EL1 0.00000000568 ; 0.00000000022 ; 1393.11 ; 0.1 ; 1
EL2 0.000000000518 ; 0.00000000002 ; 1393.92 ; 0.1 ; 1
EL3 0.000000000242 ; 0.000000000009 ; 1397.7 ; 0.1 ; 1
EM  0.00000000152 ; 0.00000000006 ; 1410.41 ; 0.1 ; 1
EN  0.000000000507 ; 0.000000000019 ; 1414.01 ; 0.1 ; 1
COM -------------- Level Separator - T1/2 in seconds -------------
LED 1435.05 ; 0.05 ; 42 ;  ;  ; 14
GA  0.00000027 ; 0.00000007 ; 197.91 ; 0.15 ; 13
EK  0.00000035 ; 0.00000034 ; 82.31 ; 0.15 ; 13
EL1 0.00000006 ; 0.00000006 ; 176.15 ; 0.15 ; 13
EL2 0.000000046 ; 0.000000035 ; 176.96 ; 0.15 ; 13
EL3 0.000000019 ; 0.00000002 ; 180.74 ; 0.15 ; 13
EM  0.000000033 ; 0.000000009 ; 193.45 ; 0.15 ; 13
EN  0.000000011 ; 0.0000000029 ; 197.05 ; 0.15 ; 13
GA  0.00000031 ; 0.00000007 ; 445.91 ; 0.1 ; 8
EK  0.000000046 ; 0.000000039 ; 330.31 ; 0.1 ; 8
EL1 0.000000008 ; 0.000000006 ; 424.15 ; 0.1 ; 8
EL2 0.0000000025 ; 0.0000000009 ; 424.96 ; 0.1 ; 8
EL3 0.00000000053 ; 0.00000000048 ; 428.74 ; 0.1 ; 8
EM  0.0000000028 ; 0.0000000014 ; 441.45 ; 0.1 ; 8
EN  0.00000000092 ; 0.00000000044 ; 445.05 ; 0.1 ; 8
GA  0.00000116 ; 0.00000012 ; 624.6 ; 1 ; 4
EK  0.0000000083 ; 0.0000000009 ; 509.2 ; 1 ; 4
EL1 0.00000000116 ; 0.00000000012 ; 603 ; 1 ; 4
EL2 0.00000000019 ; 0.00000000002 ; 603.9 ; 1 ; 4
EL3 0.000000000099 ; 0.00000000001 ; 607.6 ; 1 ; 4
EM  0.000000000347 ; 0.000000000036 ; 620.3 ; 1 ; 4
EN  0.000000000115 ; 0.000000000012 ; 623.9 ; 1 ; 4
GA  0.00000059 ; 0.00000008 ; 649 ; 1 ; 3
EK  0.000000035 ; 0.000000024 ; 533.6 ; 1 ; 3
EL1 0.0000000059 ; 0.0000000042 ; 627.4 ; 1 ; 3
EL2 0.00000000135 ; 0.00000000023 ; 628.3 ; 1 ; 3
EL3 0.00000000018 ; 0.00000000018 ; 632 ; 1 ; 3
EM  0.0000000018 ; 0.0000000009 ; 644.7 ; 1 ; 3
EN  0.00000000059 ; 0.00000000031 ; 648.3 ; 1 ; 3
GA  0.000029 ; 0.000011 ; 1392.6 ; 0.9 ; 1
EK  0.000000051 ; 0.000000019 ; 1277.9 ; 0.9 ; 1
EL1 0.0000000074 ; 0.0000000028 ; 1371.7 ; 0.9 ; 1
EL2 0.00000000068 ; 0.00000000026 ; 1372.6 ; 0.9 ; 1
EL3 0.00000000032 ; 0.00000000012 ; 1376.3 ; 0.9 ; 1
EM  0.000000002 ; 0.0000000008 ; 1389 ; 0.9 ; 1
EN  0.00000000066 ; 0.00000000025 ; 1392.6 ; 0.9 ; 1
GA  0.0000973 ; 0.0000016 ; 1434.16 ; 0.1 ; 0
EK  0.0000001615 ; 0.0000000035 ; 1319.45 ; 0.1 ; 0
EL1 0.0000000235 ; 0.0000000005 ; 1413.29 ; 0.1 ; 0
EL2 0.000000002131 ; 0.000000000046 ; 1414.1 ; 0.1 ; 0
EL3 0.000000000995 ; 0.000000000022 ; 1417.88 ; 0.1 ; 0
EM  0.00000000631 ; 0.00000000014 ; 1430.59 ; 0.1 ; 0
EN  0.0000000021 ; 0.000000000046 ; 1434.19 ; 0.1 ; 0
COM -------------- Level Separator - T1/2 in seconds -------------
LED 1237.23 ; 0.03 ; 49 ;  ;  ; 13
GA  0.0000097 ; 0.0000022 ; 247.7 ; 0.8 ; 8
EK  0.000007 ; 0.000007 ; 132.1 ; 0.8 ; 8
EL1 0.0000013 ; 0.0000011 ; 225.9 ; 0.8 ; 8
EL2 0.00000068 ; 0.00000042 ; 226.8 ; 0.8 ; 8
EL3 0.00000023 ; 0.00000023 ; 230.5 ; 0.8 ; 8
EM  0.00000054 ; 0.00000015 ; 243.2 ; 0.8 ; 8
EN  0.000000181 ; 0.000000048 ; 246.8 ; 0.8 ; 8
GA  0.0000052 ; 0.0000011 ; 311 ; 1 ; 7
EK  0.00000015 ; 0.000000032 ; 195.4 ; 1 ; 7
EL1 0.0000000201 ; 0.0000000043 ; 289.2 ; 1 ; 7
EL2 0.0000000054 ; 0.0000000011 ; 290.1 ; 1 ; 7
EL3 0.0000000034 ; 0.0000000007 ; 293.8 ; 1 ; 7
EM  0.000000007 ; 0.0000000015 ; 306.5 ; 1 ; 7
EN  0.00000000231 ; 0.00000000049 ; 310.1 ; 1 ; 7
GA  0.0000047 ; 0.0000004 ; 387.6 ; 0.8 ; 5
EK  0.000000218 ; 0.000000019 ; 272 ; 0.8 ; 5
EL1 0.0000000411 ; 0.0000000036 ; 365.8 ; 0.8 ; 5
EL2 0.000000083 ; 0.000000007 ; 366.7 ; 0.8 ; 5
EL3 0.0000000273 ; 0.0000000024 ; 370.4 ; 0.8 ; 5
EM  0.0000000403 ; 0.0000000035 ; 383.1 ; 0.8 ; 5
EN  0.0000000135 ; 0.0000000012 ; 386.7 ; 0.8 ; 5
GA  0.0000002 ; 0.00000005 ; 427.4 ; 0.2 ; 4
EK  0.000000003 ; 0.0000000007 ; 311.8 ; 0.2 ; 4
EL1 0.00000000041 ; 0.0000000001 ; 405.64 ; 0.2 ; 4
EL2 0.000000000088 ; 0.000000000022 ; 406.45 ; 0.2 ; 4
EL3 0.000000000051 ; 0.000000000013 ; 410.23 ; 0.2 ; 4
EM  0.000000000131 ; 0.000000000033 ; 422.94 ; 0.2 ; 4
EN  0.000000000044 ; 0.000000000011 ; 426.54 ; 0.2 ; 4
GA  0.000031 ; 0.0000013 ; 450.98 ; 0.1 ; 3
EK  0.0000058 ; 0.00000026 ; 335.38 ; 0.1 ; 3
EL1 0.000000989 ; 0.000000044 ; 429.22 ; 0.1 ; 3
EL2 0.000000216 ; 0.00000001 ; 430.03 ; 0.1 ; 3
EL3 0.0000000344 ; 0.0000000015 ; 433.81 ; 0.1 ; 3
EM  0.000000303 ; 0.000000013 ; 446.52 ; 0.1 ; 3
EN  0.0000001016 ; 0.0000000045 ; 450.12 ; 0.1 ; 3
GA  0.0001359 ; 0.0000018 ; 1193.77 ; 0.03 ; 1
EK  0.000000307 ; 0.000000007 ; 1078.908 ; 0.03 ; 1
EL1 0.0000000444 ; 0.0000000009 ; 1172.752 ; 0.03 ; 1
EL2 0.00000000457 ; 0.00000000009 ; 1173.562 ; 0.03 ; 1
EL3 0.000000002143 ; 0.000000000041 ; 1177.342 ; 0.03 ; 1
EM  0.00000001212 ; 0.00000000024 ; 1190.048 ; 0.03 ; 1
EN  0.00000000404 ; 0.00000000009 ; 1193.647 ; 0.03 ; 1
GA  0.0000528 ; 0.0000011 ; 1237.28 ; 0.1 ; 0
EK  0.0000001125 ; 0.0000000028 ; 1122.33 ; 0.1 ; 0
EL1 0.00000001626 ; 0.00000000043 ; 1216.17 ; 0.1 ; 0
EL2 0.000000001632 ; 0.000000000043 ; 1216.98 ; 0.1 ; 0
EL3 0.000000000764 ; 0.000000000019 ; 1220.76 ; 0.1 ; 0
EM  0.00000000442 ; 0.00000000011 ; 1233.47 ; 0.1 ; 0
EN  0.000000001475 ; 0.00000000004 ; 1237.07 ; 0.1 ; 0
COM -------------- Level Separator - T1/2 in seconds -------------
LED 1174.2 ; 0.4 ; 3 ;  ;  ; 12
GA  0.0000172 ; 0.0000015 ; 185 ; 0.4 ; 8
GA  0.0000097 ; 0.0000015 ; 387.6 ; 0.8 ; 3
GA  0.0000192 ; 0.0000019 ; 1174.2 ; 1 ; 0
COM -------------- Level Separator - T1/2 in seconds -------------
LED 1126.32 ; 0.04 ; 49 ;  ;  ; 11
GA  0.00000048 ; 0.00000017 ; 137.23 ; 0.05 ; 8
EK  0.000000088 ; 0.000000031 ; 21.63 ; 0.05 ; 8
EL1 0.0000000108 ; 0.0000000038 ; 115.47 ; 0.05 ; 8
EL2 0.000000005 ; 0.0000000018 ; 116.28 ; 0.05 ; 8
EL3 0.000000004 ; 0.0000000014 ; 120.06 ; 0.05 ; 8
EM  0.0000000048 ; 0.0000000017 ; 132.77 ; 0.05 ; 8
EN  0.0000000016 ; 0.0000000006 ; 136.37 ; 0.05 ; 8
GA  0.0000058 ; 0.0000012 ; 199.9 ; 1 ; 7
EK  0.000008 ; 0.000007 ; 84.3 ; 1 ; 7
EL1 0.0000014 ; 0.0000012 ; 178.1 ; 1 ; 7
EL2 0.000001 ; 0.0000007 ; 179 ; 1 ; 7
EL3 0.00000041 ; 0.00000041 ; 182.7 ; 1 ; 7
EM  0.00000071 ; 0.00000015 ; 195.4 ; 1 ; 7
EN  0.000000237 ; 0.000000049 ; 199 ; 1 ; 7
GA  0.0000031 ; 0.0000006 ; 275.5 ; 0.8 ; 6
EK  0.0000016 ; 0.0000016 ; 159.9 ; 0.8 ; 6
EL1 0.00000031 ; 0.00000026 ; 253.7 ; 0.8 ; 6
EL2 0.00000014 ; 0.00000008 ; 254.6 ; 0.8 ; 6
EL3 0.000000046 ; 0.000000044 ; 258.3 ; 0.8 ; 6
EM  0.000000121 ; 0.000000034 ; 271 ; 0.8 ; 6
EN  0.000000041 ; 0.000000011 ; 274.6 ; 0.8 ; 6
GA  0.0000019 ; 0.0000005 ; 316.7 ; 0.1 ; 4
EK  0.000000129 ; 0.000000034 ; 201.1 ; 0.1 ; 4
EL1 0.000000026 ; 0.000000007 ; 294.94 ; 0.1 ; 4
EL2 0.000000074 ; 0.00000002 ; 295.75 ; 0.1 ; 4
EL3 0.000000028 ; 0.000000007 ; 299.53 ; 0.1 ; 4
EM  0.000000035 ; 0.000000009 ; 312.24 ; 0.1 ; 4
EN  0.0000000116 ; 0.000000003 ; 315.84 ; 0.1 ; 4
GA  0.00000072 ; 0.00000021 ; 340.2 ; 0.1 ; 3
EK  0.000000017 ; 0.000000005 ; 224.6 ; 0.1 ; 3
EL1 0.0000000023 ; 0.0000000007 ; 318.44 ; 0.1 ; 3
EL2 0.00000000058 ; 0.00000000017 ; 319.25 ; 0.1 ; 3
EL3 0.00000000036 ; 0.0000000001 ; 323.03 ; 0.1 ; 3
EM  0.00000000078 ; 0.00000000023 ; 335.74 ; 0.1 ; 3
EN  0.00000000026 ; 0.00000000008 ; 339.34 ; 0.1 ; 3
GA  0.0000091 ; 0.0000019 ; 1081.9 ; 1 ; 1
EK  0.000000232 ; 0.000000049 ; 966.9 ; 1 ; 1
EL1 0.000000039 ; 0.000000008 ; 1060.7 ; 1 ; 1
EL2 0.0000000046 ; 0.000000001 ; 1061.6 ; 1 ; 1
EL3 0.000000000184 ; 0.000000000038 ; 1065.3 ; 1 ; 1
EM  0.0000000105 ; 0.0000000022 ; 1078 ; 1 ; 1
EN  0.0000000035 ; 0.0000000007 ; 1081.6 ; 1 ; 1
GA  0.0000039 ; 0.0000009 ; 1124.93 ; 0.1 ; 0
EK  0.000000027 ; 0.000000006 ; 1009.94 ; 0.1 ; 0
EL1 0.0000000043 ; 0.000000001 ; 1103.78 ; 0.1 ; 0
EL2 0.0000000015 ; 0.00000000035 ; 1104.59 ; 0.1 ; 0
EL3 0.00000000027 ; 0.00000000006 ; 1108.37 ; 0.1 ; 0
EM  0.0000000015 ; 0.00000000035 ; 1121.08 ; 0.1 ; 0
EN  0.0000000005 ; 0.00000000012 ; 1124.68 ; 0.1 ; 0
COM -------------- Level Separator - T1/2 in seconds -------------
LED 1085.04 ; 0.04 ; 36 ;  ;  ; 10
GA   ;  ; 233.6 ; 0.2 ; 6
GA  0.0000009 ; 0.0000004 ; 235.9 ; 0.3 ; 5
EK  0.000000048 ; 0.000000021 ; 120.3 ; 0.3 ; 5
EL1 0.0000000062 ; 0.0000000028 ; 214.14 ; 0.3 ; 5
EL2 0.000000002 ; 0.0000000009 ; 214.95 ; 0.3 ; 5
EL3 0.0000000014 ; 0.0000000006 ; 218.73 ; 0.3 ; 5
EM  0.0000000023 ; 0.000000001 ; 231.44 ; 0.3 ; 5
EN  0.00000000077 ; 0.00000000034 ; 235.04 ; 0.3 ; 5
GA  0.0000064 ; 0.0000013 ; 299 ; 1 ; 3
EK  0.000000202 ; 0.000000041 ; 183.4 ; 1 ; 3
EL1 0.000000027 ; 0.000000005 ; 277.2 ; 1 ; 3
EL2 0.0000000074 ; 0.0000000015 ; 278.1 ; 1 ; 3
EL3 0.0000000047 ; 0.000000001 ; 281.8 ; 1 ; 3
EM  0.0000000094 ; 0.0000000019 ; 294.5 ; 1 ; 3
EN  0.0000000031 ; 0.0000000006 ; 298.1 ; 1 ; 3
GA  0.000025 ; 0.0000009 ; 941.96 ; 0.1 ; 2
EK  0.000000232 ; 0.000000009 ; 826.79 ; 0.1 ; 2
EL1 0.0000000383 ; 0.0000000015 ; 920.63 ; 0.1 ; 2
EL2 0.0000000173 ; 0.0000000007 ; 921.44 ; 0.1 ; 2
EL3 0.00000000334 ; 0.00000000013 ; 925.22 ; 0.1 ; 2
EM  0.0000000147 ; 0.0000000006 ; 937.93 ; 0.1 ; 2
EN  0.00000000492 ; 0.00000000019 ; 941.53 ; 0.1 ; 2
GA  0.0000119 ; 0.0000008 ; 1041.7 ; 0.1 ; 1
EK  0.00000021 ; 0.00000013 ; 926.5 ; 0.1 ; 1
EL1 0.000000036 ; 0.000000022 ; 1020.34 ; 0.1 ; 1
EL2 0.0000000063 ; 0.0000000006 ; 1021.15 ; 0.1 ; 1
EL3 0.00000000071 ; 0.00000000048 ; 1024.93 ; 0.1 ; 1
EM  0.0000000107 ; 0.0000000048 ; 1037.64 ; 0.1 ; 1
EN  0.0000000035 ; 0.0000000017 ; 1041.24 ; 0.1 ; 1
GA  0.000008 ; 0.000004 ; 1084.25 ; 0.1 ; 0
EK  0.000000058 ; 0.000000029 ; 969.24 ; 0.1 ; 0
EL1 0.0000000095 ; 0.0000000047 ; 1063.08 ; 0.1 ; 0
EL2 0.0000000035 ; 0.0000000017 ; 1063.89 ; 0.1 ; 0
EL3 0.00000000063 ; 0.00000000031 ; 1067.67 ; 0.1 ; 0
EM  0.0000000034 ; 0.0000000017 ; 1080.38 ; 0.1 ; 0
EN  0.0000000011 ; 0.0000000006 ; 1083.98 ; 0.1 ; 0
COM -------------- Level Separator - T1/2 in seconds -------------
LED 1044.469 ; 0.015 ; 22 ;  ;  ; 9
GA  0.0000072 ; 0.0000015 ; 193.4 ; 0.8 ; 6
EK  0.00000117 ; 0.00000025 ; 77.8 ; 0.8 ; 6
EL1 0.0000003 ; 0.00000006 ; 171.6 ; 0.8 ; 6
EL2 0.0000022 ; 0.00000046 ; 172.5 ; 0.8 ; 6
EL3 0.00000109 ; 0.00000023 ; 176.2 ; 0.8 ; 6
EM  0.00000099 ; 0.00000021 ; 188.9 ; 0.8 ; 6
EN  0.00000033 ; 0.00000007 ; 192.5 ; 0.8 ; 6
GA   ;  ; 236 ; 1 ; 4
GA  0.000738 ; 0.000008 ; 258.227 ; 0.003 ; 3
EK  0.000032 ; 0.0000006 ; 142.625 ; 0.003 ; 3
EL1 0.00000421 ; 0.00000007 ; 236.469 ; 0.003 ; 3
EL2 0.000001277 ; 0.000000023 ; 237.279 ; 0.003 ; 3
EL3 0.000000853 ; 0.000000016 ; 241.059 ; 0.003 ; 3
EM  0.000001528 ; 0.000000028 ; 253.7652 ; 0.003 ; 3
EN  0.000000506 ; 0.000000009 ; 257.3643 ; 0.003 ; 3
GA  0.00847 ; 0.00008 ; 1001.026 ; 0.018 ; 1
EK  0.0000707 ; 0.0000012 ; 885.839 ; 0.018 ; 1
EL1 0.0000116 ; 0.0000002 ; 979.683 ; 0.018 ; 1
EL2 0.00000479 ; 0.00000008 ; 980.493 ; 0.018 ; 1
EL3 0.000000896 ; 0.000000015 ; 984.273 ; 0.018 ; 1
EM  0.00000429 ; 0.00000008 ; 996.979 ; 0.018 ; 1
EN  0.000001436 ; 0.000000025 ; 1000.578 ; 0.018 ; 1
COM -------------- Level Separator - T1/2 in seconds -------------
LED 989.359 ; 0.019 ; 27 ; 7.6E-10 ; 4.E-11 ; 8
GA  0.000013 ; 0.000004 ; 62.7 ; 0.01 ; 7
EL1 0.00000154 ; 0.00000047 ; 40.942 ; 0.01 ; 7
EL2 0.00000131 ; 0.0000004 ; 41.752 ; 0.01 ; 7
EL3 0.00000131 ; 0.0000004 ; 45.532 ; 0.01 ; 7
EM  0.00000103 ; 0.00000032 ; 58.238 ; 0.01 ; 7
EN  0.00000033 ; 0.0000001 ; 61.837 ; 0.01 ; 7
GA  0.0000127 ;  ; 140.1 ; 1 ; 5
EK  0.000037 ; 0.000028 ; 24.5 ; 1 ; 5
EL1 0.000006 ; 0.000005 ; 118.3 ; 1 ; 5
EL2 0.00001 ; 0.000005 ; 119.2 ; 1 ; 5
EL3 0.0000055 ; 0.000003 ; 122.9 ; 1 ; 5
EM  0.000006 ; 0.0000011 ; 135.6 ; 1 ; 5
EN  0.00000199 ; 0.00000036 ; 139.2 ; 1 ; 5
GA  0.0000119 ; 0.0000009 ; 203.3 ; 0.8 ; 3
EK  0.0000095 ; 0.0000048 ; 87.7 ; 0.8 ; 3
EL1 0.0000018 ; 0.0000007 ; 181.5 ; 0.8 ; 3
EL2 0.00000226 ; 0.0000004 ; 182.4 ; 0.8 ; 3
EL3 0.000001 ; 0.00000023 ; 186.1 ; 0.8 ; 3
EM  0.00000132 ; 0.0000001 ; 198.8 ; 0.8 ; 3
EN  0.000000441 ; 0.000000035 ; 202.4 ; 0.8 ; 3
GA  0.000106 ; 0.0000014 ; 945.961 ; 0.016 ; 1
EK  0.000000357 ; 0.000000007 ; 830.76 ; 0.016 ; 1
EL1 0.0000000513 ; 0.000000001 ; 924.604 ; 0.016 ; 1
EL2 0.0000000062 ; 0.00000000013 ; 925.414 ; 0.016 ; 1
EL3 0.00000000299 ; 0.00000000006 ; 929.194 ; 0.016 ; 1
EM  0.00000001436 ; 0.00000000028 ; 941.9 ; 0.016 ; 1
EN  0.00000000478 ; 0.00000000009 ; 945.499 ; 0.016 ; 1
COM -------------- Level Separator - T1/2 in seconds -------------
LED 926.659 ; 0.02 ; 21 ; 1.38E-12 ; 1.7E-13 ; 7
GA  0.00000039 ; 0.00000007 ; 783.4 ; 0.1 ; 2
EK  0.000000005 ; 0.0000000009 ; 668.1 ; 0.1 ; 2
EL1 0.00000000084 ; 0.00000000015 ; 761.94 ; 0.1 ; 2
EL2 0.00000000051 ; 0.00000000009 ; 762.75 ; 0.1 ; 2
EL3 0.000000000108 ; 0.000000000019 ; 766.53 ; 0.1 ; 2
EM  0.00000000037 ; 0.00000000007 ; 779.24 ; 0.1 ; 2
EN  0.000000000123 ; 0.000000000022 ; 782.84 ; 0.1 ; 2
GA  0.0000381 ; 0.0000005 ; 883.24 ; 0.03 ; 1
EK  0.000000396 ; 0.000000008 ; 768.048 ; 0.03 ; 1
EL1 0.0000000658 ; 0.0000000013 ; 861.892 ; 0.03 ; 1
EL2 0.0000000328 ; 0.0000000006 ; 862.702 ; 0.03 ; 1
EL3 0.00000000654 ; 0.00000000013 ; 866.482 ; 0.03 ; 1
EM  0.0000000264 ; 0.0000000005 ; 879.188 ; 0.03 ; 1
EN  0.00000000882 ; 0.00000000018 ; 882.787 ; 0.03 ; 1
GA  0.0000125 ; 0.0000013 ; 926.61 ; 0.1 ; 0
EK  0.00000012 ; 0.000000013 ; 811.45 ; 0.1 ; 0
EL1 0.0000000198 ; 0.0000000021 ; 905.29 ; 0.1 ; 0
EL2 0.0000000091 ; 0.000000001 ; 906.1 ; 0.1 ; 0
EL3 0.00000000178 ; 0.00000000019 ; 909.88 ; 0.1 ; 0
EM  0.0000000077 ; 0.0000000008 ; 922.59 ; 0.1 ; 0
EN  0.00000000256 ; 0.00000000027 ; 926.19 ; 0.1 ; 0
COM -------------- Level Separator - T1/2 in seconds -------------
LED 851.56 ; 0.04 ; 16 ; 1.74E-12 ;  ; 6
GA   ;  ; 41.82 ; 0.1 ; 4
GA  0.000007 ;  ; 708.2 ; 1 ; 2
EK  0.0000001076 ; 0.0000000015 ; 592.9 ; 1 ; 2
EL1 0.00000001834 ; 0.00000000028 ; 686.7 ; 1 ; 2
EL2 0.00000001295 ; 0.00000000021 ; 687.6 ; 1 ; 2
EL3 0.000000002933 ; 0.000000000049 ; 691.3 ; 1 ; 2
EM  0.00000000873 ; 0.00000000013 ; 704 ; 1 ; 2
EN  0.000000002919 ; 0.000000000043 ; 707.6 ; 1 ; 2
GA  0.0000281 ; 0.0000017 ; 808.2 ; 0.1 ; 1
GA  0.0000696 ; 0.0000015 ; 851.6 ; 0.1 ; 0
EK  0.000000772 ; 0.00000002 ; 736.4 ; 0.1 ; 0
EL1 0.0000001288 ; 0.0000000035 ; 830.24 ; 0.1 ; 0
EL2 0.0000000678 ; 0.0000000018 ; 831.05 ; 0.1 ; 0
EL3 0.00000001378 ; 0.00000000036 ; 834.83 ; 0.1 ; 0
EM  0.0000000529 ; 0.0000000014 ; 847.54 ; 0.1 ; 0
EN  0.00000001767 ; 0.00000000046 ; 851.14 ; 0.1 ; 0
COM -------------- Level Separator - T1/2 in seconds -------------
LED 849.18 ; 0.07 ; 14 ;  ;  ; 5
GA  0.000052 ; 0.000006 ; 705.94 ; 0.12 ; 2
EK  0.000000295 ; 0.000000034 ; 590.6 ; 0.12 ; 2
EL1 0.0000000419 ; 0.0000000049 ; 684.44 ; 0.12 ; 2
EL2 0.0000000062 ; 0.0000000007 ; 685.25 ; 0.12 ; 2
EL3 0.00000000318 ; 0.00000000037 ; 689.03 ; 0.12 ; 2
EM  0.0000000122 ; 0.0000000014 ; 701.74 ; 0.12 ; 2
EN  0.00000000407 ; 0.00000000047 ; 705.34 ; 0.12 ; 2
GA  0.000062 ; 0.000008 ; 805.75 ; 0.1 ; 1
EK  0.000000277 ; 0.000000036 ; 690.45 ; 0.1 ; 1
EL1 0.00000004 ; 0.000000005 ; 784.29 ; 0.1 ; 1
EL2 0.0000000054 ; 0.0000000007 ; 785.1 ; 0.1 ; 1
EL3 0.00000000265 ; 0.00000000034 ; 788.88 ; 0.1 ; 1
EM  0.0000000113 ; 0.0000000015 ; 801.59 ; 0.1 ; 1
EN  0.00000000376 ; 0.00000000049 ; 805.19 ; 0.1 ; 1
COM -------------- Level Separator - T1/2 in seconds -------------
LED 809.786 ; 0.023 ; 8 ; 1.E-10 ;  ; 4
GA  0.00323 ; 0.00004 ; 766.361 ; 0.02 ; 1
EK  0.0000432 ; 0.0000008 ; 651.106 ; 0.02 ; 1
EL1 0.00000727 ; 0.00000016 ; 744.95 ; 0.02 ; 1
EL2 0.00000453 ; 0.00000009 ; 745.76 ; 0.02 ; 1
EL3 0.000000979 ; 0.00000002 ; 749.54 ; 0.02 ; 1
EM  0.00000324 ; 0.00000006 ; 762.246 ; 0.02 ; 1
EN  0.000001084 ; 0.000000021 ; 765.845 ; 0.02 ; 1
GA   ;  ; 810 ; 0.7 ; 0
COM -------------- Level Separator - T1/2 in seconds -------------
LED 786.243 ; 0.014 ; 14 ;  ;  ; 3
GA  0.00094 ; 0.00003 ; 742.813 ; 0.005 ; 1
EK  0.00000487 ; 0.00000017 ; 627.513 ; 0.005 ; 1
EL1 0.000000692 ; 0.000000024 ; 721.357 ; 0.005 ; 1
EL2 0.0000000995 ; 0.0000000035 ; 722.167 ; 0.005 ; 1
EL3 0.00000005 ; 0.0000000018 ; 725.947 ; 0.005 ; 1
EM  0.0000002 ; 0.000000007 ; 738.653 ; 0.005 ; 1
EN  0.0000000666 ; 0.0000000023 ; 742.252 ; 0.005 ; 1
GA  0.000536 ; 0.000007 ; 786.272 ; 0.022 ; 0
EK  0.000002503 ; 0.00000005 ; 670.971 ; 0.022 ; 0
EL1 0.000000357 ; 0.000000007 ; 764.815 ; 0.022 ; 0
EL2 0.0000000493 ; 0.0000000009 ; 765.625 ; 0.022 ; 0
EL3 0.0000000245 ; 0.00000000049 ; 769.405 ; 0.022 ; 0
EM  0.0000001024 ; 0.0000000021 ; 782.111 ; 0.022 ; 0
EN  0.0000000341 ; 0.0000000007 ; 785.71 ; 0.022 ; 0
COM -------------- Level Separator - T1/2 in seconds -------------
LED 143.279 ; 0.024 ; 6 ;  ;  ; 2
GA  0.0000057 ; 0.0000005 ; 99.86 ; 0.02 ; 1
EL1 0.00000158 ; 0.00000014 ; 78.102 ; 0.02 ; 1
EL2 0.0000323 ; 0.0000029 ; 78.912 ; 0.02 ; 1
EL3 0.0000219 ; 0.000002 ; 82.692 ; 0.02 ; 1
EM  0.0000154 ; 0.0000014 ; 95.398 ; 0.02 ; 1
EN  0.00000516 ; 0.00000046 ; 98.997 ; 0.02 ; 1
COM -------------- Level Separator - T1/2 in seconds -------------
LED 43.428 ; 0.014 ; 6 ; 2.52E-10 ; 7.E-12 ; 1
GA  0.0000198 ; 0.0000002 ; 43.49 ; 0.02 ; 0
EL1 0.000183 ; 0.0000032 ; 21.732 ; 0.02 ; 0
EL2 0.00537 ; 0.0001 ; 22.542 ; 0.02 ; 0
EL3 0.00475 ; 0.00009 ; 26.322 ; 0.02 ; 0
EM  0.00285 ; 0.00005 ; 39.028 ; 0.02 ; 0
EN  0.000947 ; 0.000017 ; 42.627 ; 0.02 ; 0
