PAR PA234
AZP 234 ; 91
NDA 1
COM ***************** Evaluation Date: 01/12/2010 ****************
COM ===================== Daughter Separator =====================
DAU U234
DDE 1 ;  ; 77 ; 57
Q   2195 ; 4
COM ---------------------- Branch Separator ----------------------
BEM 0.0042 ; 0.0005 ; 77 ; 51 ; 4 ; 0
COM ---------------------- Branch Separator ----------------------
BEM 0.0021 ; 0.0003 ; 76 ; 79 ; 4 ; 0
COM ---------------------- Branch Separator ----------------------
BEM 0.00064 ; 0.00011 ; 75 ; 94 ; 4 ; 0
COM ---------------------- Branch Separator ----------------------
BEM 0.004 ; 0.0007 ; 74 ; 126 ; 4 ; 0
COM ---------------------- Branch Separator ----------------------
BEM 0.0014 ; 0.00024 ; 73 ; 129 ; 4 ; 0
COM ---------------------- Branch Separator ----------------------
BEM 0.00055 ; 0.00008 ; 72 ; 158 ; 4 ; 0
COM ---------------------- Branch Separator ----------------------
BEM 0.009 ; 0.0015 ; 71 ; 161 ; 4 ; 0
COM ---------------------- Branch Separator ----------------------
BEM 0.00112 ; 0.00016 ; 70 ; 175 ; 4 ; 0
COM ---------------------- Branch Separator ----------------------
BEM 0.00122 ; 0.00016 ; 69 ; 195 ; 4 ; 3
COM ---------------------- Branch Separator ----------------------
BEM 0.0059 ; 0.0008 ; 68 ; 214 ; 4 ; 0
COM ---------------------- Branch Separator ----------------------
BEM 0.00044 ; 0.00012 ; 67 ; 226 ; 4 ; 0
COM ---------------------- Branch Separator ----------------------
BEM 0.0044 ; 0.0019 ; 66 ; 236 ; 4 ; 0
COM ---------------------- Branch Separator ----------------------
BEM 0.0035 ; 0.0005 ; 65 ; 254 ; 4 ; 0
COM ---------------------- Branch Separator ----------------------
BEM 0.0022 ; 0.0004 ; 64 ; 267 ; 4 ; 0
COM ---------------------- Branch Separator ----------------------
BEM 0.0021 ; 0.0003 ; 63 ; 279 ; 4 ; 0
COM ---------------------- Branch Separator ----------------------
BEM 0.0025 ; 0.0003 ; 62 ; 313 ; 4 ; 0
COM ---------------------- Branch Separator ----------------------
BEM 0.00029 ; 0.00007 ; 61 ; 332 ; 4 ; 3
COM ---------------------- Branch Separator ----------------------
BEM 0.0017 ; 0.0003 ; 60 ; 351 ; 4 ; 0
COM ---------------------- Branch Separator ----------------------
BEM 0.0143 ; 0.0015 ; 59 ; 383 ; 4 ; 0
COM ---------------------- Branch Separator ----------------------
BEM 0.0041 ; 0.0008 ; 58 ; 402 ; 4 ; 0
COM ---------------------- Branch Separator ----------------------
BEM 0.00061 ; 0.00011 ; 57 ; 411 ; 4 ; 0
COM ---------------------- Branch Separator ----------------------
BEM 0.08 ; 0.03 ; 56 ; 412 ; 4 ; 0
COM ---------------------- Branch Separator ----------------------
BEM 0.00129 ; 0.00017 ; 55 ; 424 ; 4 ; 3
COM ---------------------- Branch Separator ----------------------
BEM 0.028 ; 0.004 ; 54 ; 433 ; 4 ; 3
COM ---------------------- Branch Separator ----------------------
BEM 0.0078 ; 0.0019 ; 53 ; 457 ; 4 ; 3
COM ---------------------- Branch Separator ----------------------
BEM 0.0116 ; 0.0014 ; 52 ; 458 ; 4 ; 0
COM ---------------------- Branch Separator ----------------------
BEM 0.36 ; 0.05 ; 51 ; 472 ; 4 ; 0
COM ---------------------- Branch Separator ----------------------
BEM 0.084 ; 0.009 ; 50 ; 472 ; 4 ; 0
COM ---------------------- Branch Separator ----------------------
BEM 0.069 ; 0.008 ; 49 ; 502 ; 4 ; 0
COM ---------------------- Branch Separator ----------------------
BEM 0.0095 ; 0.0013 ; 48 ; 542 ; 4 ; 3
COM ---------------------- Branch Separator ----------------------
BEM 0.0018 ; 0.0004 ; 47 ; 545 ; 4 ; 3
COM ---------------------- Branch Separator ----------------------
BEM 0.00035 ; 0.0002 ; 46 ; 576 ; 4 ; 3
COM ---------------------- Branch Separator ----------------------
BEM 0.007 ;  ; 45 ; 606 ; 4 ; 0
COM ---------------------- Branch Separator ----------------------
BEM 0.0005 ; 0.0003 ; 44 ; 613 ; 4 ; 3
COM ---------------------- Branch Separator ----------------------
BEM 0.196 ; 0.018 ; 43 ; 642 ; 4 ; 0
COM ---------------------- Branch Separator ----------------------
BEM 0.00078 ; 0.0002 ; 42 ; 647 ; 4 ; 3
COM ---------------------- Branch Separator ----------------------
BEM 0.001 ; 0.0009 ; 41 ; 651 ; 4 ; 0
COM ---------------------- Branch Separator ----------------------
BEM 0.009 ;  ; 40 ; 658 ; 4 ; 0
COM ---------------------- Branch Separator ----------------------
BEM 0.0021 ; 0.0004 ; 39 ; 662 ; 4 ; 3
COM ---------------------- Branch Separator ----------------------
BEM 0.0025 ; 0.0004 ; 38 ; 693 ; 4 ; 0
COM ---------------------- Branch Separator ----------------------
BEM 0.027 ;  ; 37 ; 699 ; 4 ; 0
COM ---------------------- Branch Separator ----------------------
BEM 0.0012 ; 0.0003 ; 36 ; 709 ; 4 ; 3
COM ---------------------- Branch Separator ----------------------
COM ---------------------- Branch Separator ----------------------
BEM 0.0011 ; 0.0003 ; 34 ; 747 ; 4 ; 0
COM ---------------------- Branch Separator ----------------------
COM ---------------------- Branch Separator ----------------------
COM ---------------------- Branch Separator ----------------------
BEM 0.00109 ; 0.00018 ; 31 ; 883 ; 4 ; 0
COM ---------------------- Branch Separator ----------------------
COM ---------------------- Branch Separator ----------------------
COM ---------------------- Branch Separator ----------------------
COM ---------------------- Branch Separator ----------------------
COM ---------------------- Branch Separator ----------------------
BEM 0.003 ; 0.0012 ; 26 ; 980 ; 4 ; 0
COM ---------------------- Branch Separator ----------------------
BEM 0.015 ;  ; 25 ; 1000 ; 4 ; -1
COM ---------------------- Branch Separator ----------------------
COM ---------------------- Branch Separator ----------------------
COM ---------------------- Branch Separator ----------------------
BEM 0.019 ; 0.01 ; 22 ; 1067 ; 4 ; 0
COM ---------------------- Branch Separator ----------------------
COM ---------------------- Branch Separator ----------------------
COM ---------------------- Branch Separator ----------------------
COM ---------------------- Branch Separator ----------------------
BEM 0.0069 ; 0.002 ; 18 ; 1104 ; 4 ; 0
COM ---------------------- Branch Separator ----------------------
COM ---------------------- Branch Separator ----------------------
BEM 0.08 ;  ; 16 ; 1126 ; 4 ; 0
COM ---------------------- Branch Separator ----------------------
BEM 0.015 ; 0.013 ; 15 ; 1171 ; 4 ; 0
COM ---------------------- Branch Separator ----------------------
BEM 0.05 ;  ; 14 ; 1171.2 ; 4 ; 0
COM ---------------------- Branch Separator ----------------------
BEM 0.031 ;  ; 13 ; 1206 ; 4 ; -1
COM ---------------------- Branch Separator ----------------------
BEM 0.025 ;  ; 12 ; 1227 ; 4 ; 0
COM ---------------------- Branch Separator ----------------------
BEM 0.004 ;  ; 11 ; 1232 ; 4 ; 0
COM ---------------------- Branch Separator ----------------------
BEM 0.008 ;  ; 10 ; 1247 ; 4 ; 0
COM ---------------------- Branch Separator ----------------------
COM ---------------------- Branch Separator ----------------------
COM ---------------------- Branch Separator ----------------------
BEM 0.008 ;  ; 7 ; 1346 ; 4 ; 0
COM ---------------------- Branch Separator ----------------------
COM ---------------------- Branch Separator ----------------------
COM ---------------------- Branch Separator ----------------------
COM ---------------------- Branch Separator ----------------------
COM ---------------------- Branch Separator ----------------------
BEM 0.05 ;  ; 2 ; 2052 ; 4 ; 0
COM ---------------------- Branch Separator ----------------------
COM ---------------------- Branch Separator ----------------------
COM -------------- Level Separator - T1/2 in seconds -------------
LED 2144.04 ; 0.09 ; 2 ;  ;  ; 77
GA  0.002 ; 0.0003 ; 869.7 ; 0.1 ; 29
GA  0.0022 ; 0.0003 ; 1217.3 ; 0.1 ; 9
COM -------------- Level Separator - T1/2 in seconds -------------
LED 2115.71 ; 0.11 ; 19 ;  ;  ; 76
GA  0.00083 ; 0.00013 ; 534.1 ; 0.1 ; 44
EK  0.000008 ; 0.0000013 ; 418.6 ; 0.1 ; 44
EL1 0.00000111 ; 0.00000017 ; 512.44 ; 0.1 ; 44
EL2 0.000000203 ; 0.000000032 ; 513.25 ; 0.1 ; 44
EL3 0.00000011 ; 0.000000017 ; 517.03 ; 0.1 ; 44
EM  0.00000034 ; 0.00000005 ; 529.74 ; 0.1 ; 44
EN  0.000000113 ; 0.000000018 ; 533.34 ; 0.1 ; 44
GA  0.00036 ; 0.00011 ; 562.8 ; 0.3 ; 43
EK  0.000029 ; 0.000023 ; 447.3 ; 0.3 ; 43
EL1 0.000005 ; 0.0000042 ; 541.14 ; 0.3 ; 43
EL2 0.0000013 ; 0.00000045 ; 541.95 ; 0.3 ; 43
EL3 0.00000022 ; 0.00000019 ; 545.73 ; 0.3 ; 43
EM  0.0000016 ; 0.0000009 ; 558.44 ; 0.3 ; 43
EN  0.00000054 ; 0.00000031 ; 562.04 ; 0.3 ; 43
GA  0.00027 ; 0.00008 ; 1019.5 ; 0.4 ; 19
GA  0.00046 ; 0.00009 ; 1153.5 ; 0.3 ; 11
GA  0.000042 ; 0.000011 ; 1819.8 ; 0.3 ; 3
GA  0.000027 ;  ; 1971.2 ; 0.4 ; 2
GA  0.000042 ; 0.000022 ; 2072.2 ; 0.4 ; 1
COM -------------- Level Separator - T1/2 in seconds -------------
LED 2101.42 ; 0.09 ; 5 ;  ;  ; 75
GA  0.00031 ; 0.00008 ; 839.5 ; 0.1 ; 28
GA   ;  ; 1009.9 ; 0.3 ; 18
GA  0.00018 ; 0.00005 ; 1032.8 ; 0.2 ; 16
GA  0.000052 ; 0.000022 ; 1805.8 ; 0.3 ; 3
GA  0.0001 ; 0.00003 ; 1958 ; 0.4 ; 2
COM -------------- Level Separator - T1/2 in seconds -------------
LED 2068.82 ; 0.11 ; 2 ;  ;  ; 74
GA  0.00073 ; 0.00013 ; 331.4 ; 0.1 ; 52
GA  0.003 ; 0.0005 ; 1925.4 ; 0.2 ; 2
COM -------------- Level Separator - T1/2 in seconds -------------
LED 2066.24 ; 0.1 ; 3 ;  ;  ; 73
GA  0.00027 ; 0.00008 ; 975.1 ; 0.1 ; 18
GA  0.00046 ; 0.00012 ; 997.7 ; 0.3 ; 16
GA  0.00068 ; 0.00017 ; 1770.8 ; 0.2 ; 3
COM -------------- Level Separator - T1/2 in seconds -------------
LED 2037.06 ; 0.17 ; 2 ;  ;  ; 72
GA  0.00049 ; 0.00008 ; 1741.1 ; 0.2 ; 3
GA  0.000062 ;  ; 1893.4 ; 0.3 ; 2
COM -------------- Level Separator - T1/2 in seconds -------------
LED 2033.54 ; 0.05 ; 27 ;  ;  ; 71
GA  0.00073 ; 0.00013 ; 310.2 ; 0.1 ; 51
EK  0.00029 ; 0.0003 ; 194.6 ; 0.1 ; 51
EL1 0.000051 ; 0.000045 ; 288.44 ; 0.1 ; 51
EL2 0.000021 ; 0.000011 ; 289.25 ; 0.1 ; 51
EL3 0.000006 ; 0.000006 ; 293.03 ; 0.1 ; 51
EM  0.00002 ; 0.000006 ; 305.74 ; 0.1 ; 51
EN  0.0000065 ; 0.0000021 ; 309.34 ; 0.1 ; 51
GA  0.0031 ; 0.0004 ; 481 ; 0.1 ; 43
EK  0.0004 ; 0.00031 ; 365.4 ; 0.1 ; 43
EL1 0.00007 ; 0.00005 ; 459.24 ; 0.1 ; 43
EL2 0.000019 ; 0.000005 ; 460.05 ; 0.1 ; 43
EL3 0.0000037 ; 0.0000034 ; 463.83 ; 0.1 ; 43
EM  0.000022 ; 0.00001 ; 476.54 ; 0.1 ; 43
EN  0.0000073 ; 0.0000036 ; 480.14 ; 0.1 ; 43
GA  0.00083 ; 0.00013 ; 537.2 ; 0.1 ; 37
EK  0.00007 ; 0.00006 ; 421.8 ; 0.1 ; 37
EL1 0.000013 ; 0.00001 ; 515.64 ; 0.1 ; 37
EL2 0.0000036 ; 0.0000009 ; 516.45 ; 0.1 ; 37
EL3 0.0000006 ; 0.0000006 ; 520.23 ; 0.1 ; 37
EM  0.0000043 ; 0.0000021 ; 532.94 ; 0.1 ; 37
EN  0.0000014 ; 0.0000007 ; 536.54 ; 0.1 ; 37
GA  0.00067 ; 0.00012 ; 1009.9 ; 0.3 ; 15
GA  0.00027 ; 0.00008 ; 1065.1 ; 0.1 ; 12
GA  0.00083 ; 0.00013 ; 1106.9 ; 0.2 ; 9
GA  0.000094 ;  ; 1182.1 ; 0.2 ; 8
GA  0.00146 ; 0.00017 ; 1890.1 ; 0.2 ; 2
GA  0.00007 ; 0.00004 ; 1989.6 ; 0.4 ; 1
COM -------------- Level Separator - T1/2 in seconds -------------
LED 2019.82 ; 0.13 ; 4 ;  ;  ; 70
GA  0.00062 ; 0.00012 ; 1051.4 ; 0.2 ; 12
GA  0.000177 ; 0.000016 ; 1057.8 ; 0.3 ; 11
GA  0.00016 ; 0.00004 ; 1723.2 ; 0.2 ; 3
GA  0.00017 ; 0.00005 ; 1977.4 ; 0.4 ; 1
COM -------------- Level Separator - T1/2 in seconds -------------
LED 2000.45 ; 0.13 ; 3 ;  ;  ; 69
GA  0.00018 ; 0.00007 ; 1037.9 ; 0.2 ; 11
GA  0.00104 ; 0.00014 ; 1073.6 ; 0.2 ; 9
GA   ;  ; 1151.4 ; 0.3 ; 7
COM -------------- Level Separator - T1/2 in seconds -------------
LED 1981.22 ; 0.07 ; 11 ;  ;  ; 68
GA  0.00052 ; 0.00022 ; 257.2 ; 0.1 ; 51
EK  0.00036 ; 0.00035 ; 141.6 ; 0.1 ; 51
EL1 0.00006 ; 0.00006 ; 235.44 ; 0.1 ; 51
EL2 0.000031 ; 0.000025 ; 236.25 ; 0.1 ; 51
EL3 0.00001 ; 0.000011 ; 240.03 ; 0.1 ; 51
EM  0.000025 ; 0.000012 ; 252.74 ; 0.1 ; 51
EN  0.0000086 ; 0.0000039 ; 256.34 ; 0.1 ; 51
GA  0.00094 ; 0.00014 ; 433.1 ; 0.1 ; 42
GA  0.0031 ; 0.0004 ; 1685.7 ; 0.1 ; 3
GA  0.000042 ; 0.000011 ; 1838 ; 0.2 ; 2
GA  0.00042 ; 0.00011 ; 1937.7 ; 0.3 ; 1
COM -------------- Level Separator - T1/2 in seconds -------------
LED 1968.84 ; 0.1 ; 2 ;  ;  ; 67
GA  0.00034 ; 0.00011 ; 1672.8 ; 0.1 ; 3
GA  0.00009 ; 0.00004 ; 1825.1 ; 0.3 ; 2
COM -------------- Level Separator - T1/2 in seconds -------------
LED 1958.75 ; 0.04 ; 27 ;  ;  ; 66
GA  0.00052 ; 0.00022 ; 221.15 ; 0.1 ; 53
EK  0.000032 ; 0.000014 ; 105.55 ; 0.1 ; 53
EL1 0.0000041 ; 0.0000017 ; 199.39 ; 0.1 ; 53
EL2 0.0000014 ; 0.0000006 ; 200.2 ; 0.1 ; 53
EL3 0.00000097 ; 0.00000041 ; 203.98 ; 0.1 ; 53
EM  0.0000016 ; 0.0000007 ; 216.69 ; 0.1 ; 53
EN  0.00000052 ; 0.00000022 ; 220.29 ; 0.1 ; 53
GA  0.00114 ; 0.00023 ; 235.11 ; 0.03 ; 51
EK  0.000061 ; 0.000012 ; 119.508 ; 0.03 ; 51
EL1 0.0000079 ; 0.0000016 ; 213.352 ; 0.03 ; 51
EL2 0.0000026 ; 0.0000005 ; 214.162 ; 0.03 ; 51
EL3 0.00000176 ; 0.00000036 ; 217.942 ; 0.03 ; 51
EM  0.000003 ; 0.0000006 ; 230.648 ; 0.03 ; 51
EN  0.00000098 ; 0.0000002 ; 234.247 ; 0.03 ; 51
GA  0.00027 ; 0.0009 ; 502 ; 0.1 ; 35
EK  0.00003 ; 0.0001 ; 386.6 ; 0.1 ; 35
EL1 0.000005 ; 0.000018 ; 480.44 ; 0.1 ; 35
EL2 0.0000014 ; 0.0000048 ; 481.25 ; 0.1 ; 35
EL3 0.0000003 ; 0.0000009 ; 485.03 ; 0.1 ; 35
EM  0.000002 ; 0.000005 ; 497.74 ; 0.1 ; 35
EN  0.0000006 ; 0.0000019 ; 501.34 ; 0.1 ; 35
GA  0.00027 ; 0.00008 ; 890.1 ; 0.4 ; 16
GA  0.00067 ; 0.0001 ; 935.8 ; 0.2 ; 15
GA  0.00062 ; 0.00012 ; 1110.6 ; 0.1 ; 7
GA  0.00046 ; 0.00009 ; 1173.1 ; 0.1 ; 5
GA  0.00009 ; 0.00004 ; 1815.3 ; 0.3 ; 2
GA  0.0002 ; 0.00005 ; 1915.5 ; 0.3 ; 1
COM -------------- Level Separator - T1/2 in seconds -------------
LED 1940.52 ; 0.09 ; 4 ;  ;  ; 65
GA  0.00024 ; 0.00007 ; 916.5 ; 0.2 ; 15
GA  0.0001 ; 0.00004 ; 1644.9 ; 0.2 ; 3
GA  0.0024 ; 0.0003 ; 1797.1 ; 0.1 ; 2
GA  0.00104 ; 0.00023 ; 1896.7 ; 0.2 ; 1
COM -------------- Level Separator - T1/2 in seconds -------------
LED 1927.51 ; 0.07 ; 25 ;  ;  ; 64
GA  0.00073 ; 0.00022 ; 165.61 ; 0.05 ; 54
EK  0.000087 ; 0.000026 ; 50.01 ; 0.05 ; 54
EL1 0.0000108 ; 0.0000033 ; 143.85 ; 0.05 ; 54
EL2 0.0000045 ; 0.0000013 ; 144.66 ; 0.05 ; 54
EL3 0.0000034 ; 0.000001 ; 148.44 ; 0.05 ; 54
EM  0.0000045 ; 0.0000014 ; 161.15 ; 0.05 ; 54
EN  0.0000015 ; 0.00000045 ; 164.75 ; 0.05 ; 54
GA  0.00021 ; 0.00006 ; 308.6 ; 0.2 ; 46
EK  0.0000149 ; 0.0000043 ; 193 ; 0.2 ; 46
EL1 0.000003 ; 0.0000009 ; 286.84 ; 0.2 ; 46
EL2 0.0000092 ; 0.0000026 ; 287.65 ; 0.2 ; 46
EL3 0.0000035 ; 0.000001 ; 291.43 ; 0.2 ; 46
EM  0.0000042 ; 0.0000012 ; 304.14 ; 0.2 ; 46
EN  0.00000141 ; 0.0000004 ; 307.74 ; 0.2 ; 46
GA  0.00073 ; 0.00013 ; 586.3 ; 0.1 ; 32
EK  0.0000158 ; 0.0000028 ; 470.9 ; 0.1 ; 32
EL1 0.00000276 ; 0.00000049 ; 564.74 ; 0.1 ; 32
EL2 0.00000267 ; 0.00000048 ; 565.55 ; 0.1 ; 32
EL3 0.00000068 ; 0.00000012 ; 569.33 ; 0.1 ; 32
EM  0.00000158 ; 0.00000028 ; 582.04 ; 0.1 ; 32
EN  0.00000053 ; 0.00000009 ; 585.64 ; 0.1 ; 32
GA   ;  ; 653.7 ; 0.1 ; 29
GA   ;  ; 713.7 ; 0.1 ; 26
GA  0.00025 ; 0.00007 ; 1783.7 ; 0.2 ; 2
GA  0.00016 ; 0.00005 ; 1884.1 ; 0.3 ; 1
COM -------------- Level Separator - T1/2 in seconds -------------
LED 1916.28 ; 0.09 ; 3 ;  ;  ; 63
GA  0.00104 ; 0.00014 ; 989.5 ; 0.1 ; 9
GA  0.00068 ; 0.00017 ; 1773 ; 0.2 ; 2
GA  0.00035 ; 0.00009 ; 1872.8 ; 0.2 ; 1
COM -------------- Level Separator - T1/2 in seconds -------------
LED 1881.75 ; 0.07 ; 11 ;  ;  ; 62
GA  0.00031 ; 0.00009 ; 716.5 ; 0.2 ; 23
EK  0.000016 ; 0.00001 ; 601.2 ; 0.2 ; 23
EL1 0.0000025 ; 0.0000017 ; 695.04 ; 0.2 ; 23
EL2 0.00000052 ; 0.00000015 ; 695.85 ; 0.2 ; 23
EL3 0.00000007 ; 0.00000006 ; 699.63 ; 0.2 ; 23
EM  0.00000071 ; 0.00000043 ; 712.34 ; 0.2 ; 23
EN  0.00000023 ; 0.00000014 ; 715.94 ; 0.2 ; 23
GA   ;  ; 755 ; 0.1 ; 22
GA  0.00146 ; 0.00017 ; 1585.9 ; 0.1 ; 3
GA  0.00075 ; 0.00011 ; 1737.7 ; 0.2 ; 2
GA   ;  ; 1838 ; 0.2 ; 1
COM -------------- Level Separator - T1/2 in seconds -------------
LED 1863.08 ; 0.15 ; 2 ;  ;  ; 61
GA  0.000114 ; 0.000023 ; 1567 ; 0.2 ; 3
GA  0.00018 ; 0.00006 ; 1719.7 ; 0.2 ; 2
COM -------------- Level Separator - T1/2 in seconds -------------
LED 1843.88 ; 0.17 ; 2 ;  ;  ; 60
GA  0.00062 ; 0.00022 ; 994.6 ; 0.3 ; 7
GA  0.00104 ; 0.00014 ; 1700.5 ; 0.2 ; 2
COM -------------- Level Separator - T1/2 in seconds -------------
LED 1811.62 ; 0.06 ; 51 ;  ;  ; 59
GA  0.002 ; 0.0003 ; 596.9 ; 0.1 ; 26
EK  0.000247 ; 0.000037 ; 481.5 ; 0.1 ; 26
EL1 0.000042 ; 0.000006 ; 575.34 ; 0.1 ; 26
EL2 0.0000052 ; 0.0000008 ; 576.15 ; 0.1 ; 26
EL3 0.000000197 ; 0.00000003 ; 579.93 ; 0.1 ; 26
EM  0.0000113 ; 0.0000017 ; 592.64 ; 0.1 ; 26
EN  0.0000038 ; 0.0000006 ; 596.24 ; 0.1 ; 26
GA  0.0016 ; 0.0004 ; 683.9 ; 0.2 ; 22
EK  0.0000096 ; 0.0000024 ; 568.5 ; 0.2 ; 22
EL1 0.00000136 ; 0.00000034 ; 662.34 ; 0.2 ; 22
EL2 0.00000021 ; 0.00000005 ; 663.15 ; 0.2 ; 22
EL3 0.000000107 ; 0.000000027 ; 666.93 ; 0.2 ; 22
EM  0.0000004 ; 0.0000001 ; 679.64 ; 0.2 ; 22
EN  0.000000133 ; 0.000000033 ; 683.24 ; 0.2 ; 22
GA   ;  ; 685.1 ; 0.2 ; 21
EK  0 ; 0.000000033 ; 569.7 ; 0.2 ; 21
EL1 0 ; 0.000000033 ; 663.54 ; 0.2 ; 21
EL2 0 ; 0.000000033 ; 664.35 ; 0.2 ; 21
EL3 0 ; 0.000000033 ; 668.13 ; 0.2 ; 21
EM  0 ; 0.000000033 ; 680.84 ; 0.2 ; 21
EN  0 ; 0.000000039 ; 684.44 ; 0.2 ; 21
GA  0.00027 ; 0.00008 ; 848.9 ; 0.2 ; 11
EK  0.0000011 ; 0.00000033 ; 733.8 ; 0.2 ; 11
EL1 0.000000157 ; 0.000000047 ; 827.64 ; 0.2 ; 11
EL2 0.000000021 ; 0.000000006 ; 828.45 ; 0.2 ; 11
EL3 0.0000000101 ; 0.000000003 ; 832.23 ; 0.2 ; 11
EM  0.000000045 ; 0.000000013 ; 844.94 ; 0.2 ; 11
EN  0.0000000149 ; 0.0000000044 ; 848.54 ; 0.2 ; 11
GA  0.00073 ; 0.00022 ; 863.2 ; 0.2 ; 10
EK  0.000021 ; 0.000015 ; 748 ; 0.2 ; 10
EL1 0.0000036 ; 0.0000025 ; 841.84 ; 0.2 ; 10
EL2 0.00000068 ; 0.00000021 ; 842.65 ; 0.2 ; 10
EL3 0.00000008 ; 0.00000006 ; 846.43 ; 0.2 ; 10
EM  0.000001 ; 0.0000006 ; 859.14 ; 0.2 ; 10
EN  0.00000034 ; 0.0000002 ; 862.74 ; 0.2 ; 10
GA  0.00073 ; 0.00013 ; 960 ; 0.1 ; 8
EK  0.0000066 ; 0.0000012 ; 844.8 ; 0.1 ; 8
EL1 0.00000108 ; 0.00000019 ; 938.64 ; 0.1 ; 8
EL2 0.00000047 ; 0.00000008 ; 939.45 ; 0.1 ; 8
EL3 0.000000091 ; 0.000000016 ; 943.23 ; 0.1 ; 8
EM  0.00000041 ; 0.00000007 ; 955.94 ; 0.1 ; 8
EN  0.000000137 ; 0.000000024 ; 959.54 ; 0.1 ; 8
GA  0.00073 ; 0.00013 ; 1515.6 ; 0.2 ; 3
GA  0.0077 ; 0.0009 ; 1668.4 ; 0.1 ; 2
EK  0.000062 ; 0.000007 ; 1554.2 ; 0.1 ; 2
EL1 0.0000104 ; 0.0000012 ; 1648.04 ; 0.1 ; 2
EL2 0.00000115 ; 0.00000014 ; 1648.85 ; 0.1 ; 2
EL3 0.000000055 ; 0.000000007 ; 1652.63 ; 0.1 ; 2
EM  0.00000279 ; 0.00000033 ; 1665.34 ; 0.1 ; 2
EN  0.00000093 ; 0.00000011 ; 1668.94 ; 0.1 ; 2
GA  0.0002 ; 0.00005 ; 1768 ; 0.3 ; 1
COM -------------- Level Separator - T1/2 in seconds -------------
LED 1793.05 ; 0.06 ; 17 ;  ;  ; 58
GA  0.00052 ; 0.00022 ; 240.2 ; 0.1 ; 43
EK  0.00042 ; 0.0004 ; 124.6 ; 0.1 ; 43
EL1 0.00007 ; 0.00007 ; 218.44 ; 0.1 ; 43
EL2 0.000042 ; 0.000031 ; 219.25 ; 0.1 ; 43
EL3 0.000016 ; 0.000017 ; 223.03 ; 0.1 ; 43
EM  0.000032 ; 0.000014 ; 235.74 ; 0.1 ; 43
EN  0.0000108 ; 0.0000048 ; 239.34 ; 0.1 ; 43
GA  0.00187 ; 0.0002 ; 769.1 ; 0.1 ; 15
EK  0.000071 ; 0.000047 ; 653.8 ; 0.1 ; 15
EL1 0.000011 ; 0.000009 ; 747.64 ; 0.1 ; 15
EL2 0.00000251 ; 0.00000029 ; 748.45 ; 0.1 ; 15
EL3 0.00000032 ; 0.00000025 ; 752.23 ; 0.1 ; 15
EM  0.0000036 ; 0.0000019 ; 764.94 ; 0.1 ; 15
EN  0.0000012 ; 0.0000007 ; 768.54 ; 0.1 ; 15
GA  0.00036 ; 0.00009 ; 1496 ; 0.2 ; 3
GA  0.00006 ;  ; 1650.2 ; 0.2 ; 2
GA  0.00064 ; 0.0001 ; 1750 ; 0.1 ; 1
COM -------------- Level Separator - T1/2 in seconds -------------
LED 1784.19 ; 0.13 ; 9 ;  ;  ; 57
GA  0.00036 ; 0.00008 ; 857.7 ; 0.2 ; 9
EK  0.0000039 ; 0.0000009 ; 742.5 ; 0.2 ; 9
EL1 0.00000066 ; 0.00000015 ; 836.34 ; 0.2 ; 9
EL2 0.00000034 ; 0.00000008 ; 837.15 ; 0.2 ; 9
EL3 0.000000069 ; 0.000000015 ; 840.93 ; 0.2 ; 9
EM  0.00000027 ; 0.00000006 ; 853.64 ; 0.2 ; 9
EN  0.00000009 ; 0.00000002 ; 857.24 ; 0.2 ; 9
GA  0.00014 ; 0.00006 ; 1488 ; 0.2 ; 3
GA  0.0001 ; 0.00004 ; 1640.5 ; 0.3 ; 2
COM -------------- Level Separator - T1/2 in seconds -------------
LED 1782.58 ; 0.03 ; 63 ;  ;  ; 56
GA  0.00032 ; 0.00011 ; 59.19 ; 0.05 ; 51
EL1 0.0026 ; 0.0021 ; 37.43 ; 0.05 ; 51
EL2 0.01 ; 0.01 ; 38.24 ; 0.05 ; 51
EL3 0.01 ; 0.01 ; 42.02 ; 0.05 ; 51
EM  0.006 ; 0.005 ; 54.73 ; 0.05 ; 51
EN  0.002 ; 0.0017 ; 58.33 ; 0.05 ; 51
GA  0.005 ; 0.0008 ; 193.73 ; 0.03 ; 45
EK  0.007 ; 0.007 ; 78.128 ; 0.03 ; 45
EL1 0.0012 ; 0.0011 ; 171.972 ; 0.03 ; 45
EL2 0.0009 ; 0.0007 ; 172.782 ; 0.03 ; 45
EL3 0.0004 ; 0.00041 ; 176.562 ; 0.03 ; 45
EM  0.00066 ; 0.00011 ; 189.268 ; 0.03 ; 45
EN  0.00022 ; 0.000036 ; 192.867 ; 0.03 ; 45
GA  0.0076 ; 0.0011 ; 245.37 ; 0.02 ; 40
EK  0.0106 ; 0.0015 ; 129.768 ; 0.02 ; 40
EL1 0.00181 ; 0.00026 ; 223.612 ; 0.02 ; 40
EL2 0.000228 ; 0.000033 ; 224.422 ; 0.02 ; 40
EL3 0.0000095 ; 0.0000014 ; 228.202 ; 0.02 ; 40
EM  0.0005 ; 0.00007 ; 240.908 ; 0.02 ; 40
EN  0.000166 ; 0.000024 ; 244.507 ; 0.02 ; 40
GA  0.00018 ; 0.00007 ; 360.6 ; 0.3 ; 33
EK  0.0000038 ; 0.0000015 ; 245 ; 0.3 ; 33
EL1 0.00000051 ; 0.0000002 ; 338.84 ; 0.3 ; 33
EL2 0.000000124 ; 0.000000048 ; 339.65 ; 0.3 ; 33
EL3 0.000000075 ; 0.000000029 ; 343.43 ; 0.3 ; 33
EM  0.00000017 ; 0.00000007 ; 356.14 ; 0.3 ; 33
EN  0.000000057 ; 0.000000022 ; 359.74 ; 0.3 ; 33
GA   ;  ; 617 ; 0.2 ; 23
GA  0.00135 ; 0.00024 ; 655.2 ; 0.2 ; 22
EK  0.0000088 ; 0.0000016 ; 539.8 ; 0.2 ; 22
EL1 0.00000124 ; 0.00000022 ; 633.64 ; 0.2 ; 22
EL2 0.000000195 ; 0.000000035 ; 634.45 ; 0.2 ; 22
EL3 0.000000101 ; 0.000000018 ; 638.23 ; 0.2 ; 22
EM  0.00000037 ; 0.00000007 ; 650.94 ; 0.2 ; 22
EN  0.000000122 ; 0.000000022 ; 654.54 ; 0.2 ; 22
GA  0.0025 ; 0.0003 ; 758.9 ; 0.1 ; 15
EK  0.0001 ; 0.00008 ; 643.6 ; 0.1 ; 15
EL1 0.000018 ; 0.000013 ; 737.44 ; 0.1 ; 15
EL2 0.00000348 ; 0.00000044 ; 738.25 ; 0.1 ; 15
EL3 0.00000045 ; 0.00000035 ; 742.03 ; 0.1 ; 15
EM  0.000005 ; 0.0000026 ; 754.74 ; 0.1 ; 15
EN  0.0000016 ; 0.0000009 ; 758.34 ; 0.1 ; 15
GA  0.0031 ; 0.0004 ; 814.2 ; 0.1 ; 12
EK  0.0000372 ; 0.0000048 ; 699 ; 0.1 ; 12
EL1 0.0000062 ; 0.0000008 ; 792.84 ; 0.1 ; 12
EL2 0.00000352 ; 0.00000046 ; 793.65 ; 0.1 ; 12
EL3 0.00000073 ; 0.0000001 ; 797.43 ; 0.1 ; 12
EM  0.00000265 ; 0.00000034 ; 810.14 ; 0.1 ; 12
EN  0.00000088 ; 0.00000011 ; 813.74 ; 0.1 ; 12
GA  0.0003 ; 0.00007 ; 1485.4 ; 0.2 ; 3
EK  0.0000033 ; 0.0000008 ; 1370.9 ; 0.2 ; 3
EL1 0.00000055 ; 0.00000013 ; 1464.74 ; 0.2 ; 3
EL2 0.000000062 ; 0.000000015 ; 1465.55 ; 0.2 ; 3
EL3 0.0000000028 ; 0.0000000007 ; 1469.33 ; 0.2 ; 3
EM  0.000000148 ; 0.000000035 ; 1482.04 ; 0.2 ; 3
EN  0.00000005 ; 0.000000012 ; 1485.64 ; 0.2 ; 3
GA  0.00208 ; 0.00021 ; 1638.1 ; 0.1 ; 2
EK  0.0000177 ; 0.0000018 ; 1523.9 ; 0.1 ; 2
EL1 0.00000295 ; 0.0000003 ; 1617.74 ; 0.1 ; 2
EL2 0.000000328 ; 0.000000033 ; 1618.55 ; 0.1 ; 2
EL3 0.0000000156 ; 0.0000000016 ; 1622.33 ; 0.1 ; 2
EM  0.00000079 ; 0.00000008 ; 1635.04 ; 0.1 ; 2
EN  0.000000265 ; 0.000000027 ; 1638.64 ; 0.1 ; 2
COM -------------- Level Separator - T1/2 in seconds -------------
LED 1770.79 ; 0.09 ; 9 ;  ;  ; 55
GA  0.00031 ; 0.00009 ; 802.3 ; 0.2 ; 12
EK  0.000017 ; 0.000005 ; 687 ; 0.2 ; 12
EL1 0.0000029 ; 0.0000008 ; 780.84 ; 0.2 ; 12
EL2 0.00000036 ; 0.0000001 ; 781.65 ; 0.2 ; 12
EL3 0.0000000136 ; 0.000000004 ; 785.43 ; 0.2 ; 12
EM  0.00000079 ; 0.00000023 ; 798.14 ; 0.2 ; 12
EN  0.00000027 ; 0.00000008 ; 801.74 ; 0.2 ; 12
GA  0.00076 ; 0.00011 ; 1627.3 ; 0.1 ; 2
GA  0.0002 ; 0.00005 ; 1727.8 ; 0.2 ; 1
COM -------------- Level Separator - T1/2 in seconds -------------
LED 1761.86 ; 0.06 ; 36 ;  ;  ; 54
GA  0.00135 ; 0.00024 ; 634.3 ; 0.2 ; 22
EK  0.000142 ; 0.000025 ; 518.9 ; 0.2 ; 22
EL1 0.0000239 ; 0.0000043 ; 612.74 ; 0.2 ; 22
EL2 0.000003 ; 0.0000005 ; 613.55 ; 0.2 ; 22
EL3 0.000000112 ; 0.00000002 ; 617.33 ; 0.2 ; 22
EM  0.0000065 ; 0.0000012 ; 630.04 ; 0.2 ; 22
EN  0.00000217 ; 0.00000039 ; 633.64 ; 0.2 ; 22
GA  0.0125 ; 0.0013 ; 692.6 ; 0.1 ; 16
EK  0.00104 ; 0.00011 ; 577.2 ; 0.1 ; 16
EL1 0.000175 ; 0.000018 ; 671.04 ; 0.1 ; 16
EL2 0.0000215 ; 0.0000023 ; 671.85 ; 0.1 ; 16
EL3 0.00000082 ; 0.00000009 ; 675.63 ; 0.1 ; 16
EM  0.0000474 ; 0.000005 ; 688.34 ; 0.1 ; 16
EN  0.0000159 ; 0.0000017 ; 691.94 ; 0.1 ; 16
GA  0.0116 ; 0.0013 ; 738 ; 0.1 ; 14
EK  0.00081 ; 0.00009 ; 622.7 ; 0.1 ; 14
EL1 0.000137 ; 0.000015 ; 716.54 ; 0.1 ; 14
EL2 0.0000168 ; 0.0000019 ; 717.35 ; 0.1 ; 14
EL3 0.00000064 ; 0.00000007 ; 721.13 ; 0.1 ; 14
EM  0.0000371 ; 0.0000042 ; 733.84 ; 0.1 ; 14
EN  0.0000124 ; 0.0000014 ; 737.44 ; 0.1 ; 14
GA  0.00073 ; 0.00022 ; 772.4 ; 0.2 ; 13
EK  0.0000096 ; 0.0000029 ; 657.1 ; 0.2 ; 13
EL1 0.00000162 ; 0.00000049 ; 750.94 ; 0.2 ; 13
EL2 0.000001 ; 0.0000003 ; 751.75 ; 0.2 ; 13
EL3 0.00000021 ; 0.00000006 ; 755.53 ; 0.2 ; 13
EM  0.00000072 ; 0.00000022 ; 768.24 ; 0.2 ; 13
EN  0.00000024 ; 0.00000007 ; 771.84 ; 0.2 ; 13
GA  0.00045 ; 0.00011 ; 792.8 ; 0.3 ; 12
EK  0.0000021 ; 0.0000005 ; 677.5 ; 0.3 ; 12
EL1 0.0000003 ; 0.00000007 ; 771.34 ; 0.3 ; 12
EL2 0.000000041 ; 0.00000001 ; 772.15 ; 0.3 ; 12
EL3 0.0000000201 ; 0.0000000049 ; 775.93 ; 0.3 ; 12
EM  0.000000085 ; 0.000000021 ; 788.64 ; 0.3 ; 12
EN  0.000000028 ; 0.000000007 ; 792.24 ; 0.3 ; 12
GA  0.00009 ; 0.00004 ; 1618.3 ; 0.2 ; 2
COM -------------- Level Separator - T1/2 in seconds -------------
LED 1738.18 ; 0.06 ; 15 ;  ;  ; 53
GA  0.0038 ; 0.0005 ; 612 ; 0.1 ; 21
EK  0.00044 ; 0.00006 ; 496.6 ; 0.1 ; 21
EL1 0.000074 ; 0.00001 ; 590.44 ; 0.1 ; 21
EL2 0.0000092 ; 0.0000012 ; 591.25 ; 0.1 ; 21
EL3 0.000000349 ; 0.000000046 ; 595.03 ; 0.1 ; 21
EM  0.0000201 ; 0.0000027 ; 607.74 ; 0.1 ; 21
EN  0.0000067 ; 0.0000009 ; 611.34 ; 0.1 ; 21
GA  0.00125 ; 0.00015 ; 811.5 ; 0.1 ; 9
EK  0.000041 ; 0.000028 ; 696.3 ; 0.1 ; 9
EL1 0.000008 ; 0.000005 ; 790.14 ; 0.1 ; 9
EL2 0.00000141 ; 0.00000017 ; 790.95 ; 0.1 ; 9
EL3 0.00000018 ; 0.00000013 ; 794.73 ; 0.1 ; 9
EM  0.0000021 ; 0.0000012 ; 807.44 ; 0.1 ; 9
EN  0.0000007 ; 0.00000036 ; 811.04 ; 0.1 ; 9
GA  0.0027 ; 0.0007 ; 1695 ; 0.3 ; 1
COM -------------- Level Separator - T1/2 in seconds -------------
LED 1737.42 ; 0.07 ; 22 ;  ;  ; 52
GA  0.00146 ; 0.00025 ; 713.7 ; 0.1 ; 14
EK  0.0000081 ; 0.0000014 ; 598.4 ; 0.1 ; 14
EL1 0.00000115 ; 0.0000002 ; 692.24 ; 0.1 ; 14
EL2 0.000000171 ; 0.000000029 ; 693.05 ; 0.1 ; 14
EL3 0.000000087 ; 0.000000015 ; 696.83 ; 0.1 ; 14
EM  0.00000034 ; 0.00000006 ; 709.54 ; 0.1 ; 14
EN  0.000000112 ; 0.000000019 ; 713.14 ; 0.1 ; 14
GA  0.00104 ; 0.00023 ; 748.1 ; 0.3 ; 13
EK  0.0000053 ; 0.0000012 ; 632.8 ; 0.3 ; 13
EL1 0.00000076 ; 0.00000017 ; 726.64 ; 0.3 ; 13
EL2 0.000000108 ; 0.000000024 ; 727.45 ; 0.3 ; 13
EL3 0.000000054 ; 0.000000012 ; 731.23 ; 0.3 ; 13
EM  0.000000218 ; 0.000000048 ; 743.94 ; 0.3 ; 13
EN  0.000000073 ; 0.000000016 ; 747.54 ; 0.3 ; 13
GA  0.0031 ; 0.0004 ; 1594 ; 0.1 ; 2
EK  0.000019 ; 0.00001 ; 1479.7 ; 0.1 ; 2
EL1 0.0000034 ; 0.0000016 ; 1573.54 ; 0.1 ; 2
EL2 0.00000046 ; 0.00000009 ; 1574.35 ; 0.1 ; 2
EL3 0.000000043 ; 0.000000022 ; 1578.13 ; 0.1 ; 2
EM  0.0000009 ; 0.00000039 ; 1590.84 ; 0.1 ; 2
EN  0.00000031 ; 0.00000015 ; 1594.44 ; 0.1 ; 2
GA  0.007 ; 0.001 ; 1693.8 ; 0.2 ; 1
COM -------------- Level Separator - T1/2 in seconds -------------
LED 1723.424 ; 0.024 ; 61 ;  ;  ; 51
GA  0.00114 ; 0.00023 ; 134.61 ; 0.02 ; 45
EK  0.0086 ; 0.0017 ; 19.008 ; 0.02 ; 45
EL1 0.00149 ; 0.0003 ; 112.852 ; 0.02 ; 45
EL2 0.000184 ; 0.000037 ; 113.662 ; 0.02 ; 45
EL3 0.0000085 ; 0.0000017 ; 117.442 ; 0.02 ; 45
EM  0.00041 ; 0.00008 ; 130.148 ; 0.02 ; 45
EN  0.000137 ; 0.000028 ; 133.747 ; 0.02 ; 45
GA  0.0051 ; 0.0007 ; 170.85 ; 0.02 ; 43
EK  0.0196 ; 0.0027 ; 55.248 ; 0.02 ; 43
EL1 0.00338 ; 0.00047 ; 149.092 ; 0.02 ; 43
EL2 0.00042 ; 0.00006 ; 149.902 ; 0.02 ; 43
EL3 0.0000186 ; 0.0000026 ; 153.682 ; 0.02 ; 43
EM  0.00092 ; 0.00013 ; 166.388 ; 0.02 ; 43
EN  0.000309 ; 0.000043 ; 169.987 ; 0.02 ; 43
GA  0.00045 ; 0.00016 ; 179.8 ; 0.08 ; 41
EK  0.0015 ; 0.0005 ; 64.2 ; 0.08 ; 41
EL1 0.00026 ; 0.00009 ; 158.04 ; 0.08 ; 41
EL2 0.000032 ; 0.000011 ; 158.85 ; 0.08 ; 41
EL3 0.0000014 ; 0.0000005 ; 162.63 ; 0.08 ; 41
EM  0.000071 ; 0.000025 ; 175.34 ; 0.08 ; 41
EN  0.000024 ; 0.000008 ; 178.94 ; 0.08 ; 41
GA  0.0178 ; 0.0019 ; 186.15 ; 0.02 ; 40
EK  0.054 ; 0.006 ; 70.548 ; 0.02 ; 40
EL1 0.0093 ; 0.001 ; 164.392 ; 0.02 ; 40
EL2 0.00116 ; 0.00012 ; 165.202 ; 0.02 ; 40
EL3 0.00005 ; 0.000005 ; 168.982 ; 0.02 ; 40
EM  0.00253 ; 0.00027 ; 181.688 ; 0.02 ; 40
EN  0.00085 ; 0.00009 ; 185.287 ; 0.02 ; 40
GA  0.058 ; 0.006 ; 227.25 ; 0.03 ; 37
EK  0.1 ; 0.01 ; 111.648 ; 0.03 ; 37
EL1 0.0172 ; 0.0018 ; 205.492 ; 0.03 ; 37
EL2 0.00216 ; 0.00023 ; 206.302 ; 0.03 ; 37
EL3 0.000091 ; 0.00001 ; 210.082 ; 0.03 ; 37
EM  0.00469 ; 0.00049 ; 222.788 ; 0.03 ; 37
EN  0.00157 ; 0.00016 ; 226.387 ; 0.03 ; 37
GA   ;  ; 558 ; 0.2 ; 23
GA   ;  ; 596.9 ; 0.1 ; 21
GA  0.00036 ; 0.00011 ; 632.6 ; 0.2 ; 18
EK  0.000022 ; 0.000019 ; 517.2 ; 0.2 ; 18
EL1 0.000004 ; 0.0000031 ; 611.04 ; 0.2 ; 18
EL2 0.0000009 ; 0.0000003 ; 611.85 ; 0.2 ; 18
EL3 0.00000014 ; 0.00000012 ; 615.63 ; 0.2 ; 18
EM  0.0000012 ; 0.0000007 ; 628.34 ; 0.2 ; 18
EN  0.0000004 ; 0.00000025 ; 631.94 ; 0.2 ; 18
GA  0.036 ; 0.004 ; 699.03 ; 0.05 ; 15
GA  0.0123 ; 0.0013 ; 755 ; 0.1 ; 12
EK  0.00049 ; 0.00037 ; 639.7 ; 0.1 ; 12
EL1 0.00009 ; 0.00006 ; 733.54 ; 0.1 ; 12
EL2 0.0000175 ; 0.000002 ; 734.35 ; 0.1 ; 12
EL3 0.0000023 ; 0.0000017 ; 738.13 ; 0.1 ; 12
EM  0.000025 ; 0.000013 ; 750.84 ; 0.1 ; 12
EN  0.0000077 ; 0.0000046 ; 754.44 ; 0.1 ; 12
GA  0.026 ; 0.003 ; 796.1 ; 0.1 ; 9
EK  0.000325 ; 0.000038 ; 680.8 ; 0.1 ; 9
EL1 0.000055 ; 0.000006 ; 774.64 ; 0.1 ; 9
EL2 0.0000319 ; 0.0000037 ; 775.45 ; 0.1 ; 9
EL3 0.0000068 ; 0.0000008 ; 779.23 ; 0.1 ; 9
EM  0.0000236 ; 0.0000027 ; 791.94 ; 0.1 ; 9
EN  0.0000079 ; 0.0000009 ; 795.54 ; 0.1 ; 9
GA  0.0017 ; 0.0003 ; 1426.9 ; 0.1 ; 3
GA  0.00073 ; 0.00022 ; 1579.9 ; 0.1 ; 2
COM -------------- Level Separator - T1/2 in seconds -------------
LED 1722.89 ; 0.04 ; 43 ;  ;  ; 50
GA  0.00094 ; 0.00023 ; 595.4 ; 0.2 ; 22
EK  0.0000197 ; 0.0000048 ; 480 ; 0.2 ; 22
EL1 0.0000034 ; 0.0000008 ; 573.84 ; 0.2 ; 22
EL2 0.0000033 ; 0.0000008 ; 574.65 ; 0.2 ; 22
EL3 0.00000082 ; 0.0000002 ; 578.43 ; 0.2 ; 22
EM  0.00000195 ; 0.00000048 ; 591.14 ; 0.2 ; 22
EN  0.00000065 ; 0.00000016 ; 594.74 ; 0.2 ; 22
GA  0.0047 ; 0.0008 ; 653.7 ; 0.1 ; 16
EK  0.00046 ; 0.00008 ; 538.3 ; 0.1 ; 16
EL1 0.000077 ; 0.000013 ; 632.14 ; 0.1 ; 16
EL2 0.0000095 ; 0.0000016 ; 632.95 ; 0.1 ; 16
EL3 0.00000036 ; 0.00000006 ; 636.73 ; 0.1 ; 16
EM  0.0000208 ; 0.0000036 ; 649.44 ; 0.1 ; 16
EN  0.000007 ; 0.0000012 ; 653.04 ; 0.1 ; 16
GA   ;  ; 699.03 ; 0.05 ; 14
EK  0 ; 0.0000012 ; 583.65 ; 0.05 ; 14
EL1 0 ; 0.0000012 ; 677.49 ; 0.05 ; 14
EL2 0 ; 0.0000012 ; 678.3 ; 0.05 ; 14
EL3 0 ; 0.0000012 ; 682.08 ; 0.05 ; 14
EM  0 ; 0.0000012 ; 694.79 ; 0.05 ; 14
EN  0 ; 0.0000014 ; 698.39 ; 0.05 ; 14
GA  0.07 ; 0.008 ; 733.39 ; 0.05 ; 13
EK  0.005 ; 0.0006 ; 617.96 ; 0.05 ; 13
EL1 0.00084 ; 0.0001 ; 711.8 ; 0.05 ; 13
EL2 0.000103 ; 0.000012 ; 712.61 ; 0.05 ; 13
EL3 0.00000391 ; 0.00000045 ; 716.39 ; 0.05 ; 13
EM  0.000228 ; 0.000026 ; 729.1 ; 0.05 ; 13
EN  0.000076 ; 0.000009 ; 732.7 ; 0.05 ; 13
GA  0.00073 ; 0.00022 ; 761 ; 0.2 ; 11
EK  0.0000099 ; 0.000003 ; 645.7 ; 0.2 ; 11
EL1 0.0000017 ; 0.0000005 ; 739.54 ; 0.2 ; 11
EL2 0.00000105 ; 0.00000032 ; 740.35 ; 0.2 ; 11
EL3 0.00000023 ; 0.00000007 ; 744.13 ; 0.2 ; 11
EM  0.00000075 ; 0.00000023 ; 756.84 ; 0.2 ; 11
EN  0.00000025 ; 0.00000008 ; 760.44 ; 0.2 ; 11
GA  0.00036 ; 0.00008 ; 874 ; 0.3 ; 7
EK  0.00001 ; 0.000007 ; 758.8 ; 0.3 ; 7
EL1 0.0000018 ; 0.0000012 ; 852.64 ; 0.3 ; 7
EL2 0.00000032 ; 0.00000007 ; 853.45 ; 0.3 ; 7
EL3 0.00000004 ; 0.00000003 ; 857.23 ; 0.3 ; 7
EM  0.0000005 ; 0.00000028 ; 869.94 ; 0.3 ; 7
EN  0.00000017 ; 0.00000009 ; 873.54 ; 0.3 ; 7
GA  0.00077 ; 0.00018 ; 1679.5 ; 0.1 ; 1
COM -------------- Level Separator - T1/2 in seconds -------------
LED 1693.42 ; 0.03 ; 87 ;  ;  ; 49
GA  0.0031 ; 0.0005 ; 140.91 ; 0.03 ; 43
EK  0.00054 ; 0.00009 ; 25.308 ; 0.03 ; 43
EL1 0.000065 ; 0.000011 ; 119.152 ; 0.03 ; 43
EL2 0.0000302 ; 0.0000049 ; 119.962 ; 0.03 ; 43
EL3 0.000024 ; 0.0000039 ; 123.742 ; 0.03 ; 43
EM  0.0000291 ; 0.0000047 ; 136.448 ; 0.03 ; 43
EN  0.0000096 ; 0.0000016 ; 140.047 ; 0.03 ; 43
GA  0.0109 ; 0.0014 ; 272.28 ; 0.05 ; 33
EK  0.0083 ; 0.0011 ; 156.68 ; 0.05 ; 33
EL1 0.00144 ; 0.00019 ; 250.52 ; 0.05 ; 33
EL2 0.0004 ; 0.00005 ; 251.33 ; 0.05 ; 33
EL3 0.000102 ; 0.000013 ; 255.11 ; 0.05 ; 33
EM  0.00048 ; 0.00006 ; 267.82 ; 0.05 ; 33
EN  0.000161 ; 0.000021 ; 271.42 ; 0.05 ; 33
GA  0.00036 ; 0.00011 ; 416.1 ; 0.1 ; 30
EK  0.0000146 ; 0.0000045 ; 300.5 ; 0.1 ; 30
EL1 0.0000027 ; 0.0000008 ; 394.34 ; 0.1 ; 30
EL2 0.0000048 ; 0.0000015 ; 395.15 ; 0.1 ; 30
EL3 0.00000152 ; 0.00000046 ; 398.93 ; 0.1 ; 30
EM  0.0000024 ; 0.0000007 ; 411.64 ; 0.1 ; 30
EN  0.0000008 ; 0.00000024 ; 415.24 ; 0.1 ; 30
GA   ;  ; 478.6 ; 0.1 ; 26
GA   ;  ; 498 ; 0.1 ; 25
GA  0.0075 ; 0.0009 ; 521.4 ; 0.1 ; 24
EK  0.000075 ; 0.000009 ; 405.83 ; 0.1 ; 24
EL1 0.0000105 ; 0.0000013 ; 499.67 ; 0.1 ; 24
EL2 0.00000195 ; 0.00000024 ; 500.48 ; 0.1 ; 24
EL3 0.00000107 ; 0.00000013 ; 504.26 ; 0.1 ; 24
EM  0.00000323 ; 0.00000039 ; 516.97 ; 0.1 ; 24
EN  0.00000107 ; 0.00000013 ; 520.57 ; 0.1 ; 24
GA   ;  ; 565.2 ; 0.1 ; 22
GA  0.0054 ; 0.0006 ; 602.6 ; 0.1 ; 18
EK  0.0000411 ; 0.0000046 ; 487.2 ; 0.1 ; 18
EL1 0.0000058 ; 0.0000006 ; 581.04 ; 0.1 ; 18
EL2 0.00000097 ; 0.00000011 ; 581.85 ; 0.1 ; 18
EL3 0.00000051 ; 0.00000006 ; 585.63 ; 0.1 ; 18
EM  0.00000173 ; 0.00000019 ; 598.34 ; 0.1 ; 18
EN  0.00000058 ; 0.00000006 ; 601.94 ; 0.1 ; 18
GA  0.0035 ; 0.0005 ; 624.2 ; 0.1 ; 16
EK  0.00028 ; 0.00004 ; 508.8 ; 0.1 ; 16
EL1 0.000047 ; 0.000007 ; 602.64 ; 0.1 ; 16
EL2 0.0000087 ; 0.0000013 ; 603.45 ; 0.1 ; 16
EL3 0.00000102 ; 0.00000015 ; 607.23 ; 0.1 ; 16
EM  0.0000139 ; 0.000002 ; 619.94 ; 0.1 ; 16
EN  0.0000046 ; 0.0000007 ; 623.54 ; 0.1 ; 16
GA  0.01 ; 0.001 ; 669.7 ; 0.1 ; 15
EK  0.000063 ; 0.000006 ; 554.3 ; 0.1 ; 15
EL1 0.0000088 ; 0.0000009 ; 648.14 ; 0.1 ; 15
EL2 0.00000137 ; 0.00000014 ; 648.95 ; 0.1 ; 15
EL3 0.00000071 ; 0.00000007 ; 652.73 ; 0.1 ; 15
EM  0.0000026 ; 0.00000026 ; 665.44 ; 0.1 ; 15
EN  0.00000087 ; 0.00000009 ; 669.04 ; 0.1 ; 15
GA  0.0063 ; 0.001 ; 730.9 ; 0.2 ; 11
EK  0.00025 ; 0.00019 ; 615.6 ; 0.2 ; 11
EL1 0.000044 ; 0.000032 ; 709.44 ; 0.2 ; 11
EL2 0.0000099 ; 0.0000017 ; 710.25 ; 0.2 ; 11
EL3 0.0000013 ; 0.000001 ; 714.03 ; 0.2 ; 11
EM  0.000014 ; 0.000007 ; 726.74 ; 0.2 ; 11
EN  0.0000047 ; 0.0000024 ; 730.34 ; 0.2 ; 11
GA  0.0032 ; 0.0005 ; 745.9 ; 0.1 ; 10
EK  0.0000164 ; 0.0000026 ; 630.6 ; 0.1 ; 10
EL1 0.00000234 ; 0.00000037 ; 724.44 ; 0.1 ; 10
EL2 0.00000034 ; 0.00000005 ; 725.25 ; 0.1 ; 10
EL3 0.000000169 ; 0.000000026 ; 729.03 ; 0.1 ; 10
EM  0.00000068 ; 0.00000011 ; 741.74 ; 0.1 ; 10
EN  0.000000225 ; 0.000000035 ; 745.34 ; 0.1 ; 10
GA  0.0043 ; 0.0005 ; 844.1 ; 0.1 ; 7
EK  0.000048 ; 0.000006 ; 728.9 ; 0.1 ; 7
EL1 0.0000081 ; 0.0000009 ; 822.74 ; 0.1 ; 7
EL2 0.0000043 ; 0.0000005 ; 823.55 ; 0.1 ; 7
EL3 0.00000088 ; 0.0000001 ; 827.33 ; 0.1 ; 7
EM  0.00000334 ; 0.00000039 ; 840.04 ; 0.1 ; 7
EN  0.00000112 ; 0.00000013 ; 843.64 ; 0.1 ; 7
GA  0.00083 ; 0.00022 ; 1397.5 ; 0.2 ; 3
EK  0.00000144 ; 0.00000038 ; 1282.9 ; 0.2 ; 3
EL1 0.00000021 ; 0.00000006 ; 1376.74 ; 0.2 ; 3
EL2 0.000000019 ; 0.000000005 ; 1377.55 ; 0.2 ; 3
EL3 0.000000009 ; 0.0000000024 ; 1381.33 ; 0.2 ; 3
EM  0.000000056 ; 0.000000015 ; 1394.04 ; 0.2 ; 3
EN  0.0000000188 ; 0.000000005 ; 1397.64 ; 0.2 ; 3
GA  0.00073 ; 0.00013 ; 1550.1 ; 0.1 ; 2
EK  0.00000107 ; 0.00000019 ; 1435.7 ; 0.1 ; 2
EL1 0.000000155 ; 0.000000028 ; 1529.54 ; 0.1 ; 2
EL2 0.0000000134 ; 0.0000000024 ; 1530.35 ; 0.1 ; 2
EL3 0.0000000063 ; 0.0000000011 ; 1534.13 ; 0.1 ; 2
EM  0.000000041 ; 0.000000007 ; 1546.84 ; 0.1 ; 2
EN  0.0000000138 ; 0.0000000025 ; 1550.44 ; 0.1 ; 2
COM -------------- Level Separator - T1/2 in seconds -------------
LED 1653.35 ; 0.07 ; 15 ;  ;  ; 48
GA  0.0035 ; 0.0006 ; 629.4 ; 0.1 ; 15
EK  0.00038 ; 0.00006 ; 514 ; 0.1 ; 15
EL1 0.000063 ; 0.000011 ; 607.84 ; 0.1 ; 15
EL2 0.0000078 ; 0.0000014 ; 608.65 ; 0.1 ; 15
EL3 0.0000003 ; 0.00000005 ; 612.43 ; 0.1 ; 15
EM  0.0000172 ; 0.000003 ; 625.14 ; 0.1 ; 15
EN  0.0000058 ; 0.000001 ; 628.74 ; 0.1 ; 15
GA  0.0054 ; 0.0009 ; 663.9 ; 0.1 ; 13
EK  0.000034 ; 0.000006 ; 548.5 ; 0.1 ; 13
EL1 0.0000049 ; 0.0000008 ; 642.34 ; 0.1 ; 13
EL2 0.00000076 ; 0.00000013 ; 643.15 ; 0.1 ; 13
EL3 0.00000039 ; 0.00000007 ; 646.93 ; 0.1 ; 13
EM  0.00000143 ; 0.00000024 ; 659.64 ; 0.1 ; 13
EN  0.00000048 ; 0.00000008 ; 663.24 ; 0.1 ; 13
GA  0.000094 ;  ; 1510.1 ; 0.2 ; 2
COM -------------- Level Separator - T1/2 in seconds -------------
LED 1649.99 ; 0.12 ; 14 ;  ;  ; 47
GA  0.00045 ; 0.00016 ; 553.7 ; 0.1 ; 19
EK  0.000004 ; 0.0000014 ; 438.27 ; 0.1 ; 19
EL1 0.00000056 ; 0.0000002 ; 532.11 ; 0.1 ; 19
EL2 0.0000001 ; 0.000000036 ; 532.92 ; 0.1 ; 19
EL3 0.000000054 ; 0.000000019 ; 536.7 ; 0.1 ; 19
EM  0.00000017 ; 0.00000006 ; 549.41 ; 0.1 ; 19
EN  0.000000057 ; 0.00000002 ; 553.01 ; 0.1 ; 19
GA  0.0014 ; 0.0004 ; 1354.6 ; 0.2 ; 3
EK  0.0000026 ; 0.0000007 ; 1240 ; 0.2 ; 3
EL1 0.00000037 ; 0.00000011 ; 1333.84 ; 0.2 ; 3
EL2 0.000000035 ; 0.00000001 ; 1334.65 ; 0.2 ; 3
EL3 0.0000000164 ; 0.0000000047 ; 1338.43 ; 0.2 ; 3
EM  0.0000001 ; 0.000000029 ; 1351.14 ; 0.2 ; 3
EN  0.000000033 ; 0.00000001 ; 1354.74 ; 0.2 ; 3
COM -------------- Level Separator - T1/2 in seconds -------------
LED 1619.46 ; 0.09 ; 11 ;  ;  ; 46
GA  0.00036 ; 0.00011 ; 357.9 ; 0.1 ; 28
EK  0.0001 ; 0.00008 ; 242.3 ; 0.1 ; 28
EL1 0.000018 ; 0.000015 ; 336.14 ; 0.1 ; 28
EL2 0.0000061 ; 0.0000031 ; 336.95 ; 0.1 ; 28
EL3 0.0000014 ; 0.0000015 ; 340.73 ; 0.1 ; 28
EM  0.0000061 ; 0.0000029 ; 353.44 ; 0.1 ; 28
EN  0.0000021 ; 0.000001 ; 357.04 ; 0.1 ; 28
GA   ;  ; 446.6 ; 0.1 ; 24
GA   ;  ; 529.1 ; 0.3 ; 18
GA  0.004 ; 0.0005 ; 657.4 ; 0.1 ; 11
GA  0.00008 ; 0.00004 ; 1475.8 ; 0.2 ; 2
COM -------------- Level Separator - T1/2 in seconds -------------
LED 1588.84 ; 0.05 ; 55 ;  ;  ; 45
GA  0.00027 ; 0.00009 ; 55.45 ; 0.05 ; 39
EL1 0.000041 ; 0.000014 ; 33.69 ; 0.05 ; 39
EL2 0.000039 ; 0.000013 ; 34.5 ; 0.05 ; 39
EL3 0.00004 ; 0.000013 ; 38.28 ; 0.05 ; 39
EM  0.00003 ; 0.00001 ; 50.99 ; 0.05 ; 39
EN  0.0000096 ; 0.0000032 ; 54.59 ; 0.05 ; 39
GA  0.00094 ; 0.00014 ; 394.1 ; 0.1 ; 25
EK  0.0000165 ; 0.0000025 ; 278.5 ; 0.1 ; 25
EL1 0.00000226 ; 0.00000034 ; 372.34 ; 0.1 ; 25
EL2 0.00000051 ; 0.00000008 ; 373.15 ; 0.1 ; 25
EL3 0.000000303 ; 0.000000045 ; 376.93 ; 0.1 ; 25
EM  0.00000074 ; 0.00000011 ; 389.64 ; 0.1 ; 25
EN  0.000000245 ; 0.000000037 ; 393.24 ; 0.1 ; 25
GA  0.00034 ; 0.00011 ; 461.5 ; 0.1 ; 22
EK  0.000084 ; 0.000027 ; 345.9 ; 0.1 ; 22
EL1 0.0000142 ; 0.0000046 ; 439.74 ; 0.1 ; 22
EL2 0.0000018 ; 0.0000006 ; 440.55 ; 0.1 ; 22
EL3 0.000000069 ; 0.000000022 ; 444.33 ; 0.1 ; 22
EM  0.0000039 ; 0.0000013 ; 457.04 ; 0.1 ; 22
EN  0.0000013 ; 0.00000042 ; 460.64 ; 0.1 ; 22
GA  0.00062 ; 0.00012 ; 498 ; 0.1 ; 18
EK  0.000125 ; 0.000024 ; 382.4 ; 0.1 ; 18
EL1 0.000021 ; 0.0000041 ; 476.24 ; 0.1 ; 18
EL2 0.0000026 ; 0.0000005 ; 477.05 ; 0.1 ; 18
EL3 0.000000101 ; 0.00000002 ; 480.83 ; 0.1 ; 18
EM  0.0000057 ; 0.0000011 ; 493.54 ; 0.1 ; 18
EN  0.00000192 ; 0.00000037 ; 497.14 ; 0.1 ; 18
GA  0.004 ; 0.0005 ; 519.6 ; 0.1 ; 16
EK  0.00004 ; 0.000005 ; 404.04 ; 0.1 ; 16
EL1 0.0000056 ; 0.0000007 ; 497.88 ; 0.1 ; 16
EL2 0.00000105 ; 0.00000013 ; 498.69 ; 0.1 ; 16
EL3 0.00000058 ; 0.00000007 ; 502.47 ; 0.1 ; 16
EM  0.00000174 ; 0.00000022 ; 515.18 ; 0.1 ; 16
EN  0.00000058 ; 0.00000007 ; 518.78 ; 0.1 ; 16
GA  0.0104 ; 0.0011 ; 565.2 ; 0.1 ; 15
EK  0.00149 ; 0.00016 ; 449.8 ; 0.1 ; 15
EL1 0.000251 ; 0.000027 ; 543.64 ; 0.1 ; 15
EL2 0.0000313 ; 0.0000034 ; 544.45 ; 0.1 ; 15
EL3 0.00000119 ; 0.00000013 ; 548.23 ; 0.1 ; 15
EM  0.000068 ; 0.000007 ; 560.94 ; 0.1 ; 15
EN  0.0000229 ; 0.0000024 ; 564.54 ; 0.1 ; 15
GA  0.0047 ; 0.0006 ; 1292.8 ; 0.1 ; 3
EK  0.000075 ; 0.00001 ; 1178.1 ; 0.1 ; 3
EL1 0.0000125 ; 0.0000016 ; 1271.94 ; 0.1 ; 3
EL2 0.00000144 ; 0.00000019 ; 1272.75 ; 0.1 ; 3
EL3 0.000000061 ; 0.000000008 ; 1276.53 ; 0.1 ; 3
EM  0.00000336 ; 0.00000043 ; 1289.24 ; 0.1 ; 3
EN  0.00000113 ; 0.00000014 ; 1292.84 ; 0.1 ; 3
GA  0.0032 ; 0.0005 ; 1445.4 ; 0.1 ; 2
EK  0.000038 ; 0.000006 ; 1330.9 ; 0.1 ; 2
EL1 0.0000063 ; 0.000001 ; 1424.74 ; 0.1 ; 2
EL2 0.00000072 ; 0.00000011 ; 1425.55 ; 0.1 ; 2
EL3 0.000000032 ; 0.000000005 ; 1429.33 ; 0.1 ; 2
EM  0.0000017 ; 0.00000027 ; 1442.04 ; 0.1 ; 2
EN  0.00000057 ; 0.00000009 ; 1445.64 ; 0.1 ; 2
COM -------------- Level Separator - T1/2 in seconds -------------
LED 1581.67 ; 0.1 ; 15 ;  ;  ; 44
GA  0.00094 ; 0.00023 ; 558 ; 0.2 ; 14
EK  0.000022 ; 0.000005 ; 442.5 ; 0.2 ; 14
EL1 0.0000039 ; 0.000001 ; 536.34 ; 0.2 ; 14
EL2 0.0000041 ; 0.000001 ; 537.15 ; 0.2 ; 14
EL3 0.00000108 ; 0.00000026 ; 540.93 ; 0.2 ; 14
EM  0.0000024 ; 0.0000006 ; 553.64 ; 0.2 ; 14
EN  0.00000079 ; 0.00000019 ; 557.24 ; 0.2 ; 14
GA  0.00036 ; 0.00011 ; 619 ; 0.2 ; 11
EK  0.000025 ; 0.00002 ; 503.6 ; 0.2 ; 11
EL1 0.000004 ; 0.0000031 ; 597.44 ; 0.2 ; 11
EL2 0.00000097 ; 0.00000033 ; 598.25 ; 0.2 ; 11
EL3 0.00000014 ; 0.00000015 ; 602.03 ; 0.2 ; 11
EM  0.0000013 ; 0.0000007 ; 614.74 ; 0.2 ; 11
EN  0.00000041 ; 0.00000025 ; 618.34 ; 0.2 ; 11
GA   ;  ; 634.3 ; 0.2 ; 10
COM -------------- Level Separator - T1/2 in seconds -------------
LED 1552.554 ; 0.024 ; 37 ; 2.2E-9 ; 2.5E-11 ; 43
GA  0.182 ; 0.016 ; 131.3 ; 0.01 ; 33
EK  0.0371 ; 0.0033 ; 15.698 ; 0.01 ; 33
EL1 0.0045 ; 0.0004 ; 109.542 ; 0.01 ; 33
EL2 0.00217 ; 0.00019 ; 110.352 ; 0.01 ; 33
EL3 0.00176 ; 0.00016 ; 114.132 ; 0.01 ; 33
EM  0.00205 ; 0.00018 ; 126.838 ; 0.01 ; 33
EN  0.00067 ; 0.00006 ; 130.437 ; 0.01 ; 33
GA   ;  ; 461.5 ; 0.1 ; 18
GA  0.0009 ; 0.0004 ; 529.1 ; 0.3 ; 15
EK  0.00009 ; 0.00008 ; 413.6 ; 0.3 ; 15
EL1 0.000015 ; 0.000013 ; 507.44 ; 0.3 ; 15
EL2 0.000004 ; 0.000002 ; 508.25 ; 0.3 ; 15
EL3 0.0000007 ; 0.0000007 ; 512.03 ; 0.3 ; 15
EM  0.0000049 ; 0.0000031 ; 524.74 ; 0.3 ; 15
EN  0.0000017 ; 0.0000011 ; 528.34 ; 0.3 ; 15
GA  0.0018 ; 0.003 ; 584.1 ; 0.1 ; 12
EK  0.00004 ; 0.00007 ; 468.7 ; 0.1 ; 12
EL1 0.000007 ; 0.000011 ; 562.54 ; 0.1 ; 12
EL2 0.000007 ; 0.000011 ; 563.35 ; 0.1 ; 12
EL3 0.0000017 ; 0.0000028 ; 567.13 ; 0.1 ; 12
EM  0.000004 ; 0.000007 ; 579.84 ; 0.1 ; 12
EN  0.0000013 ; 0.0000022 ; 583.44 ; 0.1 ; 12
GA  0.00052 ; 0.00022 ; 604.6 ; 0.3 ; 10
EK  0.000036 ; 0.00003 ; 489.2 ; 0.3 ; 10
EL1 0.000006 ; 0.000005 ; 583.04 ; 0.3 ; 10
EL2 0.0000015 ; 0.0000007 ; 583.85 ; 0.3 ; 10
EL3 0.00000026 ; 0.00000024 ; 587.63 ; 0.3 ; 10
EM  0.0000019 ; 0.0000012 ; 600.34 ; 0.3 ; 10
EN  0.00000064 ; 0.00000042 ; 603.94 ; 0.3 ; 10
GA  0.00059 ; 0.00008 ; 1256.5 ; 0.1 ; 3
EK  0.0000065 ; 0.0000036 ; 1141.7 ; 0.1 ; 3
EL1 0.0000011 ; 0.0000006 ; 1235.54 ; 0.1 ; 3
EL2 0.000000177 ; 0.000000034 ; 1236.35 ; 0.1 ; 3
EL3 0.000000018 ; 0.00000001 ; 1240.13 ; 0.1 ; 3
EM  0.00000032 ; 0.00000015 ; 1252.84 ; 0.1 ; 3
EN  0.0000001 ; 0.00000005 ; 1256.44 ; 0.1 ; 3
GA  0.00045 ; 0.0001 ; 1409.1 ; 0.2 ; 2
COM -------------- Level Separator - T1/2 in seconds -------------
LED 1548.1 ; 0.08 ; 9 ;  ;  ; 42
GA  0.00027 ; 0.00009 ; 452.4 ; 0.3 ; 19
GA  0.00125 ; 0.00015 ; 478.6 ; 0.1 ; 16
EK  0.0000148 ; 0.0000018 ; 363 ; 0.1 ; 16
EL1 0.00000206 ; 0.00000025 ; 456.84 ; 0.1 ; 16
EL2 0.000000406 ; 0.000000049 ; 457.65 ; 0.1 ; 16
EL3 0.000000228 ; 0.000000028 ; 461.43 ; 0.1 ; 16
EM  0.00000064 ; 0.00000008 ; 474.14 ; 0.1 ; 16
EN  0.000000214 ; 0.000000026 ; 477.74 ; 0.1 ; 16
GA  0.00018 ; 0.00008 ; 1252.6 ; 0.2 ; 3
COM -------------- Level Separator - T1/2 in seconds -------------
LED 1543.71 ; 0.05 ; 42 ;  ;  ; 41
GA  0.00036 ; 0.00011 ; 474.2 ; 0.2 ; 16
EK  0.0000044 ; 0.0000013 ; 358.6 ; 0.2 ; 16
EL1 0.0000006 ; 0.00000018 ; 452.44 ; 0.2 ; 16
EL2 0.00000012 ; 0.000000037 ; 453.25 ; 0.2 ; 16
EL3 0.000000067 ; 0.000000021 ; 457.03 ; 0.2 ; 16
EM  0.00000019 ; 0.00000006 ; 469.74 ; 0.2 ; 16
EN  0.000000063 ; 0.000000019 ; 473.34 ; 0.2 ; 16
GA  0.00027 ; 0.00009 ; 575.5 ; 0.1 ; 12
EK  0.000022 ; 0.000018 ; 460.1 ; 0.1 ; 12
EL1 0.0000035 ; 0.0000029 ; 553.94 ; 0.1 ; 12
EL2 0.00000092 ; 0.00000035 ; 554.75 ; 0.1 ; 12
EL3 0.00000016 ; 0.00000015 ; 558.53 ; 0.1 ; 12
EM  0.0000012 ; 0.0000007 ; 571.24 ; 0.1 ; 12
EN  0.0000004 ; 0.00000024 ; 574.84 ; 0.1 ; 12
GA  0.00052 ; 0.00022 ; 617 ; 0.2 ; 9
EK  0.0000102 ; 0.0000043 ; 501.6 ; 0.2 ; 9
EL1 0.0000018 ; 0.0000008 ; 595.44 ; 0.2 ; 9
EL2 0.0000016 ; 0.0000007 ; 596.25 ; 0.2 ; 9
EL3 0.00000039 ; 0.00000016 ; 600.03 ; 0.2 ; 9
EM  0.00000097 ; 0.00000041 ; 612.74 ; 0.2 ; 9
EN  0.00000032 ; 0.00000014 ; 616.34 ; 0.2 ; 9
GA  0.00022 ; 0.00006 ; 1247.8 ; 0.2 ; 3
EK  0.00000125 ; 0.00000034 ; 1133 ; 0.2 ; 3
EL1 0.0000002 ; 0.00000005 ; 1226.84 ; 0.2 ; 3
EL2 0.000000061 ; 0.000000017 ; 1227.65 ; 0.2 ; 3
EL3 0.0000000103 ; 0.0000000028 ; 1231.43 ; 0.2 ; 3
EM  0.000000067 ; 0.000000018 ; 1244.14 ; 0.2 ; 3
EN  0.000000022 ; 0.000000006 ; 1247.74 ; 0.2 ; 3
GA  0.0018 ; 0.0003 ; 1400.3 ; 0.1 ; 2
EK  0.000016 ; 0.000009 ; 1285.8 ; 0.1 ; 2
EL1 0.0000025 ; 0.0000013 ; 1379.64 ; 0.1 ; 2
EL2 0.0000004 ; 0.00000009 ; 1380.45 ; 0.1 ; 2
EL3 0.000000038 ; 0.000000021 ; 1384.23 ; 0.1 ; 2
EM  0.00000074 ; 0.00000035 ; 1396.94 ; 0.1 ; 2
EN  0.00000025 ; 0.00000012 ; 1400.54 ; 0.1 ; 2
GA  0.00011 ; 0.00004 ; 1500 ; 0.2 ; 1
EK  0.00000045 ; 0.00000016 ; 1385.6 ; 0.2 ; 1
EL1 0.000000072 ; 0.000000026 ; 1479.44 ; 0.2 ; 1
EL2 0.000000017 ; 0.000000006 ; 1480.25 ; 0.2 ; 1
EL3 0.0000000027 ; 0.000000001 ; 1484.03 ; 0.2 ; 1
EM  0.000000022 ; 0.000000008 ; 1496.74 ; 0.2 ; 1
EN  0.0000000075 ; 0.0000000027 ; 1500.34 ; 0.2 ; 1
COM -------------- Level Separator - T1/2 in seconds -------------
LED 1537.25 ; 0.03 ; 78 ;  ;  ; 40
GA  0.0123 ; 0.0014 ; 372 ; 0.1 ; 23
EK  0.005 ; 0.0006 ; 256.4 ; 0.1 ; 23
EL1 0.00086 ; 0.0001 ; 350.24 ; 0.1 ; 23
EL2 0.000128 ; 0.000015 ; 351.05 ; 0.1 ; 23
EL3 0.0000113 ; 0.0000013 ; 354.83 ; 0.1 ; 23
EM  0.000242 ; 0.000028 ; 367.54 ; 0.1 ; 23
EN  0.000081 ; 0.000009 ; 371.14 ; 0.1 ; 23
GA  0.0034 ; 0.0005 ; 409.8 ; 0.1 ; 22
EK  0.000055 ; 0.000008 ; 294.2 ; 0.1 ; 22
EL1 0.0000075 ; 0.0000011 ; 388.04 ; 0.1 ; 22
EL2 0.00000166 ; 0.00000025 ; 388.85 ; 0.1 ; 22
EL3 0.00000097 ; 0.00000014 ; 392.63 ; 0.1 ; 22
EM  0.00000245 ; 0.00000036 ; 405.34 ; 0.1 ; 22
EN  0.00000081 ; 0.00000012 ; 408.94 ; 0.1 ; 22
GA  0.00114 ; 0.00015 ; 446.6 ; 0.1 ; 18
EK  0.000307 ; 0.000041 ; 331 ; 0.1 ; 18
EL1 0.000052 ; 0.000007 ; 424.84 ; 0.1 ; 18
EL2 0.0000066 ; 0.0000009 ; 425.65 ; 0.1 ; 18
EL3 0.000000253 ; 0.000000034 ; 429.43 ; 0.1 ; 18
EM  0.0000142 ; 0.0000019 ; 442.14 ; 0.1 ; 18
EN  0.0000047 ; 0.0000006 ; 445.74 ; 0.1 ; 18
GA  0.0022 ; 0.0003 ; 468 ; 0.1 ; 16
EK  0.0000273 ; 0.0000037 ; 352.4 ; 0.1 ; 16
EL1 0.0000038 ; 0.0000005 ; 446.24 ; 0.1 ; 16
EL2 0.00000076 ; 0.0000001 ; 447.05 ; 0.1 ; 16
EL3 0.00000043 ; 0.00000006 ; 450.83 ; 0.1 ; 16
EM  0.00000119 ; 0.00000016 ; 463.54 ; 0.1 ; 16
EN  0.00000039 ; 0.00000005 ; 467.14 ; 0.1 ; 16
GA  0.0038 ;  ; 513.4 ; 0.1 ; 15
EK  0.000703 ; 0.000011 ; 397.8 ; 0.1 ; 15
EL1 0.0001189 ; 0.0000019 ; 491.64 ; 0.1 ; 15
EL2 0.0000149 ; 0.00000023 ; 492.45 ; 0.1 ; 15
EL3 0.00000057 ; 0.000000008 ; 496.23 ; 0.1 ; 15
EM  0.00003238 ; 0.00000046 ; 508.94 ; 0.1 ; 15
EN  0.00001082 ; 0.00000018 ; 512.54 ; 0.1 ; 15
GA  0.0076 ;  ; 513.5 ; 0.1 ; 14
EK  0.0000787 ; 0.0000011 ; 397.9 ; 0.1 ; 14
EL1 0.00001095 ; 0.00000016 ; 491.74 ; 0.1 ; 14
EL2 0.000002052 ; 0.00000003 ; 492.55 ; 0.1 ; 14
EL3 0.000001131 ; 0.000000016 ; 496.33 ; 0.1 ; 14
EM  0.00000338 ; 0.00000005 ; 509.04 ; 0.1 ; 14
EN  0.000001124 ; 0.000000016 ; 512.64 ; 0.1 ; 14
GA  0.036 ; 0.006 ; 568.9 ; 0.2 ; 12
EK  0.0051 ; 0.0008 ; 453.5 ; 0.2 ; 12
EL1 0.00085 ; 0.00014 ; 547.34 ; 0.2 ; 12
EL2 0.000106 ; 0.000018 ; 548.15 ; 0.2 ; 12
EL3 0.000004 ; 0.0000007 ; 551.93 ; 0.2 ; 12
EM  0.000232 ; 0.000039 ; 564.64 ; 0.2 ; 12
EN  0.000078 ; 0.000013 ; 568.24 ; 0.2 ; 12
GA  0.00036 ; 0.00011 ; 590.3 ; 1 ; 10
EK  0.000025 ; 0.000023 ; 474.9 ; 1 ; 10
EL1 0.0000047 ; 0.0000035 ; 568.7 ; 1 ; 10
EL2 0.00000112 ; 0.00000039 ; 569.6 ; 1 ; 10
EL3 0.00000018 ; 0.00000015 ; 573.3 ; 1 ; 10
EM  0.0000014 ; 0.0000008 ; 586 ; 1 ; 10
EN  0.00000049 ; 0.00000027 ; 589.6 ; 1 ; 10
GA  0.0015 ; 0.0004 ; 685.1 ; 0.2 ; 8
GA  0.0023 ; 0.0003 ; 1241.2 ; 0.1 ; 3
EK  0.0000132 ; 0.0000017 ; 1126.4 ; 0.1 ; 3
EL1 0.00000212 ; 0.00000028 ; 1220.24 ; 0.1 ; 3
EL2 0.00000065 ; 0.00000008 ; 1221.05 ; 0.1 ; 3
EL3 0.00000011 ; 0.000000014 ; 1224.83 ; 0.1 ; 3
EM  0.00000071 ; 0.00000009 ; 1237.54 ; 0.1 ; 3
EN  0.000000236 ; 0.000000031 ; 1241.14 ; 0.1 ; 3
GA  0.0208 ; 0.0021 ; 1393.9 ; 0.1 ; 2
EK  0.000271 ; 0.000028 ; 1279.3 ; 0.1 ; 2
EL1 0.0000451 ; 0.0000046 ; 1373.14 ; 0.1 ; 2
EL2 0.0000052 ; 0.0000005 ; 1373.95 ; 0.1 ; 2
EL3 0.000000226 ; 0.000000023 ; 1377.73 ; 0.1 ; 2
EM  0.0000122 ; 0.0000012 ; 1390.44 ; 0.1 ; 2
EN  0.00000407 ; 0.00000042 ; 1394.04 ; 0.1 ; 2
GA  0.00104 ; 0.00014 ; 1493.6 ; 0.1 ; 1
EK  0.0000043 ; 0.0000006 ; 1379.2 ; 0.1 ; 1
EL1 0.00000069 ; 0.00000009 ; 1473.04 ; 0.1 ; 1
EL2 0.000000163 ; 0.000000022 ; 1473.85 ; 0.1 ; 1
EL3 0.0000000263 ; 0.0000000036 ; 1477.63 ; 0.1 ; 1
EM  0.000000213 ; 0.000000029 ; 1490.34 ; 0.1 ; 1
EN  0.000000071 ; 0.00000001 ; 1493.94 ; 0.1 ; 1
COM -------------- Level Separator - T1/2 in seconds -------------
LED 1533.37 ; 0.05 ; 21 ;  ;  ; 39
GA  0.00031 ; 0.00011 ; 464.2 ; 0.1 ; 16
EK  0.000075 ; 0.000027 ; 348.6 ; 0.1 ; 16
EL1 0.0000127 ; 0.0000045 ; 442.44 ; 0.1 ; 16
EL2 0.0000016 ; 0.0000006 ; 443.25 ; 0.1 ; 16
EL3 0.000000062 ; 0.000000022 ; 447.03 ; 0.1 ; 16
EM  0.0000035 ; 0.0000012 ; 459.74 ; 0.1 ; 16
EN  0.00000116 ; 0.00000041 ; 463.34 ; 0.1 ; 16
GA  0.00135 ; 0.00024 ; 543.8 ; 0.1 ; 13
EK  0.000033 ; 0.000006 ; 428.3 ; 0.1 ; 13
EL1 0.0000059 ; 0.0000011 ; 522.14 ; 0.1 ; 13
EL2 0.0000065 ; 0.0000012 ; 522.95 ; 0.1 ; 13
EL3 0.00000173 ; 0.00000031 ; 526.73 ; 0.1 ; 13
EM  0.0000037 ; 0.0000007 ; 539.44 ; 0.1 ; 13
EN  0.00000123 ; 0.00000022 ; 543.04 ; 0.1 ; 13
GA  0.00073 ; 0.00022 ; 1389.6 ; 0.2 ; 2
EK  0.00000128 ; 0.00000039 ; 1275 ; 0.2 ; 2
EL1 0.00000019 ; 0.00000006 ; 1368.84 ; 0.2 ; 2
EL2 0.000000017 ; 0.000000005 ; 1369.65 ; 0.2 ; 2
EL3 0.000000008 ; 0.0000000024 ; 1373.43 ; 0.2 ; 2
EM  0.00000005 ; 0.000000015 ; 1386.14 ; 0.2 ; 2
EN  0.000000017 ; 0.000000005 ; 1389.74 ; 0.2 ; 2
COM -------------- Level Separator - T1/2 in seconds -------------
LED 1502.38 ; 0.08 ; 2 ;  ;  ; 38
GA  0.00156 ; 0.00025 ; 1359 ; 0.1 ; 2
GA  0.00094 ; 0.00023 ; 1458.9 ; 0.1 ; 1
COM -------------- Level Separator - T1/2 in seconds -------------
LED 1496.14 ; 0.03 ; 77 ;  ;  ; 37
GA  0.00073 ; 0.00022 ; 221.83 ; 0.1 ; 29
EK  0.000095 ; 0.000029 ; 106.23 ; 0.1 ; 29
EL1 0.000022 ; 0.000007 ; 200.07 ; 0.1 ; 29
EL2 0.000124 ; 0.000038 ; 200.88 ; 0.1 ; 29
EL3 0.000058 ; 0.000017 ; 204.66 ; 0.1 ; 29
EM  0.000056 ; 0.000017 ; 217.37 ; 0.1 ; 29
EN  0.000019 ; 0.000006 ; 220.97 ; 0.1 ; 29
GA   ;  ; 330.4 ; 0.05 ; 23
EK  0 ; 0.000006 ; 214.8 ; 0.05 ; 23
EL1 0 ; 0.000006 ; 308.64 ; 0.05 ; 23
EL2 0 ; 0.000006 ; 309.45 ; 0.05 ; 23
EL3 0 ; 0.000006 ; 313.23 ; 0.05 ; 23
EM  0 ; 0.000006 ; 325.94 ; 0.05 ; 23
EN  0 ; 0.000007 ; 329.54 ; 0.05 ; 23
GA  0.025 ; 0.003 ; 369.5 ; 0.05 ; 21
EK  0.0113 ; 0.0014 ; 253.9 ; 0.05 ; 21
EL1 0.00192 ; 0.00023 ; 347.74 ; 0.05 ; 21
EL2 0.000242 ; 0.000029 ; 348.55 ; 0.05 ; 21
EL3 0.0000096 ; 0.0000012 ; 352.33 ; 0.05 ; 21
EM  0.00052 ; 0.00006 ; 365.04 ; 0.05 ; 21
EN  0.000175 ; 0.000021 ; 368.64 ; 0.05 ; 21
GA  0.0046 ; 0.0005 ; 426.95 ; 0.05 ; 16
EK  0.000069 ; 0.000008 ; 311.35 ; 0.05 ; 16
EL1 0.0000094 ; 0.000001 ; 405.19 ; 0.05 ; 16
EL2 0.00000202 ; 0.00000022 ; 406 ; 0.05 ; 16
EL3 0.00000117 ; 0.00000013 ; 409.78 ; 0.05 ; 16
EM  0.00000303 ; 0.00000033 ; 422.49 ; 0.05 ; 16
EN  0.00000101 ; 0.00000011 ; 426.09 ; 0.05 ; 16
GA  0.0036 ; 0.0004 ; 472.3 ; 0.1 ; 15
EK  0.00083 ; 0.00009 ; 356.7 ; 0.1 ; 15
EL1 0.000141 ; 0.000016 ; 450.54 ; 0.1 ; 15
EL2 0.0000177 ; 0.000002 ; 451.35 ; 0.1 ; 15
EL3 0.00000068 ; 0.00000008 ; 455.13 ; 0.1 ; 15
EM  0.0000385 ; 0.0000043 ; 467.84 ; 0.1 ; 15
EN  0.0000129 ; 0.0000014 ; 471.44 ; 0.1 ; 15
GA  0.013 ; 0.0014 ; 506.75 ; 0.05 ; 13
EK  0.000138 ; 0.000015 ; 391.16 ; 0.05 ; 13
EL1 0.0000192 ; 0.0000021 ; 485 ; 0.05 ; 13
EL2 0.00000364 ; 0.0000004 ; 485.81 ; 0.05 ; 13
EL3 0.00000201 ; 0.00000022 ; 489.59 ; 0.05 ; 13
EM  0.0000059 ; 0.0000006 ; 502.3 ; 0.05 ; 13
EN  0.00000197 ; 0.00000021 ; 505.9 ; 0.05 ; 13
GA  0.004 ; 0.0005 ; 527.9 ; 0.1 ; 12
EK  0.00069 ; 0.00009 ; 412.39 ; 0.1 ; 12
EL1 0.000116 ; 0.000015 ; 506.23 ; 0.1 ; 12
EL2 0.0000145 ; 0.0000018 ; 507.04 ; 0.1 ; 12
EL3 0.00000055 ; 0.00000007 ; 510.82 ; 0.1 ; 12
EM  0.0000316 ; 0.000004 ; 523.53 ; 0.1 ; 12
EN  0.0000106 ; 0.0000013 ; 527.13 ; 0.1 ; 12
GA  0.093 ; 0.012 ; 569.5 ; 0.1 ; 9
EK  0.013 ; 0.0017 ; 454.1 ; 0.1 ; 9
EL1 0.00219 ; 0.00029 ; 547.94 ; 0.1 ; 9
EL2 0.000274 ; 0.000036 ; 548.75 ; 0.1 ; 9
EL3 0.0000104 ; 0.0000014 ; 552.53 ; 0.1 ; 9
EM  0.0006 ; 0.00008 ; 565.24 ; 0.1 ; 9
EN  0.0002 ; 0.000026 ; 568.84 ; 0.1 ; 9
GA  0.00114 ; 0.00015 ; 646.5 ; 0.1 ; 7
EK  0.0000076 ; 0.000001 ; 531.1 ; 0.1 ; 7
EL1 0.00000108 ; 0.00000014 ; 624.94 ; 0.1 ; 7
EL2 0.000000171 ; 0.000000023 ; 625.75 ; 0.1 ; 7
EL3 0.000000089 ; 0.000000012 ; 629.53 ; 0.1 ; 7
EM  0.000000318 ; 0.000000042 ; 642.24 ; 0.1 ; 7
EN  0.000000106 ; 0.000000014 ; 645.84 ; 0.1 ; 7
GA  0.0116 ; 0.0012 ; 1352.9 ; 0.1 ; 2
EK  0.000164 ; 0.000017 ; 1238.3 ; 0.1 ; 2
EL1 0.0000273 ; 0.0000029 ; 1332.14 ; 0.1 ; 2
EL2 0.00000312 ; 0.00000033 ; 1332.95 ; 0.1 ; 2
EL3 0.000000135 ; 0.000000014 ; 1336.73 ; 0.1 ; 2
EM  0.0000073 ; 0.0000008 ; 1349.44 ; 0.1 ; 2
EN  0.00000246 ; 0.00000026 ; 1353.04 ; 0.1 ; 2
GA  0.0081 ; 0.0009 ; 1452.7 ; 0.1 ; 1
EK  0.000095 ; 0.000011 ; 1338.2 ; 0.1 ; 1
EL1 0.0000158 ; 0.0000018 ; 1432.04 ; 0.1 ; 1
EL2 0.00000179 ; 0.0000002 ; 1432.85 ; 0.1 ; 1
EL3 0.00000008 ; 0.000000009 ; 1436.63 ; 0.1 ; 1
EM  0.00000424 ; 0.00000048 ; 1449.34 ; 0.1 ; 1
EN  0.00000142 ; 0.00000016 ; 1452.94 ; 0.1 ; 1
COM -------------- Level Separator - T1/2 in seconds -------------
LED 1486.17 ; 0.12 ; 21 ;  ;  ; 36
GA  0.00073 ; 0.00022 ; 559.2 ; 0.2 ; 9
EK  0.0000064 ; 0.0000019 ; 443.8 ; 0.2 ; 9
EL1 0.0000009 ; 0.00000027 ; 537.64 ; 0.2 ; 9
EL2 0.000000158 ; 0.000000048 ; 538.45 ; 0.2 ; 9
EL3 0.000000085 ; 0.000000026 ; 542.23 ; 0.2 ; 9
EM  0.00000027 ; 0.00000008 ; 554.94 ; 0.2 ; 9
EN  0.000000091 ; 0.000000027 ; 558.54 ; 0.2 ; 9
GA  0.00012 ; 0.00005 ; 1342.9 ; 0.2 ; 2
EK  0.00000022 ; 0.00000009 ; 1228.3 ; 0.2 ; 2
EL1 0.000000032 ; 0.000000013 ; 1322.14 ; 0.2 ; 2
EL2 0.0000000031 ; 0.0000000013 ; 1322.95 ; 0.2 ; 2
EL3 0.0000000014 ; 0.0000000006 ; 1326.73 ; 0.2 ; 2
EM  0.0000000087 ; 0.0000000036 ; 1339.44 ; 0.2 ; 2
EN  0.0000000029 ; 0.0000000012 ; 1343.04 ; 0.2 ; 2
GA  0.00031 ; 0.00007 ; 1442.8 ; 0.2 ; 1
EK  0.00000051 ; 0.00000012 ; 1328.3 ; 0.2 ; 1
EL1 0.000000074 ; 0.000000017 ; 1422.14 ; 0.2 ; 1
EL2 0.0000000067 ; 0.0000000015 ; 1422.95 ; 0.2 ; 1
EL3 0.0000000031 ; 0.0000000007 ; 1426.73 ; 0.2 ; 1
EM  0.0000000199 ; 0.0000000045 ; 1439.44 ; 0.2 ; 1
EN  0.0000000066 ; 0.0000000015 ; 1443.04 ; 0.2 ; 1
COM -------------- Level Separator - T1/2 in seconds -------------
LED 1456.54 ; 0.07 ; 2 ;  ;  ; 35
GA  0.000006 ;  ; 669.7 ; 0.1 ; 5
GA  0.000028 ;  ; 1414.4 ; 0.2 ; 1
COM -------------- Level Separator - T1/2 in seconds -------------
LED 1447.89 ; 0.1 ; 14 ;  ;  ; 34
GA  0.00052 ; 0.00008 ; 320.4 ; 0.1 ; 22
EK  0.00021 ; 0.00016 ; 204.8 ; 0.1 ; 22
EL1 0.000031 ; 0.000026 ; 298.64 ; 0.1 ; 22
EL2 0.000014 ; 0.000007 ; 299.45 ; 0.1 ; 22
EL3 0.0000036 ; 0.0000037 ; 303.23 ; 0.1 ; 22
EM  0.0000125 ; 0.0000041 ; 315.94 ; 0.1 ; 22
EN  0.0000042 ; 0.0000014 ; 319.54 ; 0.1 ; 22
GA  0.00032 ; 0.0001 ; 1151.4 ; 0.3 ; 3
EK  0.00000077 ; 0.00000024 ; 1036.5 ; 0.3 ; 3
EL1 0.000000111 ; 0.000000035 ; 1130.34 ; 0.3 ; 3
EL2 0.0000000117 ; 0.0000000037 ; 1131.15 ; 0.3 ; 3
EL3 0.0000000055 ; 0.0000000017 ; 1134.93 ; 0.3 ; 3
EM  0.00000003 ; 0.00000001 ; 1147.64 ; 0.3 ; 3
EN  0.0000000101 ; 0.0000000032 ; 1151.24 ; 0.3 ; 3
COM -------------- Level Separator - T1/2 in seconds -------------
LED 1421.252 ; 0.024 ; 84 ; 3.35E-5 ; 2.E-6 ; 33
GA  0.0032 ; 0.0005 ; 143.78 ; 0.02 ; 30
EK  0.010368 ; 0.0000000032 ; 28.178 ; 0.02 ; 30
EL1 0.0018816 ; 0.0000000032 ; 122.022 ; 0.02 ; 30
EL2 0.0019872 ; 0.0000000032 ; 122.832 ; 0.02 ; 30
EL3 0.0010368 ; 0.0000000032 ; 126.612 ; 0.02 ; 30
EM  0.0012896 ; 0.0000000032 ; 139.318 ; 0.02 ; 30
EN  0.00043104 ; 0.0000000038 ; 142.917 ; 0.02 ; 30
GA  0.0066 ; 0.001 ; 159.48 ; 0.02 ; 28
EK  0.00086 ; 0.00013 ; 43.878 ; 0.02 ; 28
EL1 0.000106 ; 0.000016 ; 137.722 ; 0.02 ; 28
EL2 0.000045 ; 0.000007 ; 138.532 ; 0.02 ; 28
EL3 0.000035 ; 0.000005 ; 142.312 ; 0.02 ; 28
EM  0.000045 ; 0.000007 ; 155.018 ; 0.02 ; 28
EN  0.0000149 ; 0.0000023 ; 158.617 ; 0.02 ; 28
GA  0.049 ; 0.006 ; 226.5 ; 0.03 ; 25
EK  0.044 ; 0.016 ; 110.898 ; 0.03 ; 25
EL1 0.0078 ; 0.0026 ; 204.742 ; 0.03 ; 25
EL2 0.0048 ; 0.0012 ; 205.552 ; 0.03 ; 25
EL3 0.0018 ; 0.0006 ; 209.332 ; 0.03 ; 25
EM  0.00372 ; 0.00047 ; 222.038 ; 0.03 ; 25
EN  0.00124 ; 0.00016 ; 225.637 ; 0.03 ; 25
GA  0.025 ; 0.004 ; 249.22 ; 0.01 ; 24
EK  0.00118 ; 0.00019 ; 133.618 ; 0.01 ; 24
EL1 0.000154 ; 0.000025 ; 227.462 ; 0.01 ; 24
EL2 0.000048 ; 0.000008 ; 228.272 ; 0.01 ; 24
EL3 0.000032 ; 0.000005 ; 232.052 ; 0.01 ; 24
EM  0.000056 ; 0.000009 ; 244.758 ; 0.01 ; 24
EN  0.0000187 ; 0.000003 ; 248.357 ; 0.01 ; 24
GA  0.03 ; 0.004 ; 293.79 ; 0.05 ; 22
EK  0.0084 ; 0.0029 ; 178.19 ; 0.05 ; 22
EL1 0.00147 ; 0.00049 ; 272.03 ; 0.05 ; 22
EL2 0.00132 ; 0.00021 ; 272.84 ; 0.05 ; 22
EL3 0.00047 ; 0.0001 ; 276.62 ; 0.05 ; 22
EM  0.00085 ; 0.00013 ; 289.33 ; 0.05 ; 22
EN  0.000282 ; 0.000042 ; 292.93 ; 0.05 ; 22
GA  0.00146 ; 0.00025 ; 295.91 ; 0.08 ; 20
EK  0.0007 ; 0.0006 ; 180.31 ; 0.08 ; 20
EL1 0.00012 ; 0.0001 ; 274.15 ; 0.08 ; 20
EL2 0.000051 ; 0.000026 ; 274.96 ; 0.08 ; 20
EL3 0.000015 ; 0.000015 ; 278.74 ; 0.08 ; 20
EM  0.000045 ; 0.000014 ; 291.45 ; 0.08 ; 20
EN  0.0000152 ; 0.0000046 ; 295.05 ; 0.08 ; 20
GA  0.0078 ; 0.0009 ; 330.4 ; 0.05 ; 18
EK  0.000198 ; 0.000023 ; 214.8 ; 0.05 ; 18
EL1 0.0000267 ; 0.0000031 ; 308.64 ; 0.05 ; 18
EL2 0.0000068 ; 0.0000008 ; 309.45 ; 0.05 ; 18
EL3 0.00000425 ; 0.00000049 ; 313.23 ; 0.05 ; 18
EM  0.0000091 ; 0.0000011 ; 325.94 ; 0.05 ; 18
EN  0.00000301 ; 0.00000035 ; 329.54 ; 0.05 ; 18
GA  0.0042 ; 0.0005 ; 351.9 ; 0.1 ; 16
EK  0.000233 ; 0.000028 ; 236.3 ; 0.1 ; 16
EL1 0.000045 ; 0.000005 ; 330.14 ; 0.1 ; 16
EL2 0.000108 ; 0.000013 ; 330.95 ; 0.1 ; 16
EL3 0.0000379 ; 0.0000045 ; 334.73 ; 0.1 ; 16
EM  0.000051 ; 0.000006 ; 347.44 ; 0.1 ; 16
EN  0.0000171 ; 0.0000021 ; 351.04 ; 0.1 ; 16
GA  0.00027 ; 0.00007 ; 397.7 ; 0.3 ; 15
EK  0.00027 ; 0.00007 ; 282.1 ; 0.3 ; 15
EL1 0.00006 ; 0.000016 ; 375.94 ; 0.3 ; 15
EL2 0.0000098 ; 0.0000025 ; 376.75 ; 0.3 ; 15
EL3 0.0000033 ; 0.0000009 ; 380.53 ; 0.3 ; 15
EM  0.0000185 ; 0.0000048 ; 393.24 ; 0.3 ; 15
EN  0.0000063 ; 0.0000016 ; 396.84 ; 0.3 ; 15
GA  0.0114 ; 0.0012 ; 458.68 ; 0.05 ; 11
EK  0.00125 ; 0.00047 ; 343.08 ; 0.05 ; 11
EL1 0.00021 ; 0.00007 ; 436.92 ; 0.05 ; 11
EL2 0.00009 ; 0.000012 ; 437.73 ; 0.05 ; 11
EL3 0.000022 ; 0.000005 ; 441.51 ; 0.05 ; 11
EM  0.000081 ; 0.000015 ; 454.22 ; 0.05 ; 11
EN  0.000027 ; 0.000005 ; 457.82 ; 0.05 ; 11
GA  0.0036 ; 0.0008 ; 1125.2 ; 0.1 ; 3
EK  0.000009 ; 0.000002 ; 1010.3 ; 0.1 ; 3
EL1 0.0000013 ; 0.00000029 ; 1104.14 ; 0.1 ; 3
EL2 0.000000139 ; 0.000000031 ; 1104.95 ; 0.1 ; 3
EL3 0.000000066 ; 0.000000015 ; 1108.73 ; 0.1 ; 3
EM  0.00000036 ; 0.00000008 ; 1121.44 ; 0.1 ; 3
EN  0.000000119 ; 0.000000026 ; 1125.04 ; 0.1 ; 3
GA  0.00045 ; 0.00009 ; 1277.7 ; 0.2 ; 2
EK  0.0000166 ; 0.0000033 ; 1163 ; 0.2 ; 2
EL1 0.000003 ; 0.0000006 ; 1256.84 ; 0.2 ; 2
EL2 0.00000043 ; 0.00000009 ; 1257.65 ; 0.2 ; 2
EL3 0.000000029 ; 0.000000006 ; 1261.43 ; 0.2 ; 2
EM  0.00000085 ; 0.00000017 ; 1274.14 ; 0.2 ; 2
EN  0.00000028 ; 0.00000006 ; 1277.74 ; 0.2 ; 2
COM -------------- Level Separator - T1/2 in seconds -------------
LED 1341.33 ; 0.08 ; 8 ;  ;  ; 32
GA  0.00042 ; 0.00011 ; 379.1 ; 0.1 ; 11
EK  0.000008 ; 0.0000021 ; 263.5 ; 0.1 ; 11
EL1 0.00000109 ; 0.00000029 ; 357.34 ; 0.1 ; 11
EL2 0.00000025 ; 0.00000007 ; 358.15 ; 0.1 ; 11
EL3 0.000000152 ; 0.00000004 ; 361.93 ; 0.1 ; 11
EM  0.00000036 ; 0.00000009 ; 374.64 ; 0.1 ; 11
EN  0.000000119 ; 0.000000031 ; 378.24 ; 0.1 ; 11
GA  0.00031 ; 0.00003 ; 1044.4 ; 0.2 ; 3
COM -------------- Level Separator - T1/2 in seconds -------------
LED 1312.2 ; 0.09 ; 16 ;  ;  ; 31
GA   ;  ; 75 ; 0.3 ; 27
GA  0.00034 ; 0.00008 ; 343.8 ; 0.2 ; 12
EK  0.0000079 ; 0.0000019 ; 228.2 ; 0.2 ; 12
EL1 0.00000107 ; 0.00000025 ; 322.04 ; 0.2 ; 12
EL2 0.00000027 ; 0.00000006 ; 322.85 ; 0.2 ; 12
EL3 0.000000164 ; 0.000000039 ; 326.63 ; 0.2 ; 12
EM  0.00000036 ; 0.00000009 ; 339.34 ; 0.2 ; 12
EN  0.00000012 ; 0.000000028 ; 342.94 ; 0.2 ; 12
GA   ;  ; 365 ; 0.3 ; 10
GA  0.00042 ; 0.00011 ; 385.4 ; 0.1 ; 9
EK  0.0000077 ; 0.000002 ; 269.8 ; 0.1 ; 9
EL1 0.00000105 ; 0.00000028 ; 363.64 ; 0.1 ; 9
EL2 0.00000024 ; 0.00000006 ; 364.45 ; 0.1 ; 9
EL3 0.000000144 ; 0.000000038 ; 368.23 ; 0.1 ; 9
EM  0.00000035 ; 0.00000009 ; 380.94 ; 0.1 ; 9
EN  0.000000115 ; 0.00000003 ; 384.54 ; 0.1 ; 9
COM -------------- Level Separator - T1/2 in seconds -------------
LED 1277.45 ; 0.03 ; 21 ;  ;  ; 30
GA  0.00073 ; 0.00022 ; 149.88 ; 0.03 ; 22
EK  0.000161 ; 0.000048 ; 34.278 ; 0.03 ; 22
EL1 0.000059 ; 0.000018 ; 128.122 ; 0.03 ; 22
EL2 0.00067 ; 0.0002 ; 128.932 ; 0.03 ; 22
EL3 0.00038 ; 0.00012 ; 132.712 ; 0.03 ; 22
EM  0.00031 ; 0.00009 ; 145.418 ; 0.03 ; 22
EN  0.000103 ; 0.000031 ; 149.017 ; 0.03 ; 22
GA  0.009 ; 0.0009 ; 780.4 ; 0.2 ; 4
EK  0.0000427 ; 0.0000043 ; 665.1 ; 0.2 ; 4
EL1 0.0000061 ; 0.0000006 ; 758.94 ; 0.2 ; 4
EL2 0.00000084 ; 0.00000009 ; 759.75 ; 0.2 ; 4
EL3 0.000000419 ; 0.000000042 ; 763.53 ; 0.2 ; 4
EM  0.00000175 ; 0.00000018 ; 776.24 ; 0.2 ; 4
EN  0.00000058 ; 0.00000006 ; 779.84 ; 0.2 ; 4
GA  0.0073 ; 0.0022 ; 981.6 ; 0.3 ; 3
EK  0.000023 ; 0.000007 ; 866.4 ; 0.3 ; 3
EL1 0.0000033 ; 0.000001 ; 960.24 ; 0.3 ; 3
EL2 0.00000039 ; 0.00000012 ; 961.05 ; 0.3 ; 3
EL3 0.00000019 ; 0.00000006 ; 964.83 ; 0.3 ; 3
EM  0.00000092 ; 0.00000028 ; 977.54 ; 0.3 ; 3
EN  0.00000031 ; 0.00000009 ; 981.14 ; 0.3 ; 3
COM -------------- Level Separator - T1/2 in seconds -------------
LED 1274.32 ; 0.09 ; 1 ;  ;  ; 29
GA  0.0009 ; 0.00023 ; 978.2 ; 0.3 ; 3
COM -------------- Level Separator - T1/2 in seconds -------------
LED 1261.77 ; 0.03 ; 14 ;  ;  ; 28
GA  0.002 ; 0.0005 ; 764.8 ; 0.2 ; 4
EK  0.00008 ; 0.00006 ; 649.5 ; 0.2 ; 4
EL1 0.000012 ; 0.00001 ; 743.34 ; 0.2 ; 4
EL2 0.0000027 ; 0.0000007 ; 744.15 ; 0.2 ; 4
EL3 0.00000036 ; 0.00000028 ; 747.93 ; 0.2 ; 4
EM  0.000004 ; 0.0000022 ; 760.64 ; 0.2 ; 4
EN  0.0000013 ; 0.0000008 ; 764.24 ; 0.2 ; 4
GA  0.0048 ; 0.0006 ; 965.8 ; 0.1 ; 3
EK  0.00011 ; 0.00006 ; 850.6 ; 0.1 ; 3
EL1 0.000017 ; 0.000011 ; 944.44 ; 0.1 ; 3
EL2 0.00000317 ; 0.00000042 ; 945.25 ; 0.1 ; 3
EL3 0.00000034 ; 0.00000024 ; 949.03 ; 0.1 ; 3
EM  0.0000053 ; 0.0000025 ; 961.74 ; 0.1 ; 3
EN  0.0000017 ; 0.0000009 ; 965.34 ; 0.1 ; 3
COM -------------- Level Separator - T1/2 in seconds -------------
LED 1237.24 ; 0.03 ; 25 ;  ;  ; 27
GA  0.0000037 ; 0.0000004 ; 247.79 ; 0.07 ; 13
GA  0.00000135 ; 0.00000015 ; 310.52 ; 0.1 ; 9
GA  0.0000072 ; 0.0000006 ; 387.94 ; 0.06 ; 7
GA  0.00000031 ; 0.0000001 ; 427.4 ; 0.4 ; 6
GA  0.00004 ; 0.000019 ; 450.93 ; 0.04 ; 5
EK  0.0000075 ; 0.0000036 ; 335.328 ; 0.04 ; 5
EL1 0.0000013 ; 0.0000006 ; 429.172 ; 0.04 ; 5
EL2 0.00000028 ; 0.00000013 ; 429.982 ; 0.04 ; 5
EL3 0.000000044 ; 0.000000021 ; 433.762 ; 0.04 ; 5
EM  0.00000039 ; 0.00000019 ; 446.468 ; 0.04 ; 5
EN  0.00000013 ; 0.00000006 ; 450.067 ; 0.04 ; 5
GA  0.00021 ; 0.00006 ; 1193.77 ; 0.02 ; 1
EK  0.00000047 ; 0.00000014 ; 1078.928 ; 0.03 ; 1
EL1 0.000000069 ; 0.00000002 ; 1172.772 ; 0.03 ; 1
EL2 0.0000000071 ; 0.000000002 ; 1173.582 ; 0.03 ; 1
EL3 0.0000000033 ; 0.0000000009 ; 1177.362 ; 0.03 ; 1
EM  0.000000019 ; 0.000000005 ; 1190.068 ; 0.03 ; 1
EN  0.0000000062 ; 0.0000000018 ; 1193.667 ; 0.03 ; 1
GA  0.000094 ;  ; 1237.3 ; 0.3 ; 0
EK  0.0000002002 ; 0.0000000028 ; 1122.5 ; 0.3 ; 0
EL1 0.00000002895 ; 0.00000000047 ; 1216.34 ; 0.3 ; 0
EL2 0.000000002905 ; 0.000000000047 ; 1217.15 ; 0.3 ; 0
EL3 0.00000000136 ; 0.00000000002 ; 1220.93 ; 0.3 ; 0
EM  0.00000000788 ; 0.00000000011 ; 1233.64 ; 0.3 ; 0
EN  0.000000002626 ; 0.000000000045 ; 1237.24 ; 0.3 ; 0
COM -------------- Level Separator - T1/2 in seconds -------------
LED 1214.7 ; 0.05 ; 28 ;  ;  ; 26
GA  0.0018 ; 0.0003 ; 267.12 ; 0.05 ; 10
EK  0.0011 ; 0.0009 ; 151.52 ; 0.05 ; 10
EL1 0.00018 ; 0.00016 ; 245.36 ; 0.05 ; 10
EL2 0.00009 ; 0.00006 ; 246.17 ; 0.05 ; 10
EL3 0.000031 ; 0.000029 ; 249.95 ; 0.05 ; 10
EM  0.000079 ; 0.00002 ; 262.66 ; 0.05 ; 10
EN  0.000026 ; 0.000007 ; 266.26 ; 0.05 ; 10
GA  0.00018 ; 0.00007 ; 365 ; 0.3 ; 7
EK  0.0000037 ; 0.0000014 ; 249.4 ; 0.3 ; 7
EL1 0.0000005 ; 0.0000002 ; 343.24 ; 0.3 ; 7
EL2 0.00000012 ; 0.000000047 ; 344.05 ; 0.3 ; 7
EL3 0.000000073 ; 0.000000028 ; 347.83 ; 0.3 ; 7
EM  0.00000017 ; 0.00000007 ; 360.54 ; 0.3 ; 7
EN  0.000000056 ; 0.000000022 ; 364.14 ; 0.3 ; 7
GA  0.001 ; 0.00014 ; 918.4 ; 0.1 ; 3
EK  0.0000097 ; 0.0000014 ; 803.2 ; 0.1 ; 3
EL1 0.00000161 ; 0.00000023 ; 897.04 ; 0.1 ; 3
EL2 0.00000075 ; 0.00000011 ; 897.85 ; 0.1 ; 3
EL3 0.000000147 ; 0.000000021 ; 901.63 ; 0.1 ; 3
EM  0.00000063 ; 0.00000009 ; 914.34 ; 0.1 ; 3
EN  0.00000021 ; 0.000000029 ; 917.94 ; 0.1 ; 3
GA  0.0009 ; 0.00013 ; 1171.3 ; 0.1 ; 1
EK  0.0000057 ; 0.0000008 ; 1056.4 ; 0.1 ; 1
EL1 0.00000092 ; 0.00000013 ; 1150.24 ; 0.1 ; 1
EL2 0.000000304 ; 0.000000044 ; 1151.05 ; 0.1 ; 1
EL3 0.000000053 ; 0.000000008 ; 1154.83 ; 0.1 ; 1
EM  0.000000315 ; 0.000000046 ; 1167.54 ; 0.1 ; 1
EN  0.000000105 ; 0.000000015 ; 1171.14 ; 0.1 ; 1
COM -------------- Level Separator - T1/2 in seconds -------------
LED 1194.761 ; 0.023 ; 33 ;  ;  ; 25
GA  0.00036 ; 0.00011 ; 67.25 ; 0.1 ; 22
EL1 0.0017 ; 0.0007 ; 45.49 ; 0.1 ; 22
EL2 0.0076 ; 0.0029 ; 46.3 ; 0.1 ; 22
EL3 0.0058 ; 0.0023 ; 50.08 ; 0.1 ; 22
EM  0.0041 ; 0.0015 ; 62.79 ; 0.1 ; 22
EN  0.00138 ; 0.0005 ; 66.39 ; 0.1 ; 22
GA  0.00018 ; 0.00008 ; 69.46 ; 0.05 ; 20
EL1 0.0009 ; 0.0008 ; 47.7 ; 0.05 ; 20
EL2 0.0029 ; 0.003 ; 48.51 ; 0.05 ; 20
EL3 0.0022 ; 0.0024 ; 52.29 ; 0.05 ; 20
EM  0.0016 ; 0.0015 ; 65 ; 0.05 ; 20
EN  0.00052 ; 0.00046 ; 68.6 ; 0.05 ; 20
GA  0.0079 ; 0.0012 ; 125.46 ; 0.01 ; 16
EK  0.00171 ; 0.00026 ; 9.858 ; 0.01 ; 16
EL1 0.00105 ; 0.00016 ; 103.702 ; 0.01 ; 16
EL2 0.016 ; 0.0024 ; 104.512 ; 0.01 ; 16
EL3 0.0099 ; 0.0015 ; 108.292 ; 0.01 ; 16
EM  0.0075 ; 0.0011 ; 120.998 ; 0.01 ; 16
EN  0.0025 ; 0.00038 ; 124.597 ; 0.01 ; 16
GA  0.0018 ; 0.0003 ; 232.21 ; 0.03 ; 11
EK  0.0016 ; 0.0015 ; 116.608 ; 0.03 ; 11
EL1 0.00027 ; 0.00024 ; 210.452 ; 0.03 ; 11
EL2 0.00016 ; 0.00011 ; 211.262 ; 0.03 ; 11
EL3 0.00005 ; 0.00005 ; 215.042 ; 0.03 ; 11
EM  0.000126 ; 0.000024 ; 227.748 ; 0.03 ; 11
EN  0.000042 ; 0.000008 ; 231.347 ; 0.03 ; 11
GA  0.033 ; 0.004 ; 898.67 ; 0.05 ; 3
EK  0.000122 ; 0.000015 ; 783.46 ; 0.05 ; 3
EL1 0.0000175 ; 0.0000021 ; 877.3 ; 0.05 ; 3
EL2 0.00000219 ; 0.00000027 ; 878.11 ; 0.05 ; 3
EL3 0.00000106 ; 0.00000013 ; 881.89 ; 0.05 ; 3
EM  0.0000049 ; 0.0000006 ; 894.6 ; 0.05 ; 3
EN  0.00000164 ; 0.0000002 ; 898.2 ; 0.05 ; 3
COM -------------- Level Separator - T1/2 in seconds -------------
LED 1172.03 ; 0.03 ; 21 ;  ;  ; 24
GA  0.00101 ; 0.00014 ; 675.1 ; 0.1 ; 4
EK  0.0000169 ; 0.0000024 ; 559.7 ; 0.1 ; 4
EL1 0.0000029 ; 0.0000004 ; 653.54 ; 0.1 ; 4
EL2 0.00000221 ; 0.00000031 ; 654.35 ; 0.1 ; 4
EL3 0.00000052 ; 0.00000007 ; 658.13 ; 0.1 ; 4
EM  0.00000144 ; 0.0000002 ; 670.84 ; 0.1 ; 4
EN  0.00000048 ; 0.00000007 ; 674.44 ; 0.1 ; 4
GA  0.0255 ; 0.0023 ; 876 ; 0.1 ; 3
EK  0.000269 ; 0.000025 ; 760.8 ; 0.1 ; 3
EL1 0.0000447 ; 0.0000041 ; 854.64 ; 0.1 ; 3
EL2 0.0000225 ; 0.0000021 ; 855.45 ; 0.1 ; 3
EL3 0.00000452 ; 0.00000041 ; 859.23 ; 0.1 ; 3
EM  0.000018 ; 0.0000016 ; 871.94 ; 0.1 ; 3
EN  0.000006 ; 0.0000006 ; 875.54 ; 0.1 ; 3
GA  0.0057 ; 0.0006 ; 1028.7 ; 0.1 ; 2
EK  0.0000454 ; 0.0000048 ; 913.5 ; 0.1 ; 2
EL1 0.0000074 ; 0.0000008 ; 1007.34 ; 0.1 ; 2
EL2 0.00000294 ; 0.00000031 ; 1008.15 ; 0.1 ; 2
EL3 0.00000054 ; 0.00000006 ; 1011.93 ; 0.1 ; 2
EM  0.00000271 ; 0.00000029 ; 1024.64 ; 0.1 ; 2
EN  0.0000009 ; 0.0000001 ; 1028.24 ; 0.1 ; 2
COM -------------- Level Separator - T1/2 in seconds -------------
LED 1165.41 ; 0.04 ; 28 ;  ;  ; 23
GA  0.00073 ; 0.00022 ; 196.8 ; 0.05 ; 12
EK  0.001 ; 0.001 ; 81.2 ; 0.05 ; 12
EL1 0.00018 ; 0.00016 ; 175.04 ; 0.05 ; 12
EL2 0.00012 ; 0.0001 ; 175.85 ; 0.05 ; 12
EL3 0.00005 ; 0.00005 ; 179.63 ; 0.05 ; 12
EM  0.000091 ; 0.000027 ; 192.34 ; 0.05 ; 12
EN  0.00003 ; 0.000009 ; 195.94 ; 0.05 ; 12
GA  0.00104 ; 0.00014 ; 313.5 ; 0.1 ; 8
EK  0.00042 ; 0.00042 ; 197.9 ; 0.1 ; 8
EL1 0.00007 ; 0.00006 ; 291.74 ; 0.1 ; 8
EL2 0.000029 ; 0.000014 ; 292.55 ; 0.1 ; 8
EL3 0.000008 ; 0.000008 ; 296.33 ; 0.1 ; 8
EM  0.000027 ; 0.000008 ; 309.04 ; 0.1 ; 8
EN  0.000009 ; 0.0000028 ; 312.64 ; 0.1 ; 8
GA  0.0015 ; 0.0004 ; 1021.8 ; 0.2 ; 2
EK  0.000045 ; 0.000012 ; 906.6 ; 0.2 ; 2
EL1 0.0000074 ; 0.000002 ; 1000.44 ; 0.2 ; 2
EL2 0.00000088 ; 0.00000024 ; 1001.25 ; 0.2 ; 2
EL3 0.000000035 ; 0.000000009 ; 1005.03 ; 0.2 ; 2
EM  0.000002 ; 0.0000005 ; 1017.74 ; 0.2 ; 2
EN  0.00000067 ; 0.00000018 ; 1021.34 ; 0.2 ; 2
GA  0.0025 ; 0.0004 ; 1121.7 ; 0.1 ; 1
EK  0.000058 ; 0.000009 ; 1006.8 ; 0.1 ; 1
EL1 0.0000097 ; 0.0000016 ; 1100.64 ; 0.1 ; 1
EL2 0.00000114 ; 0.00000018 ; 1101.45 ; 0.1 ; 1
EL3 0.000000046 ; 0.000000007 ; 1105.23 ; 0.1 ; 1
EM  0.00000261 ; 0.00000042 ; 1117.94 ; 0.1 ; 1
EN  0.00000087 ; 0.00000014 ; 1121.54 ; 0.1 ; 1
COM -------------- Level Separator - T1/2 in seconds -------------
LED 1127.535 ; 0.025 ; 40 ;  ;  ; 22
GA  0.000027 ; 0.000009 ; 58.2 ; 0.06 ; 16
EL1 0.000066 ; 0.000022 ; 36.44 ; 0.06 ; 16
EL2 0.0018 ; 0.0006 ; 37.25 ; 0.06 ; 16
EL3 0.0015 ; 0.0005 ; 41.03 ; 0.06 ; 16
EM  0.00095 ; 0.00032 ; 53.74 ; 0.06 ; 16
EN  0.00032 ; 0.00011 ; 57.34 ; 0.06 ; 16
GA  0.0024 ; 0.0004 ; 103.77 ; 0.02 ; 14
EL1 0.00059 ; 0.0001 ; 82.012 ; 0.02 ; 14
EL2 0.0114 ; 0.0019 ; 82.822 ; 0.02 ; 14
EL3 0.0076 ; 0.0013 ; 86.602 ; 0.02 ; 14
EM  0.0054 ; 0.0009 ; 99.308 ; 0.02 ; 14
EN  0.00182 ; 0.0003 ; 102.907 ; 0.02 ; 14
GA  0.00052 ; 0.00022 ; 164.94 ; 0.05 ; 11
EK  0.0011 ; 0.0012 ; 49.34 ; 0.05 ; 11
EL1 0.00021 ; 0.00023 ; 143.18 ; 0.05 ; 11
EL2 0.00016 ; 0.00017 ; 143.99 ; 0.05 ; 11
EL3 0.00009 ; 0.0001 ; 147.77 ; 0.05 ; 11
EM  0.00012 ; 0.00006 ; 160.48 ; 0.05 ; 11
EN  0.000041 ; 0.000019 ; 164.08 ; 0.05 ; 11
GA  0.00042 ; 0.00011 ; 278.3 ; 0.1 ; 7
EK  0.000036 ; 0.00001 ; 162.7 ; 0.1 ; 7
EL1 0.0000075 ; 0.000002 ; 256.54 ; 0.1 ; 7
EL2 0.000028 ; 0.000007 ; 257.35 ; 0.1 ; 7
EL3 0.0000113 ; 0.000003 ; 261.13 ; 0.1 ; 7
EM  0.0000127 ; 0.0000033 ; 273.84 ; 0.1 ; 7
EN  0.0000042 ; 0.0000011 ; 277.44 ; 0.1 ; 7
GA  0.042 ; 0.005 ; 831.5 ; 0.1 ; 3
EK  0.000178 ; 0.000021 ; 716.3 ; 0.1 ; 3
EL1 0.0000254 ; 0.000003 ; 810.14 ; 0.1 ; 3
EL2 0.00000336 ; 0.0000004 ; 810.95 ; 0.1 ; 3
EL3 0.00000165 ; 0.0000002 ; 814.73 ; 0.1 ; 3
EM  0.0000072 ; 0.0000009 ; 827.44 ; 0.1 ; 3
EN  0.0000024 ; 0.00000029 ; 831.04 ; 0.1 ; 3
GA  0.0163 ; 0.0021 ; 984.2 ; 0.1 ; 2
EK  0.000051 ; 0.000007 ; 869 ; 0.1 ; 2
EL1 0.0000074 ; 0.000001 ; 962.84 ; 0.1 ; 2
EL2 0.00000087 ; 0.00000011 ; 963.65 ; 0.1 ; 2
EL3 0.00000042 ; 0.00000005 ; 967.43 ; 0.1 ; 2
EM  0.00000206 ; 0.00000027 ; 980.14 ; 0.1 ; 2
EN  0.00000068 ; 0.00000009 ; 983.74 ; 0.1 ; 2
COM -------------- Level Separator - T1/2 in seconds -------------
LED 1126.65 ; 0.03 ; 49 ;  ;  ; 21
GA  0.00027 ; 0.00009 ; 137.23 ; 0.05 ; 13
EK  0.00005 ; 0.000017 ; 21.63 ; 0.05 ; 13
EL1 0.000006 ; 0.000002 ; 115.47 ; 0.05 ; 13
EL2 0.0000028 ; 0.0000009 ; 116.28 ; 0.05 ; 13
EL3 0.0000023 ; 0.0000008 ; 120.06 ; 0.05 ; 13
EM  0.0000027 ; 0.0000009 ; 132.77 ; 0.05 ; 13
EN  0.00000089 ; 0.0000003 ; 136.37 ; 0.05 ; 13
GA  0.00073 ; 0.00022 ; 199.95 ; 0.05 ; 9
EK  0.001 ; 0.001 ; 84.35 ; 0.05 ; 9
EL1 0.00018 ; 0.00016 ; 178.19 ; 0.05 ; 9
EL2 0.00012 ; 0.0001 ; 179 ; 0.05 ; 9
EL3 0.00005 ; 0.00005 ; 182.78 ; 0.05 ; 9
EM  0.000091 ; 0.000027 ; 195.49 ; 0.05 ; 9
EN  0.00003 ; 0.000009 ; 199.09 ; 0.05 ; 9
GA  0.00094 ; 0.00023 ; 275.04 ; 0.1 ; 8
EK  0.00056 ; 0.00049 ; 159.44 ; 0.1 ; 8
EL1 0.00009 ; 0.00008 ; 253.28 ; 0.1 ; 8
EL2 0.000043 ; 0.000025 ; 254.09 ; 0.1 ; 8
EL3 0.000014 ; 0.000014 ; 257.87 ; 0.1 ; 8
EM  0.000038 ; 0.000012 ; 270.58 ; 0.1 ; 8
EN  0.0000125 ; 0.000004 ; 274.18 ; 0.1 ; 8
GA  0.00104 ; 0.00014 ; 316.7 ; 0.1 ; 6
EK  0.00007 ; 0.00001 ; 201.1 ; 0.1 ; 6
EL1 0.000014 ; 0.0000019 ; 294.94 ; 0.1 ; 6
EL2 0.000041 ; 0.000006 ; 295.75 ; 0.1 ; 6
EL3 0.0000153 ; 0.0000021 ; 299.53 ; 0.1 ; 6
EM  0.0000189 ; 0.0000026 ; 312.24 ; 0.1 ; 6
EN  0.0000063 ; 0.0000009 ; 315.84 ; 0.1 ; 6
GA  0.00041 ; 0.00009 ; 340.2 ; 0.1 ; 5
EK  0.0000098 ; 0.0000022 ; 224.6 ; 0.1 ; 5
EL1 0.00000132 ; 0.00000029 ; 318.44 ; 0.1 ; 5
EL2 0.00000033 ; 0.00000007 ; 319.25 ; 0.1 ; 5
EL3 0.000000205 ; 0.000000045 ; 323.03 ; 0.1 ; 5
EM  0.00000045 ; 0.0000001 ; 335.74 ; 0.1 ; 5
EN  0.000000148 ; 0.000000033 ; 339.34 ; 0.1 ; 5
GA  0.0051 ; 0.0006 ; 1083.2 ; 0.1 ; 1
EK  0.00013 ; 0.000015 ; 968.2 ; 0.1 ; 1
EL1 0.0000217 ; 0.0000026 ; 1062.04 ; 0.1 ; 1
EL2 0.00000256 ; 0.0000003 ; 1062.85 ; 0.1 ; 1
EL3 0.000000103 ; 0.000000012 ; 1066.63 ; 0.1 ; 1
EM  0.0000058 ; 0.0000007 ; 1079.34 ; 0.1 ; 1
EN  0.00000196 ; 0.00000023 ; 1082.94 ; 0.1 ; 1
GA  0.003 ; 0.0004 ; 1126.8 ; 0.1 ; 0
EK  0.0000204 ; 0.0000027 ; 1011.9 ; 0.1 ; 0
EL1 0.0000033 ; 0.00000044 ; 1105.74 ; 0.1 ; 0
EL2 0.00000115 ; 0.00000015 ; 1106.55 ; 0.1 ; 0
EL3 0.000000204 ; 0.000000027 ; 1110.33 ; 0.1 ; 0
EM  0.00000115 ; 0.00000015 ; 1123.04 ; 0.1 ; 0
EN  0.00000038 ; 0.00000005 ; 1126.64 ; 0.1 ; 0
COM -------------- Level Separator - T1/2 in seconds -------------
LED 1125.29 ; 0.05 ; 14 ;  ;  ; 20
GA  0.0024 ; 0.0005 ; 628.1 ; 0.1 ; 4
EK  0.0000169 ; 0.0000035 ; 512.7 ; 0.1 ; 4
EL1 0.00000238 ; 0.0000005 ; 606.54 ; 0.1 ; 4
EL2 0.00000039 ; 0.00000008 ; 607.35 ; 0.1 ; 4
EL3 0.000000202 ; 0.000000042 ; 611.13 ; 0.1 ; 4
EM  0.00000071 ; 0.00000015 ; 623.84 ; 0.1 ; 4
EN  0.000000236 ; 0.000000049 ; 627.44 ; 0.1 ; 4
GA  0.0036 ; 0.0011 ; 829.3 ; 0.2 ; 3
EK  0.0000153 ; 0.0000047 ; 714.1 ; 0.2 ; 3
EL1 0.0000022 ; 0.0000007 ; 807.94 ; 0.2 ; 3
EL2 0.00000029 ; 0.00000009 ; 808.75 ; 0.2 ; 3
EL3 0.000000143 ; 0.000000044 ; 812.53 ; 0.2 ; 3
EM  0.00000062 ; 0.00000019 ; 825.24 ; 0.2 ; 3
EN  0.00000021 ; 0.00000006 ; 828.84 ; 0.2 ; 3
COM -------------- Level Separator - T1/2 in seconds -------------
LED 1096.12 ; 0.09 ; 2 ;  ;  ; 19
GA   ;  ; 799.7 ; 0.2 ; 3
GA  0.00083 ; 0.00013 ; 952.7 ; 0.1 ; 2
COM -------------- Level Separator - T1/2 in seconds -------------
LED 1090.89 ; 0.04 ; 14 ;  ;  ; 18
GA  0.0068 ; 0.0011 ; 794.9 ; 0.2 ; 3
EK  0.000085 ; 0.000014 ; 679.6 ; 0.2 ; 3
EL1 0.0000143 ; 0.0000023 ; 773.44 ; 0.2 ; 3
EL2 0.0000084 ; 0.0000014 ; 774.25 ; 0.2 ; 3
EL3 0.00000177 ; 0.00000029 ; 778.03 ; 0.2 ; 3
EM  0.0000062 ; 0.000001 ; 790.74 ; 0.2 ; 3
EN  0.00000207 ; 0.00000034 ; 794.34 ; 0.2 ; 3
GA  0.0163 ; 0.0021 ; 947.7 ; 0.2 ; 2
EK  0.00015 ; 0.000019 ; 832.5 ; 0.2 ; 2
EL1 0.0000247 ; 0.0000032 ; 926.34 ; 0.2 ; 2
EL2 0.0000111 ; 0.0000014 ; 927.15 ; 0.2 ; 2
EL3 0.00000213 ; 0.00000028 ; 930.93 ; 0.2 ; 2
EM  0.0000095 ; 0.0000012 ; 943.64 ; 0.2 ; 2
EN  0.00000316 ; 0.00000041 ; 947.24 ; 0.2 ; 2
COM -------------- Level Separator - T1/2 in seconds -------------
LED 1085.07 ; 0.1 ; 30 ;  ;  ; 17
GA   ;  ; 233.6 ; 0.2 ; 8
GA  0.00005 ; 0.00003 ; 235.9 ; 3 ; 7
GA  0.00014 ; 0.00006 ; 298.7 ; 0.2 ; 5
EK  0.0000044 ; 0.0000019 ; 183.1 ; 0.2 ; 5
EL1 0.00000059 ; 0.00000025 ; 276.94 ; 0.2 ; 5
EL2 0.00000016 ; 0.00000007 ; 277.75 ; 0.2 ; 5
EL3 0.000000104 ; 0.000000044 ; 281.53 ; 0.2 ; 5
EM  0.00000021 ; 0.00000009 ; 294.24 ; 0.2 ; 5
EN  0.000000068 ; 0.000000029 ; 297.84 ; 0.2 ; 5
GA  0.00046 ; 0.00009 ; 942 ; 0.3 ; 2
EK  0.0000043 ; 0.0000008 ; 826.8 ; 0.3 ; 2
EL1 0.0000007 ; 0.00000014 ; 920.64 ; 0.3 ; 2
EL2 0.00000032 ; 0.00000006 ; 921.45 ; 0.3 ; 2
EL3 0.000000061 ; 0.000000012 ; 925.23 ; 0.3 ; 2
EM  0.00000027 ; 0.00000005 ; 937.94 ; 0.3 ; 2
EN  0.00000009 ; 0.000000018 ; 941.54 ; 0.3 ; 2
GA  0.00032 ; 0.00011 ; 1041.1 ; 0.2 ; 1
EK  0.0000058 ; 0.000004 ; 926 ; 0.2 ; 1
EL1 0.000001 ; 0.0000007 ; 1019.84 ; 0.2 ; 1
EL2 0.00000017 ; 0.00000006 ; 1020.65 ; 0.2 ; 1
EL3 0.000000019 ; 0.000000014 ; 1024.43 ; 0.2 ; 1
EM  0.00000029 ; 0.00000016 ; 1037.14 ; 0.2 ; 1
EN  0.00000009 ; 0.00000005 ; 1040.74 ; 0.2 ; 1
GA  0.00027 ; 0.00008 ; 1085.3 ; 0.3 ; 0
EK  0.000002 ; 0.0000006 ; 970.3 ; 0.3 ; 0
EL1 0.00000032 ; 0.00000009 ; 1064.14 ; 0.3 ; 0
EL2 0.000000117 ; 0.000000035 ; 1064.95 ; 0.3 ; 0
EL3 0.000000021 ; 0.000000006 ; 1068.73 ; 0.3 ; 0
EM  0.000000113 ; 0.000000033 ; 1081.44 ; 0.3 ; 0
EN  0.000000038 ; 0.000000011 ; 1085.04 ; 0.3 ; 0
COM -------------- Level Separator - T1/2 in seconds -------------
LED 1069.297 ; 0.022 ; 38 ;  ;  ; 16
GA  0.00027 ; 0.00009 ; 45.45 ; 0.05 ; 14
EL1 0.0059 ; 0.0026 ; 23.69 ; 0.05 ; 14
EL2 0.024 ; 0.018 ; 24.5 ; 0.05 ; 14
EL3 0.022 ; 0.015 ; 28.28 ; 0.05 ; 14
EM  0.014 ; 0.009 ; 40.99 ; 0.05 ; 14
EN  0.0046 ; 0.003 ; 44.59 ; 0.05 ; 14
GA  0.00062 ; 0.00022 ; 79.84 ; 0.02 ; 13
EL1 0.0004 ; 0.00014 ; 58.082 ; 0.02 ; 13
EL2 0.0098 ; 0.0035 ; 58.892 ; 0.02 ; 13
EL3 0.0072 ; 0.0026 ; 62.672 ; 0.02 ; 13
EM  0.0048 ; 0.0017 ; 75.378 ; 0.02 ; 13
EN  0.0016 ; 0.0006 ; 78.977 ; 0.02 ; 13
GA  0.00125 ; 0.00024 ; 100.89 ; 0.02 ; 12
EL1 0.000055 ; 0.000011 ; 79.132 ; 0.02 ; 12
EL2 0.000032 ; 0.000006 ; 79.942 ; 0.02 ; 12
EL3 0.000028 ; 0.000005 ; 83.722 ; 0.02 ; 12
EM  0.000028 ; 0.000005 ; 96.428 ; 0.02 ; 12
EN  0.0000092 ; 0.0000018 ; 100.027 ; 0.02 ; 12
GA  0.00036 ; 0.00011 ; 106.68 ; 0.05 ; 11
EL1 0.00092 ; 0.00028 ; 84.92 ; 0.05 ; 11
EL2 0.000113 ; 0.000034 ; 85.73 ; 0.05 ; 11
EL3 0.0000053 ; 0.0000016 ; 89.51 ; 0.05 ; 11
EM  0.00025 ; 0.00008 ; 102.22 ; 0.05 ; 11
EN  0.000085 ; 0.000026 ; 105.82 ; 0.05 ; 11
GA  0.00146 ; 0.00025 ; 220 ; 0.08 ; 7
EK  0.00276 ; 0.00047 ; 104.4 ; 0.08 ; 7
EL1 0.00047 ; 0.00008 ; 198.24 ; 0.08 ; 7
EL2 0.000059 ; 0.00001 ; 199.05 ; 0.08 ; 7
EL3 0.00000253 ; 0.00000043 ; 202.83 ; 0.08 ; 7
EM  0.000129 ; 0.000022 ; 215.54 ; 0.08 ; 7
EN  0.000043 ; 0.000007 ; 219.14 ; 0.08 ; 7
GA  0.018 ; 0.013 ; 926 ; 0.2 ; 2
EK  0.000063 ; 0.000046 ; 810.8 ; 0.2 ; 2
EL1 0.000009 ; 0.000007 ; 904.64 ; 0.2 ; 2
EL2 0.0000011 ; 0.0000008 ; 905.45 ; 0.2 ; 2
EL3 0.00000054 ; 0.00000039 ; 909.23 ; 0.2 ; 2
EM  0.0000025 ; 0.0000018 ; 921.94 ; 0.2 ; 2
EN  0.0000008 ; 0.0000006 ; 925.54 ; 0.2 ; 2
COM -------------- Level Separator - T1/2 in seconds -------------
LED 1023.92 ; 0.03 ; 27 ;  ;  ; 15
GA  0.000094 ;  ; 54.96 ; 0.1 ; 12
EL1 0.0009 ; 0.0008 ; 33.2 ; 0.1 ; 12
EL2 0.0047 ; 0.0047 ; 34.01 ; 0.1 ; 12
EL3 0.0038 ; 0.0038 ; 37.79 ; 0.1 ; 12
EM  0.0024 ; 0.002 ; 50.5 ; 0.1 ; 12
EN  0.0008 ; 0.0007 ; 54.1 ; 0.1 ; 12
GA  0.00114 ; 0.00015 ; 727.8 ; 0.2 ; 3
EK  0.0000167 ; 0.0000022 ; 612.5 ; 0.2 ; 3
EL1 0.00000284 ; 0.00000038 ; 706.34 ; 0.2 ; 3
EL2 0.00000192 ; 0.00000025 ; 707.15 ; 0.2 ; 3
EL3 0.00000043 ; 0.00000006 ; 710.93 ; 0.2 ; 3
EM  0.00000132 ; 0.00000017 ; 723.64 ; 0.2 ; 3
EN  0.00000044 ; 0.00000006 ; 727.24 ; 0.2 ; 3
GA  0.062 ; 0.008 ; 880.52 ; 0.04 ; 2
EK  0.00065 ; 0.00008 ; 765.318 ; 0.04 ; 2
EL1 0.000108 ; 0.000014 ; 859.162 ; 0.04 ; 2
EL2 0.000054 ; 0.000007 ; 859.972 ; 0.04 ; 2
EL3 0.0000108 ; 0.0000014 ; 863.752 ; 0.04 ; 2
EM  0.000043 ; 0.000006 ; 876.458 ; 0.04 ; 2
EN  0.0000144 ; 0.0000019 ; 880.057 ; 0.04 ; 2
GA  0.0177 ;  ; 980.3 ; 0.1 ; 1
EK  0.0001533 ; 0.0000023 ; 865.1 ; 0.1 ; 1
EL1 0.00002519 ; 0.00000035 ; 958.94 ; 0.1 ; 1
EL2 0.00001071 ; 0.00000016 ; 959.75 ; 0.1 ; 1
EL3 0.000002028 ; 0.000000028 ; 963.53 ; 0.1 ; 1
EM  0.00000945 ; 0.00000014 ; 976.24 ; 0.1 ; 1
EN  0.000003158 ; 0.000000046 ; 979.84 ; 0.1 ; 1
COM -------------- Level Separator - T1/2 in seconds -------------
LED 1023.795 ; 0.024 ; 39 ;  ;  ; 14
GA  0.000037 ; 0.000004 ; 34.3 ; 0.04 ; 13
EL1 0.00102 ; 0.00011 ; 12.542 ; 0.04 ; 13
EL2 0.0312 ; 0.0034 ; 13.352 ; 0.04 ; 13
EL3 0.0291 ; 0.0032 ; 17.132 ; 0.04 ; 13
EM  0.0169 ; 0.0018 ; 29.838 ; 0.04 ; 13
EN  0.0056 ; 0.0006 ; 33.437 ; 0.04 ; 13
GA  0.000094 ;  ; 54.96 ; 0.1 ; 12
EL1 0.00001449 ; 0.00000022 ; 33.2 ; 0.1 ; 12
EL2 0.00001379 ; 0.00000021 ; 34.01 ; 0.1 ; 12
EL3 0.00001434 ; 0.00000022 ; 37.79 ; 0.1 ; 12
EM  0.00001056 ; 0.00000016 ; 50.5 ; 0.1 ; 12
EN  0.00000343 ; 0.00000006 ; 54.1 ; 0.1 ; 12
GA  0.0024 ; 0.0009 ; 97.17 ; 0.1 ; 9
EL1 0.000114 ; 0.000043 ; 75.41 ; 0.1 ; 9
EL2 0.000069 ; 0.000026 ; 76.22 ; 0.1 ; 9
EL3 0.000061 ; 0.000023 ; 80 ; 0.1 ; 9
EM  0.00006 ; 0.000022 ; 92.71 ; 0.1 ; 9
EN  0.000019 ; 0.000007 ; 96.31 ; 0.1 ; 9
GA  0.0017 ; 0.0003 ; 174.55 ; 0.03 ; 7
EK  0.0032 ; 0.0031 ; 58.948 ; 0.03 ; 7
EL1 0.0005 ; 0.0005 ; 152.792 ; 0.03 ; 7
EL2 0.00048 ; 0.00035 ; 153.602 ; 0.03 ; 7
EL3 0.00022 ; 0.00022 ; 157.382 ; 0.03 ; 7
EM  0.00033 ; 0.00007 ; 170.088 ; 0.03 ; 7
EN  0.000109 ; 0.000024 ; 173.687 ; 0.03 ; 7
GA  0.043 ; 0.006 ; 880.52 ; 0.04 ; 2
EK  0.000164 ; 0.000023 ; 765.318 ; 0.04 ; 2
EL1 0.0000235 ; 0.0000033 ; 859.162 ; 0.04 ; 2
EL2 0.00000299 ; 0.00000042 ; 859.972 ; 0.04 ; 2
EL3 0.00000146 ; 0.0000002 ; 863.752 ; 0.04 ; 2
EM  0.0000067 ; 0.0000009 ; 876.458 ; 0.04 ; 2
EN  0.00000221 ; 0.00000031 ; 880.057 ; 0.04 ; 2
GA  0.027 ;  ; 980.3 ; 0.1 ; 1
EK  0.0000856 ; 0.0000014 ; 865.1 ; 0.1 ; 1
EL1 0.00001231 ; 0.00000019 ; 958.94 ; 0.1 ; 1
EL2 0.00000145 ; 0.000000022 ; 959.75 ; 0.1 ; 1
EL3 0.000000694 ; 0.000000011 ; 963.53 ; 0.1 ; 1
EM  0.000003429 ; 0.000000049 ; 976.24 ; 0.1 ; 1
EN  0.00000114 ; 0.000000017 ; 979.84 ; 0.1 ; 1
COM -------------- Level Separator - T1/2 in seconds -------------
LED 989.444 ; 0.02 ; 27 ; 7.6E-10 ; 4.E-11 ; 13
GA  0.016 ; 0.005 ; 62.7 ; 0.01 ; 9
EL1 0.0019 ; 0.0006 ; 40.942 ; 0.01 ; 9
EL2 0.0016 ; 0.0005 ; 41.752 ; 0.01 ; 9
EL3 0.0016 ; 0.0005 ; 45.532 ; 0.01 ; 9
EM  0.00127 ; 0.0004 ; 58.238 ; 0.01 ; 9
EN  0.00041 ; 0.00013 ; 61.837 ; 0.01 ; 9
GA  0.0051 ; 0.0007 ; 140.15 ; 0.02 ; 7
EK  0.015 ; 0.011 ; 24.548 ; 0.02 ; 7
EL1 0.0026 ; 0.0021 ; 118.392 ; 0.02 ; 7
EL2 0.0041 ; 0.0021 ; 119.202 ; 0.02 ; 7
EL3 0.0022 ; 0.0013 ; 122.982 ; 0.02 ; 7
EM  0.0024 ; 0.0006 ; 135.688 ; 0.02 ; 7
EN  0.0008 ; 0.00018 ; 139.287 ; 0.02 ; 7
GA  0.0124 ; 0.0015 ; 203.12 ; 0.03 ; 5
EK  0.01 ; 0.005 ; 87.518 ; 0.03 ; 5
EL1 0.0019 ; 0.0008 ; 181.362 ; 0.03 ; 5
EL2 0.00236 ; 0.00047 ; 182.172 ; 0.03 ; 5
EL3 0.00104 ; 0.00026 ; 185.952 ; 0.03 ; 5
EM  0.00138 ; 0.00017 ; 198.658 ; 0.03 ; 5
EN  0.00046 ; 0.00006 ; 202.257 ; 0.03 ; 5
GA  0.135 ; 0.015 ; 946 ; 0.03 ; 1
EK  0.00045 ; 0.00005 ; 830.788 ; 0.03 ; 1
EL1 0.000065 ; 0.000007 ; 924.632 ; 0.03 ; 1
EL2 0.0000079 ; 0.0000009 ; 925.442 ; 0.03 ; 1
EL3 0.00000381 ; 0.00000043 ; 929.222 ; 0.03 ; 1
EM  0.0000183 ; 0.000002 ; 941.928 ; 0.03 ; 1
EN  0.0000061 ; 0.0000007 ; 945.527 ; 0.03 ; 1
COM -------------- Level Separator - T1/2 in seconds -------------
LED 968.45 ; 0.03 ; 14 ;  ;  ; 12
GA  0.019 ; 0.002 ; 825.1 ; 0.2 ; 2
EK  0.000223 ; 0.000024 ; 709.9 ; 0.2 ; 2
EL1 0.0000372 ; 0.000004 ; 803.74 ; 0.2 ; 2
EL2 0.0000206 ; 0.0000022 ; 804.55 ; 0.2 ; 2
EL3 0.00000428 ; 0.00000046 ; 808.33 ; 0.2 ; 2
EM  0.0000157 ; 0.0000017 ; 821.04 ; 0.2 ; 2
EN  0.0000052 ; 0.0000006 ; 824.64 ; 0.2 ; 2
GA  0.079 ; 0.009 ; 925 ; 0.1 ; 1
EK  0.00076 ; 0.00009 ; 809.8 ; 0.1 ; 1
EL1 0.000125 ; 0.000014 ; 903.64 ; 0.1 ; 1
EL2 0.000058 ; 0.000007 ; 904.45 ; 0.1 ; 1
EL3 0.0000113 ; 0.0000013 ; 908.23 ; 0.1 ; 1
EM  0.000049 ; 0.000006 ; 920.94 ; 0.1 ; 1
EN  0.0000163 ; 0.0000019 ; 924.54 ; 0.1 ; 1
COM -------------- Level Separator - T1/2 in seconds -------------
LED 962.55 ; 0.03 ; 14 ;  ;  ; 11
GA  0.0118 ; 0.0013 ; 666.5 ; 0.1 ; 3
EK  0.000074 ; 0.000008 ; 551.1 ; 0.1 ; 3
EL1 0.0000105 ; 0.0000012 ; 644.94 ; 0.1 ; 3
EL2 0.00000164 ; 0.00000018 ; 645.75 ; 0.1 ; 3
EL3 0.00000084 ; 0.00000009 ; 649.53 ; 0.1 ; 3
EM  0.0000031 ; 0.00000035 ; 662.24 ; 0.1 ; 3
EN  0.00000103 ; 0.00000011 ; 665.84 ; 0.1 ; 3
GA  0.019 ; 0.002 ; 819.2 ; 0.1 ; 2
EK  0.000082 ; 0.000009 ; 704 ; 0.1 ; 2
EL1 0.0000118 ; 0.0000013 ; 797.84 ; 0.1 ; 2
EL2 0.00000158 ; 0.00000017 ; 798.65 ; 0.1 ; 2
EL3 0.00000078 ; 0.00000008 ; 802.43 ; 0.1 ; 2
EM  0.00000336 ; 0.00000036 ; 815.14 ; 0.1 ; 2
EN  0.00000112 ; 0.00000012 ; 818.74 ; 0.1 ; 2
COM -------------- Level Separator - T1/2 in seconds -------------
LED 947.59 ; 0.05 ; 14 ;  ;  ; 10
GA  0.0062 ; 0.0022 ; 804.1 ; 0.1 ; 2
EK  0.00097 ; 0.00034 ; 688.9 ; 0.1 ; 2
EL1 0.00062 ; 0.00022 ; 782.74 ; 0.1 ; 2
EL2 0.0000071 ; 0.0000025 ; 783.55 ; 0.1 ; 2
EL3 0.00000027 ; 0.0000001 ; 787.33 ; 0.1 ; 2
EM  0.00064 ; 0.00023 ; 800.04 ; 0.1 ; 2
EN  0.0000053 ; 0.0000019 ; 803.64 ; 0.1 ; 2
GA  0.0034 ; 0.0004 ; 904.2 ; 0.1 ; 1
EK  0.0000339 ; 0.000004 ; 789 ; 0.1 ; 1
EL1 0.0000056 ; 0.0000007 ; 882.84 ; 0.1 ; 1
EL2 0.0000027 ; 0.00000032 ; 883.65 ; 0.1 ; 1
EL3 0.00000053 ; 0.00000006 ; 887.43 ; 0.1 ; 1
EM  0.00000222 ; 0.00000026 ; 900.14 ; 0.1 ; 1
EN  0.00000074 ; 0.00000009 ; 903.74 ; 0.1 ; 1
COM -------------- Level Separator - T1/2 in seconds -------------
LED 926.744 ; 0.021 ; 21 ; 1.38E-12 ; 1.7E-13 ; 9
GA  0.003 ; 0.0004 ; 783.4 ; 0.1 ; 2
EK  0.000039 ; 0.000005 ; 668.1 ; 0.1 ; 2
EL1 0.0000065 ; 0.0000009 ; 761.94 ; 0.1 ; 2
EL2 0.0000039 ; 0.0000005 ; 762.75 ; 0.1 ; 2
EL3 0.00000083 ; 0.00000011 ; 766.53 ; 0.1 ; 2
EM  0.00000284 ; 0.00000038 ; 779.24 ; 0.1 ; 2
EN  0.00000095 ; 0.00000013 ; 782.84 ; 0.1 ; 2
GA  0.097 ; 0.011 ; 883.24 ; 0.04 ; 1
EK  0.00101 ; 0.00012 ; 768.058 ; 0.04 ; 1
EL1 0.000168 ; 0.000019 ; 861.902 ; 0.04 ; 1
EL2 0.000083 ; 0.00001 ; 862.712 ; 0.04 ; 1
EL3 0.0000166 ; 0.0000019 ; 866.492 ; 0.04 ; 1
EM  0.000067 ; 0.000008 ; 879.198 ; 0.04 ; 1
EN  0.0000225 ; 0.0000026 ; 882.797 ; 0.04 ; 1
GA  0.073 ; 0.012 ; 926.7 ; 0.1 ; 0
EK  0.0007 ; 0.00012 ; 811.5 ; 0.1 ; 0
EL1 0.000115 ; 0.000019 ; 905.34 ; 0.1 ; 0
EL2 0.000053 ; 0.000009 ; 906.15 ; 0.1 ; 0
EL3 0.0000104 ; 0.0000017 ; 909.93 ; 0.1 ; 0
EM  0.000045 ; 0.000007 ; 922.64 ; 0.1 ; 0
EN  0.000015 ; 0.0000025 ; 926.24 ; 0.1 ; 0
COM -------------- Level Separator - T1/2 in seconds -------------
LED 851.73 ; 0.05 ; 18 ; 1.71E-12 ;  ; 8
GA   ;  ; 41.82 ; 0.11 ; 6
GA  0.00023 ; 0.00009 ; 708.3 ; 0.2 ; 2
EK  0.0000035 ; 0.0000014 ; 593 ; 0.2 ; 2
EL1 0.0000006 ; 0.00000024 ; 686.84 ; 0.2 ; 2
EL2 0.00000043 ; 0.00000017 ; 687.65 ; 0.2 ; 2
EL3 0.000000096 ; 0.000000038 ; 691.43 ; 0.2 ; 2
EM  0.00000029 ; 0.00000011 ; 704.14 ; 0.2 ; 2
EN  0.000000096 ; 0.000000038 ; 707.74 ; 0.2 ; 2
GA  0.00036 ; 0.00011 ; 808.4 ; 0.3 ; 1
EK  0.00119 ; 0.00036 ; 693.2 ; 0.3 ; 1
EL  0.00033 ; 0.00037 ; 788.84 ; 0.3 ; 1
GA  0.00073 ; 0.00022 ; 851.8 ; 0.1 ; 0
EK  0.0000081 ; 0.0000024 ; 736.6 ; 0.1 ; 0
EL1 0.00000135 ; 0.00000041 ; 830.44 ; 0.1 ; 0
EL2 0.00000071 ; 0.00000021 ; 831.25 ; 0.1 ; 0
EL3 0.000000145 ; 0.000000044 ; 835.03 ; 0.1 ; 0
EM  0.00000055 ; 0.00000017 ; 847.74 ; 0.1 ; 0
EN  0.00000019 ; 0.00000006 ; 851.34 ; 0.1 ; 0
COM -------------- Level Separator - T1/2 in seconds -------------
LED 849.265 ; 0.023 ; 14 ;  ;  ; 7
GA  0.0229 ; 0.0023 ; 705.9 ; 0.1 ; 2
EK  0.00013 ; 0.000013 ; 590.6 ; 0.1 ; 2
EL1 0.0000184 ; 0.0000019 ; 684.44 ; 0.1 ; 2
EL2 0.00000275 ; 0.00000028 ; 685.25 ; 0.1 ; 2
EL3 0.0000014 ; 0.00000014 ; 689.03 ; 0.1 ; 2
EM  0.0000054 ; 0.0000005 ; 701.74 ; 0.1 ; 2
EN  0.00000179 ; 0.00000018 ; 705.34 ; 0.1 ; 2
GA  0.025 ; 0.003 ; 805.8 ; 0.05 ; 1
EK  0.000112 ; 0.000014 ; 690.6 ; 0.05 ; 1
EL1 0.000016 ; 0.0000019 ; 784.44 ; 0.05 ; 1
EL2 0.00000216 ; 0.00000026 ; 785.25 ; 0.05 ; 1
EL3 0.00000107 ; 0.00000013 ; 789.03 ; 0.05 ; 1
EM  0.0000046 ; 0.0000006 ; 801.74 ; 0.05 ; 1
EN  0.00000152 ; 0.00000018 ; 805.34 ; 0.05 ; 1
COM -------------- Level Separator - T1/2 in seconds -------------
LED 809.92 ; 0.08 ; 8 ; 1.E-10 ;  ; 6
GA  0.0026 ; 0.0005 ; 766.4 ; 0.2 ; 1
EK  0.000035 ; 0.000007 ; 651.1 ; 0.2 ; 1
EL1 0.0000058 ; 0.0000011 ; 744.94 ; 0.2 ; 1
EL2 0.0000036 ; 0.0000007 ; 745.75 ; 0.2 ; 1
EL3 0.00000079 ; 0.00000015 ; 749.53 ; 0.2 ; 1
EM  0.0000026 ; 0.0000005 ; 762.24 ; 0.2 ; 1
EN  0.00000087 ; 0.00000017 ; 765.84 ; 0.2 ; 1
GA   ;  ; 810 ; 0.7 ; 0
COM -------------- Level Separator - T1/2 in seconds -------------
LED 786.295 ; 0.015 ; 14 ;  ;  ; 5
GA  0.0208 ; 0.0021 ; 742.813 ; 0.005 ; 1
EK  0.000108 ; 0.000011 ; 627.482 ; 0.005 ; 1
EL1 0.0000153 ; 0.0000016 ; 721.326 ; 0.005 ; 1
EL2 0.0000022 ; 0.00000022 ; 722.136 ; 0.005 ; 1
EL3 0.00000111 ; 0.00000011 ; 725.916 ; 0.005 ; 1
EM  0.00000443 ; 0.00000045 ; 738.622 ; 0.005 ; 1
EN  0.00000147 ; 0.00000015 ; 742.221 ; 0.005 ; 1
GA  0.0121 ; 0.0013 ; 786.272 ; 0.022 ; 0
EK  0.000057 ; 0.000006 ; 670.993 ; 0.022 ; 0
EL1 0.0000081 ; 0.0000009 ; 764.837 ; 0.022 ; 0
EL2 0.00000111 ; 0.00000012 ; 765.647 ; 0.022 ; 0
EL3 0.00000055 ; 0.00000006 ; 769.427 ; 0.022 ; 0
EM  0.00000231 ; 0.00000025 ; 782.133 ; 0.022 ; 0
EN  0.00000077 ; 0.00000008 ; 785.732 ; 0.022 ; 0
COM -------------- Level Separator - T1/2 in seconds -------------
LED 497.05 ; 0.04 ; 7 ;  ;  ; 4
GA  0.009 ; 0.0013 ; 200.97 ; 0.03 ; 3
EK  0.00138 ; 0.0002 ; 85.368 ; 0.03 ; 3
EL1 0.000343 ; 0.00005 ; 179.212 ; 0.03 ; 3
EL2 0.00233 ; 0.00034 ; 180.022 ; 0.03 ; 3
EL3 0.00114 ; 0.00017 ; 183.802 ; 0.03 ; 3
EM  0.00105 ; 0.00015 ; 196.508 ; 0.03 ; 3
EN  0.00035 ; 0.00005 ; 200.107 ; 0.03 ; 3
COM -------------- Level Separator - T1/2 in seconds -------------
LED 296.075 ; 0.024 ; 7 ;  ;  ; 3
GA  0.06 ; 0.007 ; 152.71 ; 0.02 ; 2
EK  0.013 ; 0.0015 ; 37.108 ; 0.02 ; 2
EL1 0.0046 ; 0.0005 ; 130.952 ; 0.02 ; 2
EL2 0.051 ; 0.006 ; 131.762 ; 0.02 ; 2
EL3 0.0287 ; 0.0034 ; 135.542 ; 0.02 ; 2
EM  0.0233 ; 0.0027 ; 148.248 ; 0.02 ; 2
EN  0.0078 ; 0.0009 ; 151.847 ; 0.02 ; 2
COM -------------- Level Separator - T1/2 in seconds -------------
LED 143.375 ; 0.021 ; 6 ;  ;  ; 2
GA  0.032 ; 0.006 ; 99.86 ; 0.02 ; 1
EL1 0.0089 ; 0.0017 ; 78.102 ; 0.02 ; 1
EL2 0.181 ; 0.034 ; 78.912 ; 0.02 ; 1
EL3 0.123 ; 0.023 ; 82.692 ; 0.02 ; 1
EM  0.087 ; 0.016 ; 95.398 ; 0.02 ; 1
EN  0.029 ; 0.005 ; 98.997 ; 0.02 ; 1
COM -------------- Level Separator - T1/2 in seconds -------------
LED 43.481 ; 0.015 ; 6 ; 2.52E-10 ; 7.E-12 ; 1
GA  0.0012 ; 0.0003 ; 43.49 ; 0.02 ; 0
EL1 0.0111 ; 0.0028 ; 21.732 ; 0.02 ; 0
EL2 0.33 ; 0.08 ; 22.542 ; 0.02 ; 0
EL3 0.29 ; 0.07 ; 26.322 ; 0.02 ; 0
EM  0.172 ; 0.043 ; 39.028 ; 0.02 ; 0
EN  0.057 ; 0.014 ; 42.627 ; 0.02 ; 0
