PAR PA231
AZP 231 ; 91
NDA 1
COM ***************** Evaluation Date: 08/03/2010 ****************
COM ===================== Daughter Separator =====================
DAU AC227
DDE 1 ;  ; 25 ; 23
Q   5149.9 ; 0.8
COM ---------------------- Branch Separator ----------------------
ALP 0.000021 ; 0.000005 ; 25 ; 4415.6 ; 0.9 ; 0
COM ---------------------- Branch Separator ----------------------
ALP 0.000036 ; 0.000003 ; 24 ; 4507.6 ; 0.8 ; 0
COM ---------------------- Branch Separator ----------------------
ALP 0.0000076 ; 0.000002 ; 23 ; 4533 ; 0.8 ; 0
COM ---------------------- Branch Separator ----------------------
ALP 0.00008 ; 0.00004 ; 22 ; 4568.1 ; 0.9 ; 0
COM ---------------------- Branch Separator ----------------------
ALP 0.00015 ; 0.00007 ; 21 ; 4599.6 ; 0.8 ; 0
COM ---------------------- Branch Separator ----------------------
ALP 0.00078 ; 0.00021 ; 20 ; 4630.3 ; 0.8 ; 0
COM ---------------------- Branch Separator ----------------------
ALP 0.000504 ; 0.000011 ; 19 ; 4633 ; 0.8 ; 0
COM ---------------------- Branch Separator ----------------------
ALP 0.0008 ; 0.00006 ; 18 ; 4642.5 ; 0.8 ; 0
COM ---------------------- Branch Separator ----------------------
ALP 0.018 ; 0.003 ; 17 ; 4680.1 ; 0.8 ; 0
COM ---------------------- Branch Separator ----------------------
ALP 0.012 ; 0.0022 ; 16 ; 4712.3 ; 0.8 ; 0
COM ---------------------- Branch Separator ----------------------
ALP 0.084 ; 0.004 ; 15 ; 4736.3 ; 0.8 ; 0
COM ---------------------- Branch Separator ----------------------
ALP 0.000032 ; 0.000009 ; 14 ; 4761.2 ; 0.8 ; 0
COM ---------------------- Branch Separator ----------------------
COM ---------------------- Branch Separator ----------------------
ALP 0.0004 ; 0.00015 ; 12 ; 4794.1 ; 0.8 ; 0
COM ---------------------- Branch Separator ----------------------
ALP 0.014 ; 0.0015 ; 11 ; 4853.5 ; 0.8 ; 0
COM ---------------------- Branch Separator ----------------------
COM ---------------------- Branch Separator ----------------------
COM ---------------------- Branch Separator ----------------------
ALP 0.00002 ; 0.00001 ; 8 ; 4903.4 ; 2.2 ; 0
COM ---------------------- Branch Separator ----------------------
ALP 0.029 ; 0.003 ; 7 ; 4936 ; 0.8 ; 0
COM ---------------------- Branch Separator ----------------------
ALP 0.225 ; 0.005 ; 6 ; 4952.6 ; 0.8 ; 0
COM ---------------------- Branch Separator ----------------------
ALP 0.004 ; 0.001 ; 5 ; 4977.6 ; 0.8 ; 0
COM ---------------------- Branch Separator ----------------------
ALP 0.016 ; 0.002 ; 4 ; 4987.8 ; 0.8 ; 0
COM ---------------------- Branch Separator ----------------------
ALP 0.253 ; 0.005 ; 3 ; 5015.1 ; 0.8 ; 0
COM ---------------------- Branch Separator ----------------------
ALP 0.2 ; 0.02 ; 2 ; 5031.2 ; 0.8 ; 0
COM ---------------------- Branch Separator ----------------------
ALP 0.028 ; 0.003 ; 1 ; 5033.8 ; 0.8 ; 0
COM ---------------------- Branch Separator ----------------------
ALP 0.117 ; 0.005 ; 0 ; 5060.7 ; 0.8 ; 0
COM -------------- Level Separator - T1/2 in seconds -------------
LED 656.4 ; 0.3 ; 4 ;  ;  ; 25
GA  0.0000083 ; 0.0000013 ; 546.5 ; 0.3 ; 6
GA  0.0000048 ; 0.000002 ; 571.9 ; 0.3 ; 5
GA  0.0000031 ; 0.0000017 ; 582.3 ; 0.3 ; 4
GA  0.000005 ; 0.000004 ; 610.1 ; 0.3 ; 3
COM -------------- Level Separator - T1/2 in seconds -------------
LED 562.8 ; 0.1 ; 3 ;  ;  ; 24
GA  0.0000165 ; 0.0000017 ; 488.66 ; 0.1 ; 4
GA  0.0000137 ; 0.0000015 ; 516.45 ; 0.1 ; 3
GA  0.0000061 ; 0.0000012 ; 535.43 ; 0.1 ; 1
COM -------------- Level Separator - T1/2 in seconds -------------
LED 537 ; 0.1 ; 2 ;  ;  ; 23
GA  0.000004 ; 0.000001 ; 490.65 ; 0.1 ; 3
GA  0.0000036 ; 0.0000017 ; 509.63 ; 0.1 ; 1
COM -------------- Level Separator - T1/2 in seconds -------------
LED 501.28 ; 0.07 ; 2 ;  ;  ; 22
GA  0.000007 ; 0.000004 ; 427.14 ; 0.07 ; 4
GA  0.0000076 ; 0.0000018 ; 501.28 ; 0.07 ; 0
COM -------------- Level Separator - T1/2 in seconds -------------
LED 469.24 ; 0.06 ; 1 ;  ;  ; 21
GA  0.0000365 ; 0.0000022 ; 384.69 ; 0.06 ; 5
COM -------------- Level Separator - T1/2 in seconds -------------
LED 437.96 ; 0.04 ; 22 ;  ;  ; 20
GA  0.000022 ; 0.000008 ; 50.73 ; 0.05 ; 17
EL1 0.00037 ; 0.00013 ; 30.88 ; 0.05 ; 17
EL2 0.000042 ; 0.000015 ; 31.65 ; 0.05 ; 17
EL3 0.0000026 ; 0.000001 ; 34.86 ; 0.05 ; 17
EM  0.000099 ; 0.000036 ; 46.7 ; 0.05 ; 17
EN  0.000033 ; 0.000012 ; 49.98 ; 0.05 ; 17
GA  0.00008 ; 0.000003 ; 363.82 ; 0.04 ; 4
GA  0.0000673 ; 0.0000022 ; 391.61 ; 0.04 ; 3
EK  0.000001101 ; 0.000000039 ; 284.854 ; 0.04 ; 3
EL1 0.000000147 ; 0.000000005 ; 371.764 ; 0.04 ; 3
EL2 0.0000000302 ; 0.0000000011 ; 372.529 ; 0.04 ; 3
EL3 0.0000000192 ; 0.0000000007 ; 375.74 ; 0.04 ; 3
EM  0.0000000469 ; 0.0000000017 ; 387.578 ; 0.04 ; 3
EN  0.0000000152 ; 0.0000000006 ; 390.861 ; 0.04 ; 3
GA  0.000018 ; 0.0000022 ; 410.59 ; 0.04 ; 1
EK  0.000000267 ; 0.000000033 ; 303.834 ; 0.04 ; 1
EL1 0.0000000358 ; 0.0000000044 ; 390.744 ; 0.04 ; 1
EL2 0.0000000071 ; 0.0000000009 ; 391.509 ; 0.04 ; 1
EL3 0.0000000045 ; 0.0000000006 ; 394.72 ; 0.04 ; 1
EM  0.0000000113 ; 0.0000000014 ; 406.558 ; 0.04 ; 1
EN  0.00000000366 ; 0.00000000045 ; 409.841 ; 0.04 ; 1
GA  0.000045 ; 0.000003 ; 437.96 ; 0.04 ; 0
COM -------------- Level Separator - T1/2 in seconds -------------
LED 435.19 ; 0.02 ; 8 ;  ;  ; 19
GA  0.000356 ; 0.000008 ; 407.82 ; 0.022 ; 1
EK  0.0000958 ; 0.0000026 ; 301.064 ; 0.022 ; 1
EL1 0.00001574 ; 0.00000043 ; 387.974 ; 0.022 ; 1
EL2 0.00000185 ; 0.00000005 ; 388.739 ; 0.022 ; 1
EL3 0.0000000876 ; 0.0000000024 ; 391.95 ; 0.022 ; 1
EM  0.00000423 ; 0.00000011 ; 403.788 ; 0.022 ; 1
EN  0.000001382 ; 0.000000038 ; 407.071 ; 0.022 ; 1
GA  0.0000294 ; 0.0000017 ; 435.19 ; 0.02 ; 0
COM -------------- Level Separator - T1/2 in seconds -------------
LED 425.59 ; 0.03 ; 22 ;  ;  ; 18
GA  0.000028 ; 0.000012 ; 351.45 ; 0.03 ; 4
EK  0.00000058 ; 0.00000025 ; 244.694 ; 0.03 ; 4
EL1 0.000000077 ; 0.000000033 ; 331.604 ; 0.03 ; 4
EL2 0.000000017 ; 0.000000007 ; 332.369 ; 0.03 ; 4
EL3 0.0000000111 ; 0.0000000048 ; 335.58 ; 0.03 ; 4
EM  0.000000025 ; 0.000000011 ; 347.418 ; 0.03 ; 4
EN  0.0000000081 ; 0.0000000035 ; 350.701 ; 0.03 ; 4
GA  0.000498 ; 0.000011 ; 379.24 ; 0.03 ; 3
EK  0.000124 ; 0.00005 ; 272.484 ; 0.03 ; 3
EL1 0.000021 ; 0.000007 ; 359.394 ; 0.03 ; 3
EL2 0.000004 ; 0.0000015 ; 360.159 ; 0.03 ; 3
EL3 0.0000008 ; 0.0000008 ; 363.37 ; 0.03 ; 3
EM  0.0000062 ; 0.0000012 ; 375.208 ; 0.03 ; 3
EN  0.00000203 ; 0.00000043 ; 378.491 ; 0.03 ; 3
GA  0.0000226 ; 0.0000022 ; 395.61 ; 0.03 ; 2
EK  0.000000362 ; 0.000000036 ; 288.854 ; 0.03 ; 2
EL1 0.0000000486 ; 0.0000000048 ; 375.764 ; 0.03 ; 2
EL2 0.0000000099 ; 0.000000001 ; 376.529 ; 0.03 ; 2
EL3 0.0000000063 ; 0.0000000006 ; 379.74 ; 0.03 ; 2
EM  0.0000000154 ; 0.0000000015 ; 391.578 ; 0.03 ; 2
EN  0.000000005 ; 0.00000000049 ; 394.861 ; 0.03 ; 2
GA  0.000095 ; 0.000003 ; 398.22 ; 0.03 ; 1
COM -------------- Level Separator - T1/2 in seconds -------------
LED 387.23 ; 0.02 ; 56 ;  ;  ; 17
GA  0.000046 ; 0.000021 ; 57.19 ; 0.022 ; 15
EL1 0.000083 ; 0.000038 ; 37.344 ; 0.022 ; 15
EL2 0.0026 ; 0.0012 ; 38.109 ; 0.022 ; 15
EL3 0.0023 ; 0.001 ; 41.32 ; 0.022 ; 15
EM  0.0014 ; 0.0006 ; 53.158 ; 0.022 ; 15
EN  0.00044 ; 0.0002 ; 56.441 ; 0.022 ; 15
GA  0.00182 ; 0.00004 ; 260.37 ; 0.03 ; 7
EK  0.00067 ; 0.00018 ; 153.614 ; 0.03 ; 7
EL1 0.000115 ; 0.000029 ; 240.524 ; 0.03 ; 7
EL2 0.000091 ; 0.000011 ; 241.289 ; 0.03 ; 7
EL3 0.000036 ; 0.000007 ; 244.5 ; 0.03 ; 7
EM  0.0000619 ; 0.0000027 ; 256.338 ; 0.03 ; 7
EN  0.0000201 ; 0.000001 ; 259.621 ; 0.03 ; 7
GA  0.00068 ; 0.000015 ; 277.29 ; 0.03 ; 6
EK  0.00027 ; 0.00048 ; 170.534 ; 0.03 ; 6
EL1 0.00006 ; 0.0001 ; 257.444 ; 0.03 ; 6
EL2 0.000009 ; 0.000016 ; 258.209 ; 0.03 ; 6
EL3 0.000005 ; 0.000009 ; 261.42 ; 0.03 ; 6
EM  0.00002 ; 0.000034 ; 273.258 ; 0.03 ; 6
EN  0.000006 ; 0.000011 ; 276.541 ; 0.03 ; 6
GA  0.0021 ; 0.001 ; 302.68 ; 0.022 ; 5
EK  0.00006 ; 0.000029 ; 195.924 ; 0.022 ; 5
EL1 0.0000078 ; 0.0000037 ; 282.834 ; 0.022 ; 5
EL2 0.0000019 ; 0.0000009 ; 283.599 ; 0.022 ; 5
EL3 0.0000013 ; 0.0000006 ; 286.81 ; 0.022 ; 5
EM  0.0000026 ; 0.0000013 ; 298.648 ; 0.022 ; 5
EN  0.00000085 ; 0.00000041 ; 301.931 ; 0.022 ; 5
GA  0.000987 ; 0.00002 ; 313.09 ; 0.022 ; 4
EK  0.00022 ; 0.00008 ; 206.334 ; 0.022 ; 4
EL1 0.000036 ; 0.000013 ; 293.244 ; 0.022 ; 4
EL2 0.0000247 ; 0.000004 ; 294.009 ; 0.022 ; 4
EL3 0.0000088 ; 0.000002 ; 297.22 ; 0.022 ; 4
EM  0.0000175 ; 0.0000016 ; 309.058 ; 0.022 ; 4
EN  0.0000057 ; 0.0000006 ; 312.341 ; 0.022 ; 4
GA  0.00177 ; 0.00004 ; 340.88 ; 0.022 ; 3
EK  0.000143 ; 0.000039 ; 234.124 ; 0.022 ; 3
EL1 0.000028 ; 0.000009 ; 321.034 ; 0.022 ; 3
EL2 0.0000048 ; 0.0000014 ; 321.799 ; 0.022 ; 3
EL3 0.0000023 ; 0.0000007 ; 325.01 ; 0.022 ; 3
EM  0.0000088 ; 0.0000027 ; 336.848 ; 0.022 ; 3
EN  0.0000028 ; 0.0000009 ; 340.131 ; 0.022 ; 3
GA  0.00168 ; 0.00004 ; 357.25 ; 0.022 ; 2
EK  0.00057 ; 0.00015 ; 250.494 ; 0.022 ; 2
EL1 0.000094 ; 0.000024 ; 337.404 ; 0.022 ; 2
EL2 0.000015 ; 0.000005 ; 338.169 ; 0.022 ; 2
EL3 0.0000022 ; 0.0000029 ; 341.38 ; 0.022 ; 2
EM  0.0000267 ; 0.0000036 ; 353.218 ; 0.022 ; 2
EN  0.0000087 ; 0.0000013 ; 356.501 ; 0.022 ; 2
GA  0.000085 ; 0.000003 ; 359.86 ; 0.022 ; 1
GA  0.000003 ; 0.000001 ; 387.23 ; 0.02 ; 0
EK  0.000000129 ; 0.000000043 ; 280.474 ; 0.02 ; 0
EL1 0.000000022 ; 0.000000007 ; 367.384 ; 0.02 ; 0
EL2 0.00000004 ; 0.000000013 ; 368.149 ; 0.02 ; 0
EL3 0.0000000142 ; 0.0000000047 ; 371.36 ; 0.02 ; 0
EM  0.00000002 ; 0.000000007 ; 383.198 ; 0.02 ; 0
EN  0.0000000065 ; 0.0000000022 ; 386.481 ; 0.02 ; 0
COM -------------- Level Separator - T1/2 in seconds -------------
LED 354.5 ; 0.04 ; 20 ;  ;  ; 16
GA  0.000049 ; 0.00001 ; 24.46 ; 0.04 ; 15
EL1 0.007 ; 0.0014 ; 4.614 ; 0.04 ; 15
EL2 0.0008 ; 0.00016 ; 5.379 ; 0.04 ; 15
EL3 0.000054 ; 0.000011 ; 8.59 ; 0.04 ; 15
EM  0.00191 ; 0.00039 ; 20.428 ; 0.04 ; 15
EN  0.00062 ; 0.00013 ; 23.711 ; 0.04 ; 15
GA  0.000361 ; 0.000011 ; 327.13 ; 0.04 ; 1
EK  0.00000866 ; 0.0000003 ; 220.374 ; 0.04 ; 1
EL1 0.000001144 ; 0.000000039 ; 307.284 ; 0.04 ; 1
EL2 0.000000266 ; 0.000000009 ; 308.049 ; 0.04 ; 1
EL3 0.000000178 ; 0.000000006 ; 311.26 ; 0.04 ; 1
EM  0.000000379 ; 0.000000013 ; 323.098 ; 0.04 ; 1
EN  0.0000001228 ; 0.0000000041 ; 326.381 ; 0.04 ; 1
GA  0.000962 ; 0.00002 ; 354.5 ; 0.04 ; 0
EK  0.0000823 ; 0.0000021 ; 247.744 ; 0.04 ; 0
EL1 0.00001395 ; 0.00000035 ; 334.654 ; 0.04 ; 0
EL2 0.00001701 ; 0.00000043 ; 335.419 ; 0.04 ; 0
EL3 0.00000618 ; 0.00000015 ; 338.63 ; 0.04 ; 0
EM  0.00000965 ; 0.00000024 ; 350.468 ; 0.04 ; 0
EN  0.00000314 ; 0.00000008 ; 353.751 ; 0.04 ; 0
COM -------------- Level Separator - T1/2 in seconds -------------
LED 330.04 ; 0.01 ; 48 ;  ;  ; 15
GA  0.000047 ; 0.000007 ; 56.9 ; 0.03 ; 13
EL1 0.00049 ; 0.00008 ; 37.054 ; 0.03 ; 13
EL2 0.00045 ; 0.00014 ; 37.819 ; 0.03 ; 13
EL3 0.00035 ; 0.00012 ; 41.03 ; 0.03 ; 13
EM  0.00033 ; 0.00008 ; 52.868 ; 0.03 ; 13
EN  0.000109 ; 0.000027 ; 56.151 ; 0.03 ; 13
GA  0.000067 ; 0.000005 ; 245.49 ; 0.014 ; 5
EK  0.000248 ; 0.000019 ; 138.734 ; 0.014 ; 5
EL1 0.0000611 ; 0.0000046 ; 225.644 ; 0.014 ; 5
EL2 0.0000092 ; 0.0000007 ; 226.409 ; 0.014 ; 5
EL3 0.00000626 ; 0.00000048 ; 229.62 ; 0.014 ; 5
EM  0.0000196 ; 0.0000015 ; 241.458 ; 0.014 ; 5
EN  0.00000651 ; 0.0000005 ; 244.741 ; 0.014 ; 5
GA  0.001059 ; 0.000022 ; 255.9 ; 0.014 ; 4
EK  0.0001051 ; 0.0000026 ; 149.144 ; 0.014 ; 4
EL1 0.0000193 ; 0.0000005 ; 236.054 ; 0.014 ; 4
EL2 0.0000752 ; 0.0000019 ; 236.819 ; 0.014 ; 4
EL3 0.0000343 ; 0.0000009 ; 240.03 ; 0.014 ; 4
EM  0.0000346 ; 0.0000009 ; 251.868 ; 0.014 ; 4
EN  0.00001125 ; 0.00000029 ; 255.151 ; 0.014 ; 4
GA  0.0165 ; 0.0003 ; 283.69 ; 0.014 ; 3
EK  0.000543 ; 0.000013 ; 176.934 ; 0.014 ; 3
EL1 0.0000706 ; 0.0000016 ; 263.844 ; 0.014 ; 3
EL2 0.00001808 ; 0.00000042 ; 264.609 ; 0.014 ; 3
EL3 0.00001256 ; 0.00000029 ; 267.82 ; 0.014 ; 3
EM  0.0000242 ; 0.0000006 ; 279.658 ; 0.014 ; 3
EN  0.00000782 ; 0.00000019 ; 282.941 ; 0.014 ; 3
GA  0.0241 ; 0.0005 ; 300.06 ; 0.014 ; 2
EK  0.01477 ; 0.00047 ; 193.304 ; 0.014 ; 2
EL1 0.00244 ; 0.00008 ; 280.214 ; 0.014 ; 2
EL2 0.000301 ; 0.000016 ; 280.979 ; 0.014 ; 2
EL3 0.000019 ; 0.000007 ; 284.19 ; 0.014 ; 2
EM  0.000663 ; 0.000018 ; 296.028 ; 0.014 ; 2
EN  0.000216 ; 0.000006 ; 299.311 ; 0.014 ; 2
GA  0.023 ; 0.003 ; 302.67 ; 0.014 ; 1
EK  0.00066 ; 0.00009 ; 195.914 ; 0.014 ; 1
EL1 0.000086 ; 0.000011 ; 282.824 ; 0.014 ; 1
EL2 0.000021 ; 0.0000028 ; 283.589 ; 0.014 ; 1
EL3 0.0000144 ; 0.0000019 ; 286.8 ; 0.014 ; 1
EM  0.000029 ; 0.0000038 ; 298.638 ; 0.014 ; 1
EN  0.0000094 ; 0.0000012 ; 301.921 ; 0.014 ; 1
GA  0.0136 ; 0.0003 ; 330.04 ; 0.01 ; 0
EK  0.00585 ; 0.00025 ; 223.284 ; 0.01 ; 0
EL1 0.000966 ; 0.000046 ; 310.194 ; 0.01 ; 0
EL2 0.000151 ; 0.000009 ; 310.959 ; 0.01 ; 0
EL3 0.00002 ; 0.000005 ; 314.17 ; 0.01 ; 0
EM  0.000275 ; 0.000009 ; 326.008 ; 0.01 ; 0
EN  0.0000896 ; 0.0000028 ; 329.291 ; 0.01 ; 0
COM -------------- Level Separator - T1/2 in seconds -------------
LED 304.73 ; 0.05 ; 2 ;  ;  ; 14
GA  0.000017 ; 0.000008 ; 230.59 ; 0.05 ; 4
GA  0.000015 ; 0.000004 ; 258.38 ; 0.05 ; 3
COM -------------- Level Separator - T1/2 in seconds -------------
LED 273.14 ; 0.03 ; 22 ;  ;  ; 13
GA  0.00003 ; 0.000012 ; 199 ; 0.03 ; 4
GA  0.00036 ; 0.00005 ; 243.16 ; 0.03 ; 2
EK  0.0002 ; 0.00006 ; 136.404 ; 0.03 ; 2
EL1 0.000032 ; 0.000012 ; 223.314 ; 0.03 ; 2
EL2 0.0000209 ; 0.0000049 ; 224.079 ; 0.03 ; 2
EL3 0.0000083 ; 0.0000028 ; 227.29 ; 0.03 ; 2
EM  0.000016 ; 0.0000023 ; 239.128 ; 0.03 ; 2
EN  0.0000052 ; 0.0000008 ; 242.411 ; 0.03 ; 2
GA  0.00012 ; 0.00004 ; 245.77 ; 0.03 ; 1
EK  0.0000055 ; 0.0000018 ; 139.014 ; 0.03 ; 1
EL1 0.0000007 ; 0.00000023 ; 225.924 ; 0.03 ; 1
EL2 0.0000002 ; 0.00000007 ; 226.689 ; 0.03 ; 1
EL3 0.000000142 ; 0.000000048 ; 229.9 ; 0.03 ; 1
EM  0.00000025 ; 0.00000008 ; 241.738 ; 0.03 ; 1
EN  0.00000008 ; 0.000000027 ; 245.021 ; 0.03 ; 1
GA  0.000579 ; 0.000012 ; 273.14 ; 0.03 ; 0
EK  0.00033 ; 0.00006 ; 166.384 ; 0.03 ; 0
EL1 0.000054 ; 0.000009 ; 253.294 ; 0.03 ; 0
EL2 0.0000162 ; 0.0000029 ; 254.059 ; 0.03 ; 0
EL3 0.0000046 ; 0.0000017 ; 257.27 ; 0.03 ; 0
EM  0.0000187 ; 0.000001 ; 269.108 ; 0.03 ; 0
EN  0.00000612 ; 0.00000032 ; 272.391 ; 0.03 ; 0
COM -------------- Level Separator - T1/2 in seconds -------------
LED 271.29 ; 0.06 ; 13 ;  ;  ; 12
GA  0.00003 ; 0.000007 ; 72.58 ; 0.07 ; 10
EL1 0.000176 ; 0.000041 ; 52.73 ; 0.07 ; 10
EL2 0.0000203 ; 0.0000047 ; 53.5 ; 0.07 ; 10
EL3 0.00000121 ; 0.00000028 ; 56.71 ; 0.07 ; 10
EM  0.000047 ; 0.000011 ; 68.55 ; 0.07 ; 10
EN  0.0000155 ; 0.0000036 ; 71.83 ; 0.07 ; 10
GA  0.000115 ; 0.000009 ; 144.43 ; 0.06 ; 7
EK  0.0000302 ; 0.0000024 ; 37.67 ; 0.06 ; 7
EL1 0.0000081 ; 0.0000006 ; 124.58 ; 0.06 ; 7
EL2 0.000095 ; 0.000008 ; 125.35 ; 0.06 ; 7
EL3 0.0000583 ; 0.0000047 ; 128.56 ; 0.06 ; 7
EM  0.0000442 ; 0.0000035 ; 140.4 ; 0.06 ; 7
EN  0.0000143 ; 0.0000011 ; 143.68 ; 0.06 ; 7
COM -------------- Level Separator - T1/2 in seconds -------------
LED 210.78 ; 0.05 ; 12 ;  ;  ; 11
GA  0.000048 ; 0.000006 ; 23.46 ; 0.06 ; 9
EL1 0.0078 ; 0.001 ; 3.61 ; 0.06 ; 9
EL2 0.00089 ; 0.00011 ; 4.38 ; 0.06 ; 9
EL3 0.00006 ; 0.000008 ; 7.59 ; 0.06 ; 9
EM  0.00212 ; 0.00027 ; 19.43 ; 0.06 ; 9
EN  0.00069 ; 0.00009 ; 22.71 ; 0.06 ; 9
GA  0.000226 ; 0.000009 ; 100.84 ; 0.05 ; 6
EL1 0.0000441 ; 0.0000019 ; 80.99 ; 0.05 ; 6
EL2 0.000938 ; 0.00004 ; 81.76 ; 0.05 ; 6
EL3 0.000669 ; 0.000029 ; 84.97 ; 0.05 ; 6
EM  0.000452 ; 0.000019 ; 96.81 ; 0.05 ; 6
EN  0.000146 ; 0.000006 ; 100.09 ; 0.05 ; 6
COM -------------- Level Separator - T1/2 in seconds -------------
LED 198.71 ; 0.04 ; 13 ;  ;  ; 10
GA  0.000019 ; 0.000007 ; 71.85 ; 0.05 ; 7
EL1 0.000115 ; 0.000042 ; 52 ; 0.05 ; 7
EL2 0.0000132 ; 0.0000049 ; 52.77 ; 0.05 ; 7
EL3 0.00000079 ; 0.00000029 ; 55.98 ; 0.05 ; 7
EM  0.000031 ; 0.000011 ; 67.82 ; 0.05 ; 7
EN  0.0000101 ; 0.0000037 ; 71.1 ; 0.05 ; 7
GA  0.000043 ; 0.000004 ; 124.57 ; 0.04 ; 4
EK  0.0000123 ; 0.0000012 ; 17.814 ; 0.04 ; 4
EL1 0.00000448 ; 0.00000042 ; 104.724 ; 0.04 ; 4
EL2 0.000069 ; 0.000006 ; 105.489 ; 0.04 ; 4
EL3 0.000045 ; 0.0000042 ; 108.7 ; 0.04 ; 4
EM  0.0000323 ; 0.000003 ; 120.538 ; 0.04 ; 4
EN  0.0000105 ; 0.000001 ; 123.821 ; 0.04 ; 4
COM -------------- Level Separator - T1/2 in seconds -------------
LED 187.32 ; 0.03 ; 18 ;  ;  ; 9
GA  0.000053 ; 0.000007 ; 60.46 ; 0.04 ; 7
EL1 0.0000067 ; 0.0000009 ; 40.614 ; 0.04 ; 7
EL2 0.0000052 ; 0.0000007 ; 41.379 ; 0.04 ; 7
EL3 0.0000055 ; 0.0000007 ; 44.59 ; 0.04 ; 7
EM  0.0000042 ; 0.0000006 ; 56.428 ; 0.04 ; 7
EN  0.00000134 ; 0.00000018 ; 59.711 ; 0.04 ; 7
GA  0.00061 ; 0.00004 ; 77.38 ; 0.04 ; 6
EL1 0.00298 ; 0.0002 ; 57.534 ; 0.04 ; 6
EL2 0.000343 ; 0.000023 ; 58.299 ; 0.04 ; 6
EL3 0.0000203 ; 0.0000014 ; 61.51 ; 0.04 ; 6
EM  0.0008 ; 0.00005 ; 73.348 ; 0.04 ; 6
EN  0.000262 ; 0.000018 ; 76.631 ; 0.04 ; 6
GA  0.00019 ; 0.00004 ; 102.77 ; 0.03 ; 5
EL1 0.000035 ; 0.000007 ; 82.924 ; 0.03 ; 5
EL2 0.00072 ; 0.00015 ; 83.689 ; 0.03 ; 5
EL3 0.00051 ; 0.00011 ; 86.9 ; 0.03 ; 5
EM  0.00035 ; 0.00007 ; 98.738 ; 0.03 ; 5
EN  0.000113 ; 0.000024 ; 102.021 ; 0.03 ; 5
COM -------------- Level Separator - T1/2 in seconds -------------
LED 160 ; 2 ; 0 ;  ;  ; 8
COM -------------- Level Separator - T1/2 in seconds -------------
LED 126.86 ; 0.02 ; 12 ;  ;  ; 7
GA  0.00076 ; 0.00004 ; 52.72 ; 0.022 ; 4
EL1 0.0114 ; 0.0006 ; 32.874 ; 0.022 ; 4
EL2 0.0013 ; 0.00007 ; 33.639 ; 0.022 ; 4
EL3 0.0000805 ; 0.0000044 ; 36.85 ; 0.022 ; 4
EM  0.00306 ; 0.00017 ; 48.688 ; 0.022 ; 4
EN  0.001 ; 0.00005 ; 51.971 ; 0.022 ; 4
GA  0.00084 ; 0.00003 ; 96.88 ; 0.022 ; 2
EL1 0.000186 ; 0.000007 ; 77.034 ; 0.022 ; 2
EL2 0.00419 ; 0.00016 ; 77.799 ; 0.022 ; 2
EL3 0.00302 ; 0.00012 ; 81.01 ; 0.022 ; 2
EM  0.00202 ; 0.00008 ; 92.848 ; 0.022 ; 2
EN  0.000656 ; 0.000025 ; 96.131 ; 0.022 ; 2
COM -------------- Level Separator - T1/2 in seconds -------------
LED 109.94 ; 0.02 ; 18 ;  ;  ; 6
GA  0.00095 ; 0.00007 ; 25.39 ; 0.022 ; 5
EL1 0.122 ; 0.009 ; 5.544 ; 0.022 ; 5
EL2 0.014 ; 0.001 ; 6.309 ; 0.022 ; 5
EL3 0.00093 ; 0.00007 ; 9.52 ; 0.022 ; 5
EM  0.0332 ; 0.0025 ; 21.358 ; 0.022 ; 5
EN  0.0108 ; 0.0008 ; 24.641 ; 0.022 ; 5
GA  0.000163 ; 0.00001 ; 35.8 ; 0.022 ; 4
EL1 0.000057 ; 0.0000036 ; 15.954 ; 0.022 ; 4
EL2 0.0000714 ; 0.0000045 ; 16.719 ; 0.022 ; 4
EL3 0.000086 ; 0.000005 ; 19.93 ; 0.022 ; 4
EM  0.0000533 ; 0.0000034 ; 31.768 ; 0.022 ; 4
EN  0.0000167 ; 0.0000011 ; 35.051 ; 0.022 ; 4
GA  0.000446 ; 0.000017 ; 63.59 ; 0.022 ; 3
EL1 0.0005 ; 0.00002 ; 43.744 ; 0.022 ; 3
EL2 0.0156 ; 0.0006 ; 44.509 ; 0.022 ; 3
EL3 0.013 ; 0.0005 ; 47.72 ; 0.022 ; 3
EM  0.00794 ; 0.00033 ; 59.558 ; 0.022 ; 3
EN  0.00256 ; 0.0001 ; 62.841 ; 0.022 ; 3
COM -------------- Level Separator - T1/2 in seconds -------------
LED 84.55 ; 0.01 ; 18 ;  ;  ; 5
GA  0.00144 ; 0.00006 ; 38.2 ; 0.014 ; 3
EL1 0.0544 ; 0.0025 ; 18.354 ; 0.014 ; 3
EL2 0.024 ; 0.012 ; 19.119 ; 0.014 ; 3
EL3 0.017 ; 0.01 ; 22.33 ; 0.014 ; 3
EM  0.024 ; 0.006 ; 34.168 ; 0.014 ; 3
EN  0.0078 ; 0.0018 ; 37.451 ; 0.014 ; 3
GA  0.0007 ; 0.00004 ; 54.57 ; 0.014 ; 2
EL1 0.000108 ; 0.000006 ; 34.724 ; 0.014 ; 2
EL2 0.000093 ; 0.000005 ; 35.489 ; 0.014 ; 2
EL3 0.0001 ; 0.000006 ; 38.7 ; 0.014 ; 2
EM  0.0000737 ; 0.0000043 ; 50.538 ; 0.014 ; 2
EN  0.0000233 ; 0.0000014 ; 53.821 ; 0.014 ; 2
GA  0.00031 ; 0.00003 ; 57.18 ; 0.014 ; 1
EL1 0.00056 ; 0.00005 ; 37.334 ; 0.014 ; 1
EL2 0.0178 ; 0.0017 ; 38.099 ; 0.014 ; 1
EL3 0.0153 ; 0.0015 ; 41.31 ; 0.014 ; 1
EM  0.0092 ; 0.0009 ; 53.148 ; 0.014 ; 1
EN  0.00297 ; 0.00029 ; 56.431 ; 0.014 ; 1
COM -------------- Level Separator - T1/2 in seconds -------------
LED 74.14 ; 0.01 ; 12 ;  ;  ; 4
GA  0.00055 ; 0.00004 ; 44.16 ; 0.014 ; 2
EL1 0.0139 ; 0.001 ; 24.314 ; 0.014 ; 2
EL2 0.00158 ; 0.00012 ; 25.079 ; 0.014 ; 2
EL3 0.0001 ; 0.000007 ; 28.29 ; 0.014 ; 2
EM  0.00373 ; 0.00028 ; 40.128 ; 0.014 ; 2
EN  0.00122 ; 0.00009 ; 43.411 ; 0.014 ; 2
GA  0.000223 ; 0.000009 ; 74.14 ; 0.01 ; 0
EL1 0.000132 ; 0.000006 ; 54.294 ; 0.01 ; 0
EL2 0.00381 ; 0.00016 ; 55.059 ; 0.01 ; 0
EL3 0.00302 ; 0.00013 ; 58.27 ; 0.01 ; 0
EM  0.0019 ; 0.00008 ; 70.108 ; 0.01 ; 0
EN  0.000616 ; 0.000027 ; 73.391 ; 0.01 ; 0
COM -------------- Level Separator - T1/2 in seconds -------------
LED 46.35 ; 0.01 ; 14 ;  ;  ; 3
GA  0.00221 ; 0.00009 ; 16.37 ; 0.014 ; 2
EL3 0.01118 ; 0.00048 ; 0.5 ; 0.014 ; 2
EM  0.00592 ; 0.00026 ; 12.338 ; 0.014 ; 2
EN  0.00181 ; 0.00008 ; 15.621 ; 0.014 ; 2
GA  0.0037 ; 0.0003 ; 18.98 ; 0.014 ; 1
EL3 0.0087 ; 0.0007 ; 3.11 ; 0.014 ; 1
EM  0.306 ; 0.025 ; 14.948 ; 0.014 ; 1
EN  0.1 ; 0.008 ; 18.231 ; 0.014 ; 1
GA  0.0019 ; 0.0001 ; 46.35 ; 0.01 ; 0
EL1 0.000407 ; 0.000022 ; 26.504 ; 0.01 ; 0
EL2 0.000403 ; 0.000022 ; 27.269 ; 0.01 ; 0
EL3 0.00045 ; 0.000025 ; 30.48 ; 0.01 ; 0
EM  0.00031 ; 0.000017 ; 42.318 ; 0.01 ; 0
EN  0.000098 ; 0.000005 ; 45.601 ; 0.01 ; 0
COM -------------- Level Separator - T1/2 in seconds -------------
LED 29.98 ; 0.01 ; 6 ;  ;  ; 2
GA  0.00097 ; 0.00004 ; 29.98 ; 0.01 ; 0
EL1 0.0748 ; 0.0033 ; 10.134 ; 0.01 ; 0
EL2 0.064 ; 0.011 ; 10.899 ; 0.01 ; 0
EL3 0.056 ; 0.011 ; 14.11 ; 0.01 ; 0
EM  0.05 ; 0.006 ; 25.948 ; 0.01 ; 0
EN  0.0164 ; 0.002 ; 29.231 ; 0.01 ; 0
COM -------------- Level Separator - T1/2 in seconds -------------
LED 27.37 ; 0.01 ; 6 ; 3.83E-8 ; 3.E-9 ; 1
GA  0.108 ; 0.004 ; 27.37 ; 0.01 ; 0
EL1 0.1058 ; 0.002 ; 7.524 ; 0.01 ; 0
EL2 0.1004 ; 0.002 ; 8.289 ; 0.01 ; 0
EL3 0.1523 ; 0.002 ; 11.5 ; 0.01 ; 0
EM  0.094 ; 0.014 ; 23.338 ; 0.01 ; 0
EN  0.03 ; 0.005 ; 26.621 ; 0.01 ; 0
