PAR PD109
AZP 109 ; 46
NDA 1
COM ***************** Evaluation Date: 17/03/2009 ****************
COM ===================== Daughter Separator =====================
DAU AG109
DDE 1 ;  ; 15 ; 14
Q   1116.1 ; 2
COM ---------------------- Branch Separator ----------------------
BEM 0.0000018 ; 0.0000003 ; 23 ; 17.6 ; 2 ; 0
COM ---------------------- Branch Separator ----------------------
BEM 0.00000074 ; 0.00000014 ; 20 ; 204 ; 2.2 ; 0
COM ---------------------- Branch Separator ----------------------
BEM 0.0000166 ; 0.0000017 ; 19 ; 205.1 ; 2 ; 0
COM ---------------------- Branch Separator ----------------------
BEM 0.000194 ; 0.000009 ; 16 ; 246.6 ; 2 ; 0
COM ---------------------- Branch Separator ----------------------
BEM 0.0000167 ; 0.000001 ; 15 ; 253.3 ; 2 ; 0
COM ---------------------- Branch Separator ----------------------
BEM 0.00000108 ; 0.00000024 ; 14 ; 304.1 ; 2.1 ; 0
COM ---------------------- Branch Separator ----------------------
BEM 0.000334 ; 0.000015 ; 11 ; 380.8 ; 2 ; 0
COM ---------------------- Branch Separator ----------------------
BEM 0.000204 ; 0.000009 ; 10 ; 391.8 ; 2 ; 0
COM ---------------------- Branch Separator ----------------------
BEM 0.0000178 ; 0.0000012 ; 9 ; 409.1 ; 2 ; 0
COM ---------------------- Branch Separator ----------------------
BEM 0.000046 ; 0.0000021 ; 7 ; 414.2 ; 2 ; 0
COM ---------------------- Branch Separator ----------------------
BEM 0.0000016 ; 0.0000007 ; 6 ; 418.3 ; 2 ; 0
COM ---------------------- Branch Separator ----------------------
BEM 0.000063 ; 0.000002 ; 4 ; 700.9 ; 2 ; 0
COM ---------------------- Branch Separator ----------------------
BEM 0.000191 ; 0.000022 ; 3 ; 804.7 ; 2 ; 0
COM ---------------------- Branch Separator ----------------------
COM ---------------------- Branch Separator ----------------------
BEM 0.99891 ; 0.00003 ; 1 ; 1028.1 ; 2 ; 0
COM ---------------------- Branch Separator ----------------------
COM -------------- Level Separator - T1/2 in seconds -------------
LED 1098.5 ; 0.2 ; 10 ;  ;  ; 23
GA  0.00000063 ; 0.00000023 ; 400.7 ; 0.6 ; 6
GA  0.000000216 ; 0.000000018 ; 787.1 ; 0.3 ; 3
EK  0.000000000139 ; 0.000000000012 ; 761.59 ; 0.3 ; 3
EL1 0.0000000000152 ; 0.0000000000013 ; 783.29 ; 0.3 ; 3
EL2 0.000000000000326 ; 0.000000000000028 ; 783.58 ; 0.3 ; 3
EL3 0.000000000000512 ; 0.000000000000044 ; 783.75 ; 0.3 ; 3
EM  0.00000000000303 ; 0.00000000000026 ; 786.57 ; 0.3 ; 3
EN  0.00000000000055 ; 0.000000000000047 ; 787.06 ; 0.3 ; 3
GA  0.00000068 ; 0.00000011 ; 965.8 ; 0.3 ; 2
GA  0.0000003 ; 0.00000006 ; 1010.5 ; 0.2 ; 1
COM -------------- Level Separator - T1/2 in seconds -------------
LED 912.1 ; 0.8 ; 7 ;  ;  ; 20
GA  0.00000073 ; 0.00000014 ; 496.9 ; 1 ; 4
EK  0.0000000039 ; 0.0000000008 ; 471.4 ; 1 ; 4
EL1 0.00000000045 ; 0.00000000009 ; 493.1 ; 1 ; 4
EL2 0.0000000000169 ; 0.0000000000032 ; 493.4 ; 1 ; 4
EL3 0.0000000000064 ; 0.0000000000012 ; 493.5 ; 1 ; 4
EM  0.000000000089 ; 0.000000000017 ; 496.4 ; 1 ; 4
EN  0.0000000000162 ; 0.0000000000031 ; 496.9 ; 1 ; 4
COM -------------- Level Separator - T1/2 in seconds -------------
LED 911 ; 0.4 ; 2 ;  ;  ; 19
GA  0.0000148 ; 0.0000017 ; 778.3 ; 0.5 ; 2
GA  0.00000181 ; 0.00000018 ; 823 ; 0.4 ; 1
COM -------------- Level Separator - T1/2 in seconds -------------
LED 869.47 ; 0.11 ; 43 ;  ;  ; 16
GA  0.0000111 ; 0.000001 ; 134.2 ; 0.2 ; 11
EK  0.00000184 ; 0.00000017 ; 108.69 ; 0.2 ; 11
EL1 0.00000021 ; 0.000000019 ; 130.39 ; 0.2 ; 11
EL2 0.0000000165 ; 0.0000000016 ; 130.68 ; 0.2 ; 11
EL3 0.000000009 ; 0.0000000009 ; 130.85 ; 0.2 ; 11
EM  0.0000000448 ; 0.0000000041 ; 133.67 ; 0.2 ; 11
EN  0.0000000081 ; 0.0000000007 ; 134.16 ; 0.2 ; 11
GA  0.0000083 ; 0.0000007 ; 145.1 ; 0.2 ; 10
EK  0.0000011 ; 0.00000009 ; 119.59 ; 0.2 ; 10
EL1 0.000000125 ; 0.000000011 ; 141.29 ; 0.2 ; 10
EL2 0.0000000089 ; 0.0000000008 ; 141.58 ; 0.2 ; 10
EL3 0.00000000425 ; 0.0000000004 ; 141.75 ; 0.2 ; 10
EM  0.0000000264 ; 0.0000000023 ; 144.57 ; 0.2 ; 10
EN  0.00000000476 ; 0.00000000041 ; 145.06 ; 0.2 ; 10
GA  0.000005 ; 0.0000004 ; 454.3 ; 0.3 ; 4
EK  0.0000000111 ; 0.0000000009 ; 428.79 ; 0.3 ; 4
EL1 0.0000000012 ; 0.0000000001 ; 450.49 ; 0.3 ; 4
EL2 0.0000000000396 ; 0.0000000000032 ; 450.78 ; 0.3 ; 4
EL3 0.0000000000575 ; 0.0000000000047 ; 450.95 ; 0.3 ; 4
EM  0.000000000245 ; 0.00000000002 ; 453.77 ; 0.3 ; 4
EN  0.0000000000442 ; 0.0000000000036 ; 454.26 ; 0.3 ; 4
GA  0.0000249 ; 0.0000017 ; 558.1 ; 0.2 ; 3
EK  0.0000000515 ; 0.0000000037 ; 532.59 ; 0.2 ; 3
EL1 0.00000000578 ; 0.00000000041 ; 554.29 ; 0.2 ; 3
EL2 0.000000000228 ; 0.000000000016 ; 554.58 ; 0.2 ; 3
EL3 0.000000000187 ; 0.000000000013 ; 554.75 ; 0.2 ; 3
EM  0.00000000118 ; 0.00000000008 ; 557.57 ; 0.2 ; 3
EN  0.000000000213 ; 0.000000000015 ; 558.06 ; 0.2 ; 3
GA  0.0000181 ; 0.0000013 ; 736.7 ; 0.2 ; 2
EK  0.0000000349 ; 0.0000000026 ; 711.19 ; 0.2 ; 2
EL1 0.00000000382 ; 0.00000000028 ; 732.89 ; 0.2 ; 2
EL2 0.000000000252 ; 0.000000000018 ; 733.18 ; 0.2 ; 2
EL3 0.000000000192 ; 0.000000000014 ; 733.35 ; 0.2 ; 2
EM  0.00000000081 ; 0.00000000006 ; 736.17 ; 0.2 ; 2
EN  0.000000000146 ; 0.000000000011 ; 736.66 ; 0.2 ; 2
GA  0.000123 ; 0.000009 ; 781.4 ; 0.1 ; 1
GA  0.00000053 ; 0.00000016 ; 869.5 ; 0.1 ; 0
EK  0.000000002 ; 0.0000000006 ; 843.99 ; 0.1 ; 0
EL1 0.00000000023 ; 0.00000000007 ; 865.69 ; 0.1 ; 0
EL2 0.0000000000095 ; 0.0000000000029 ; 865.98 ; 0.1 ; 0
EL3 0.0000000000026 ; 0.0000000000008 ; 866.15 ; 0.1 ; 0
EM  0.000000000046 ; 0.000000000014 ; 868.97 ; 0.1 ; 0
EN  0.0000000000083 ; 0.0000000000025 ; 869.46 ; 0.1 ; 0
COM -------------- Level Separator - T1/2 in seconds -------------
LED 862.76 ; 0.2 ; 21 ;  ;  ; 15
GA  0.0000086 ; 0.0000007 ; 447.6 ; 0.4 ; 4
EK  0.00000006 ; 0.000000005 ; 422.09 ; 0.4 ; 4
EL1 0.0000000068 ; 0.0000000006 ; 443.79 ; 0.4 ; 4
EL2 0.000000000266 ; 0.000000000022 ; 444.08 ; 0.4 ; 4
EL3 0.000000000096 ; 0.000000000008 ; 444.25 ; 0.4 ; 4
EM  0.00000000136 ; 0.00000000011 ; 447.07 ; 0.4 ; 4
EN  0.000000000247 ; 0.00000000002 ; 447.56 ; 0.4 ; 4
GA  0.0000065 ; 0.0000007 ; 551.4 ; 0.3 ; 3
EK  0.0000000273 ; 0.000000003 ; 525.89 ; 0.3 ; 3
EL1 0.00000000309 ; 0.00000000034 ; 547.59 ; 0.3 ; 3
EL2 0.000000000116 ; 0.000000000013 ; 547.88 ; 0.3 ; 3
EL3 0.000000000048 ; 0.000000000005 ; 548.05 ; 0.3 ; 3
EM  0.00000000062 ; 0.00000000007 ; 550.87 ; 0.3 ; 3
EN  0.000000000112 ; 0.000000000012 ; 551.36 ; 0.3 ; 3
GA  0.00000148 ; 0.0000002 ; 862.8 ; 0.2 ; 0
EK  0.00000000194 ; 0.00000000026 ; 837.29 ; 0.2 ; 0
EL1 0.000000000214 ; 0.000000000029 ; 858.99 ; 0.2 ; 0
EL2 0.0000000000115 ; 0.0000000000016 ; 859.28 ; 0.2 ; 0
EL3 0.0000000000087 ; 0.0000000000012 ; 859.45 ; 0.2 ; 0
EM  0.000000000044 ; 0.000000000006 ; 862.27 ; 0.2 ; 0
EN  0.000000000008 ; 0.0000000000011 ; 862.76 ; 0.2 ; 0
COM -------------- Level Separator - T1/2 in seconds -------------
LED 812 ; 0.5 ; 8 ;  ;  ; 14
GA  0.00000063 ; 0.00000021 ; 114.2 ; 0.9 ; 6
GA  0.00000045 ; 0.00000011 ; 500.6 ; 0.6 ; 3
EK  0.00000000079 ; 0.00000000019 ; 475.1 ; 0.6 ; 3
EL1 0.000000000086 ; 0.000000000021 ; 496.8 ; 0.6 ; 3
EL2 0.0000000000026 ; 0.0000000000006 ; 497.1 ; 0.6 ; 3
EL3 0.0000000000039 ; 0.0000000000009 ; 497.2 ; 0.6 ; 3
EM  0.0000000000174 ; 0.0000000000043 ; 500.1 ; 0.6 ; 3
EN  0.0000000000031 ; 0.0000000000008 ; 500.6 ; 0.6 ; 3
COM -------------- Level Separator - T1/2 in seconds -------------
LED 735.29 ; 0.09 ; 15 ;  ;  ; 11
GA  0.0000093 ; 0.0000007 ; 423.9 ; 0.2 ; 3
EK  0.0000000405 ; 0.0000000031 ; 398.39 ; 0.2 ; 3
EL1 0.00000000458 ; 0.00000000035 ; 420.09 ; 0.2 ; 3
EL2 0.000000000225 ; 0.000000000017 ; 420.38 ; 0.2 ; 3
EL3 0.000000000178 ; 0.000000000014 ; 420.55 ; 0.2 ; 3
EM  0.00000000095 ; 0.00000000007 ; 423.37 ; 0.2 ; 3
EN  0.000000000171 ; 0.000000000013 ; 423.86 ; 0.2 ; 3
GA  0.000086 ; 0.000006 ; 602.6 ; 0.2 ; 2
EK  0.000000279 ; 0.00000002 ; 577.09 ; 0.2 ; 2
EL1 0.0000000304 ; 0.0000000022 ; 598.79 ; 0.2 ; 2
EL2 0.00000000258 ; 0.00000000019 ; 599.08 ; 0.2 ; 2
EL3 0.00000000201 ; 0.00000000014 ; 599.25 ; 0.2 ; 2
EM  0.00000000666 ; 0.00000000047 ; 602.07 ; 0.2 ; 2
EN  0.00000000119 ; 0.00000000008 ; 602.56 ; 0.2 ; 2
GA  0.000252 ; 0.000014 ; 647.3 ; 0.1 ; 1
COM -------------- Level Separator - T1/2 in seconds -------------
LED 724.35 ; 0.1 ; 28 ; 3.2E-9 ; 8.E-10 ; 10
GA  0.0000413 ; 0.0000023 ; 309.1 ; 0.3 ; 4
EK  0.000000244 ; 0.000000014 ; 283.59 ; 0.3 ; 4
EL1 0.000000026 ; 0.0000000015 ; 305.29 ; 0.3 ; 4
EL2 0.00000000114 ; 0.00000000007 ; 305.58 ; 0.3 ; 4
EL3 0.00000000162 ; 0.00000000009 ; 305.75 ; 0.3 ; 4
EM  0.00000000544 ; 0.00000000031 ; 308.57 ; 0.3 ; 4
EN  0.00000000098 ; 0.00000000006 ; 309.06 ; 0.3 ; 4
GA  0.000068 ; 0.000007 ; 413 ; 0.2 ; 3
EK  0.000000249 ; 0.000000026 ; 387.49 ; 0.2 ; 3
EL1 0.0000000276 ; 0.0000000029 ; 409.19 ; 0.2 ; 3
EL2 0.00000000122 ; 0.00000000013 ; 409.48 ; 0.2 ; 3
EL3 0.00000000122 ; 0.00000000013 ; 409.65 ; 0.2 ; 3
EM  0.0000000057 ; 0.0000000006 ; 412.47 ; 0.2 ; 3
EN  0.00000000103 ; 0.00000000011 ; 412.96 ; 0.2 ; 3
GA  0.000101 ; 0.000006 ; 636.3 ; 0.1 ; 1
EK  0.000000284 ; 0.000000017 ; 610.79 ; 0.1 ; 1
EL1 0.000000031 ; 0.0000000019 ; 632.49 ; 0.1 ; 1
EL2 0.00000000245 ; 0.00000000015 ; 632.78 ; 0.1 ; 1
EL3 0.0000000019 ; 0.00000000012 ; 632.95 ; 0.1 ; 1
EM  0.00000000672 ; 0.00000000041 ; 635.77 ; 0.1 ; 1
EN  0.0000000012 ; 0.00000000007 ; 636.26 ; 0.1 ; 1
GA  0.0000025 ; 0.0000003 ; 724.4 ; 0.1 ; 0
EK  0.00000000192 ; 0.00000000023 ; 698.89 ; 0.1 ; 0
EL1 0.000000000209 ; 0.000000000025 ; 720.59 ; 0.1 ; 0
EL2 0.0000000000048 ; 0.0000000000006 ; 720.88 ; 0.1 ; 0
EL3 0.0000000000074 ; 0.0000000000009 ; 721.05 ; 0.1 ; 0
EM  0.000000000042 ; 0.000000000005 ; 723.87 ; 0.1 ; 0
EN  0.0000000000076 ; 0.0000000000009 ; 724.36 ; 0.1 ; 0
COM -------------- Level Separator - T1/2 in seconds -------------
LED 707 ; 0.17 ; 14 ;  ;  ; 9
GA  0.00000068 ; 0.00000013 ; 395.6 ; 0.3 ; 3
EK  0.00000000212 ; 0.00000000041 ; 370.09 ; 0.3 ; 3
EL1 0.000000000228 ; 0.000000000044 ; 391.79 ; 0.3 ; 3
EL2 0.0000000000084 ; 0.0000000000016 ; 392.08 ; 0.3 ; 3
EL3 0.000000000012 ; 0.0000000000023 ; 392.25 ; 0.3 ; 3
EM  0.000000000047 ; 0.000000000009 ; 395.07 ; 0.3 ; 3
EN  0.0000000000085 ; 0.0000000000016 ; 395.56 ; 0.3 ; 3
GA  0.0000171 ; 0.0000012 ; 707 ; 0.2 ; 0
EK  0.0000000138 ; 0.000000001 ; 681.49 ; 0.2 ; 0
EL1 0.00000000151 ; 0.00000000011 ; 703.19 ; 0.2 ; 0
EL2 0.0000000000352 ; 0.0000000000025 ; 703.48 ; 0.2 ; 0
EL3 0.000000000054 ; 0.0000000000039 ; 703.65 ; 0.2 ; 0
EM  0.000000000301 ; 0.000000000022 ; 706.47 ; 0.2 ; 0
EN  0.0000000000546 ; 0.0000000000039 ; 706.96 ; 0.2 ; 0
COM -------------- Level Separator - T1/2 in seconds -------------
LED 701.91 ; 0.15 ; 21 ;  ;  ; 7
GA  0.00000176 ; 0.00000016 ; 286.7 ; 0.3 ; 4
EK  0.000000038 ; 0.0000000035 ; 261.19 ; 0.3 ; 4
EL1 0.00000000431 ; 0.0000000004 ; 282.89 ; 0.3 ; 4
EL2 0.000000000228 ; 0.000000000021 ; 283.18 ; 0.3 ; 4
EL3 0.000000000096 ; 0.000000000009 ; 283.35 ; 0.3 ; 4
EM  0.00000000088 ; 0.00000000008 ; 286.17 ; 0.3 ; 4
EN  0.00000000016 ; 0.000000000015 ; 286.66 ; 0.3 ; 4
GA  0.0000093 ; 0.0000007 ; 390.5 ; 0.2 ; 3
EK  0.000000091 ; 0.000000007 ; 364.99 ; 0.2 ; 3
EL1 0.0000000103 ; 0.0000000008 ; 386.69 ; 0.2 ; 3
EL2 0.000000000447 ; 0.000000000034 ; 386.98 ; 0.2 ; 3
EL3 0.00000000017 ; 0.000000000013 ; 387.15 ; 0.2 ; 3
EM  0.00000000208 ; 0.00000000016 ; 389.97 ; 0.2 ; 3
EN  0.000000000377 ; 0.000000000029 ; 390.46 ; 0.2 ; 3
GA  0.0000347 ; 0.000002 ; 701.9 ; 0.2 ; 0
EK  0.0000000829 ; 0.000000005 ; 676.39 ; 0.2 ; 0
EL1 0.0000000094 ; 0.0000000006 ; 698.09 ; 0.2 ; 0
EL2 0.000000000273 ; 0.000000000016 ; 698.38 ; 0.2 ; 0
EL3 0.000000000098 ; 0.000000000006 ; 698.55 ; 0.2 ; 0
EM  0.00000000184 ; 0.00000000011 ; 701.37 ; 0.2 ; 0
EN  0.000000000336 ; 0.00000000002 ; 701.86 ; 0.2 ; 0
COM -------------- Level Separator - T1/2 in seconds -------------
LED 697.8 ; 0.4 ; 8 ;  ;  ; 6
GA  0.00000108 ; 0.00000014 ; 565.1 ; 0.5 ; 2
EK  0.0000000042 ; 0.0000000005 ; 539.6 ; 0.5 ; 2
EL1 0.00000000045 ; 0.00000000006 ; 561.3 ; 0.5 ; 2
EL2 0.000000000042 ; 0.000000000005 ; 561.6 ; 0.5 ; 2
EL3 0.0000000000328 ; 0.0000000000043 ; 561.7 ; 0.5 ; 2
EM  0.000000000101 ; 0.000000000013 ; 564.6 ; 0.5 ; 2
EN  0.000000000018 ; 0.0000000000023 ; 565.1 ; 0.5 ; 2
GA  0.0000018 ; 0.0000006 ; 609.8 ; 0.4 ; 1
COM -------------- Level Separator - T1/2 in seconds -------------
LED 415.21 ; 0.16 ; 21 ;  ;  ; 4
GA  0.000007 ; 0.0000011 ; 103.8 ; 0.2 ; 3
EK  0.0000023 ; 0.00000036 ; 78.29 ; 0.2 ; 3
EL1 0.000000265 ; 0.000000042 ; 99.99 ; 0.2 ; 3
EL2 0.0000000174 ; 0.0000000028 ; 100.28 ; 0.2 ; 3
EL3 0.0000000059 ; 0.0000000009 ; 100.45 ; 0.2 ; 3
EM  0.000000055 ; 0.000000009 ; 103.27 ; 0.2 ; 3
EN  0.0000000099 ; 0.0000000016 ; 103.76 ; 0.2 ; 3
GA  0.00000131 ; 0.00000015 ; 327.2 ; 0.2 ; 1
EK  0.0000000067 ; 0.0000000008 ; 301.69 ; 0.2 ; 1
EL1 0.00000000071 ; 0.00000000008 ; 323.39 ; 0.2 ; 1
EL2 0.0000000000299 ; 0.0000000000035 ; 323.68 ; 0.2 ; 1
EL3 0.0000000000426 ; 0.0000000000049 ; 323.85 ; 0.2 ; 1
EM  0.000000000148 ; 0.000000000017 ; 326.67 ; 0.2 ; 1
EN  0.0000000000267 ; 0.0000000000031 ; 327.16 ; 0.2 ; 1
GA  0.000109 ; 0.000006 ; 415.2 ; 0.2 ; 0
EK  0.00000103 ; 0.00000006 ; 389.69 ; 0.2 ; 0
EL1 0.00000011 ; 0.000000006 ; 411.39 ; 0.2 ; 0
EL2 0.0000000146 ; 0.0000000008 ; 411.68 ; 0.2 ; 0
EL3 0.0000000123 ; 0.0000000007 ; 411.85 ; 0.2 ; 0
EM  0.0000000262 ; 0.0000000015 ; 414.67 ; 0.2 ; 0
EN  0.00000000463 ; 0.00000000026 ; 415.16 ; 0.2 ; 0
COM -------------- Level Separator - T1/2 in seconds -------------
LED 311.38 ; 0.08 ; 7 ;  ;  ; 3
GA  0.000314 ; 0.000021 ; 311.4 ; 0.1 ; 0
EK  0.00000549 ; 0.00000038 ; 285.89 ; 0.1 ; 0
EL1 0.000000622 ; 0.000000043 ; 307.59 ; 0.1 ; 0
EL2 0.0000000321 ; 0.0000000022 ; 307.88 ; 0.1 ; 0
EL3 0.0000000137 ; 0.000000001 ; 308.05 ; 0.1 ; 0
EM  0.000000127 ; 0.000000009 ; 310.87 ; 0.1 ; 0
EN  0.000000023 ; 0.0000000016 ; 311.36 ; 0.1 ; 0
COM -------------- Level Separator - T1/2 in seconds -------------
LED 132.74 ; 0.11 ; 7 ;  ;  ; 2
GA  0.0000121 ; 0.0000015 ; 44.7 ; 0.1 ; 1
EK  0.000069 ; 0.000009 ; 19.19 ; 0.1 ; 1
EL1 0.0000068 ; 0.0000009 ; 40.89 ; 0.1 ; 1
EL2 0.0000107 ; 0.0000013 ; 41.18 ; 0.1 ; 1
EL3 0.0000151 ; 0.0000019 ; 41.35 ; 0.1 ; 1
EM  0.0000064 ; 0.0000008 ; 44.17 ; 0.1 ; 1
EN  0.00000103 ; 0.00000013 ; 44.66 ; 0.1 ; 1
COM -------------- Level Separator - T1/2 in seconds -------------
LED 88.0341 ; 0.0011 ; 7 ; 3.97E1 ; 2.E-1 ; 1
GA  0.0366 ; 0.0006 ; 88.0336 ; 0.001 ; 0
EK  0.418 ; 0.009 ; 62.5196 ; 0.001 ; 0
EL1 0.0326 ; 0.0007 ; 84.2278 ; 0.001 ; 0
EL2 0.1889 ; 0.0043 ; 84.5099 ; 0.001 ; 0
EL3 0.2203 ; 0.0049 ; 84.6825 ; 0.001 ; 0
EM  0.0904 ; 0.0021 ; 87.5074 ; 0.001 ; 0
EN  0.01418 ; 0.00032 ; 87.9895 ; 0.001 ; 0
