PAR PM148
AZP 148 ; 61
NDA 1
COM ***************** Evaluation Date: 05/06/2013 ****************
COM ===================== Daughter Separator =====================
DAU SM148
DDE 1 ;  ; 10 ; 10
Q   2471 ; 6
COM ---------------------- Branch Separator ----------------------
BEM 0.000091 ; 0.000015 ; 10 ; 157 ; 6 ; 0
COM ---------------------- Branch Separator ----------------------
BEM 0.000965 ; 0.000034 ; 9 ; 187 ; 6 ; 0
COM ---------------------- Branch Separator ----------------------
BEM 0.0136 ; 0.00022 ; 8 ; 413 ; 6 ; 0
COM ---------------------- Branch Separator ----------------------
BEM 0.000138 ; 0.000014 ; 7 ; 549 ; 6 ; 0
COM ---------------------- Branch Separator ----------------------
BEM 0.00018 ; 0.00003 ; 6 ; 807 ; 6 ; 0
COM ---------------------- Branch Separator ----------------------
BEM 0.333 ; 0.006 ; 5 ; 1006 ; 6 ; 0
COM ---------------------- Branch Separator ----------------------
BEM 0.00093 ; 0.00003 ; 4 ; 1017 ; 6 ; 0
COM ---------------------- Branch Separator ----------------------
BEM 0.00236 ; 0.00009 ; 3 ; 1047 ; 6 ; 0
COM ---------------------- Branch Separator ----------------------
COM ---------------------- Branch Separator ----------------------
BEM 0.093 ; 0.006 ; 1 ; 1921 ; 6 ; 0
COM ---------------------- Branch Separator ----------------------
BEM 0.555 ; 0.007 ; 0 ; 2471 ; 6 ; 0
COM -------------- Level Separator - T1/2 in seconds -------------
LED 2314.01 ; 0.15 ; 14 ;  ;  ; 10
GA  0.000029 ; 0.000013 ; 1152.5 ; 0.2 ; 2
EK  0.000000021 ; 0.00000001 ; 1105.64 ; 0.15 ; 2
EL1 0.0000000026 ; 0.0000000012 ; 1144.73 ; 0.15 ; 2
EL2 0.00000000009 ; 0.00000000005 ; 1145.16 ; 0.15 ; 2
EL3 0.000000000093 ; 0.000000000042 ; 1145.75 ; 0.15 ; 2
EM  0.00000000058 ; 0.00000000028 ; 1151.1 ; 0.15 ; 2
EN  0.00000000015 ; 0.00000000007 ; 1152.31 ; 0.15 ; 2
GA  0.000062 ; 0.000007 ; 1763.7 ; 0.2 ; 1
EK  0.000000045 ; 0.000000005 ; 1716.91 ; 0.15 ; 1
EL1 0.0000000056 ; 0.0000000007 ; 1756 ; 0.15 ; 1
EL2 0.000000000259 ; 0.00000000003 ; 1756.43 ; 0.15 ; 1
EL3 0.00000000013 ; 0.000000000016 ; 1757.02 ; 0.15 ; 1
EM  0.00000000127 ; 0.00000000015 ; 1762.37 ; 0.15 ; 1
EN  0.000000000331 ; 0.000000000039 ; 1763.58 ; 0.15 ; 1
COM -------------- Level Separator - T1/2 in seconds -------------
LED 2284.405 ; 0.021 ; 21 ;  ;  ; 9
GA  0.000133 ; 0.000022 ; 819.27 ; 0.03 ; 5
EK  0.00000072 ; 0.00000012 ; 772.442 ; 0.028 ; 5
EL1 0.000000091 ; 0.000000015 ; 811.539 ; 0.028 ; 5
EL2 0.0000000045 ; 0.0000000007 ; 811.964 ; 0.028 ; 5
EL3 0.00000000092 ; 0.00000000015 ; 812.56 ; 0.028 ; 5
EM  0.0000000206 ; 0.0000000034 ; 817.902 ; 0.028 ; 5
EN  0.0000000054 ; 0.0000000009 ; 819.115 ; 0.028 ; 5
GA  0.000386 ; 0.000011 ; 1734.12 ; 0.03 ; 1
EK  0.0000001309 ; 0.0000000042 ; 1687.297 ; 0.027 ; 1
EL1 0.0000000157 ; 0.0000000005 ; 1726.394 ; 0.027 ; 1
EL2 0.000000000359 ; 0.000000000011 ; 1726.819 ; 0.027 ; 1
EL3 0.000000000494 ; 0.000000000016 ; 1727.415 ; 0.027 ; 1
EM  0.0000000035 ; 0.00000000011 ; 1732.757 ; 0.027 ; 1
EN  0.000000000911 ; 0.000000000029 ; 1733.97 ; 0.027 ; 1
GA  0.000444 ; 0.000024 ; 2284.39 ; 0.03 ; 0
EK  0.000000097 ; 0.000000005 ; 2237.571 ; 0.021 ; 0
EL1 0.0000000116 ; 0.0000000007 ; 2276.668 ; 0.021 ; 0
EL2 0.000000000214 ; 0.000000000012 ; 2277.093 ; 0.021 ; 0
EL3 0.000000000331 ; 0.000000000019 ; 2277.689 ; 0.021 ; 0
EM  0.00000000258 ; 0.00000000015 ; 2283.031 ; 0.021 ; 0
EN  0.000000000672 ; 0.000000000038 ; 2284.244 ; 0.021 ; 0
COM -------------- Level Separator - T1/2 in seconds -------------
LED 2057.961 ; 0.022 ; 28 ;  ;  ; 8
GA  0.000155 ; 0.000022 ; 393.8 ; 0.03 ; 6
EK  0.000001 ; 0.00000014 ; 346.967 ; 0.03 ; 6
EL1 0.000000115 ; 0.000000016 ; 386.064 ; 0.03 ; 6
EL2 0.0000000085 ; 0.0000000012 ; 386.489 ; 0.03 ; 6
EL3 0.0000000095 ; 0.0000000014 ; 387.085 ; 0.03 ; 6
EM  0.0000000285 ; 0.0000000041 ; 392.427 ; 0.03 ; 6
EN  0.0000000074 ; 0.0000000011 ; 393.64 ; 0.03 ; 6
GA  0.0035 ; 0.0001 ; 592.83 ; 0.03 ; 5
EK  0.0000419 ; 0.0000013 ; 545.998 ; 0.029 ; 5
EL1 0.00000532 ; 0.00000017 ; 585.095 ; 0.029 ; 5
EL2 0.000000293 ; 0.000000009 ; 585.52 ; 0.029 ; 5
EL3 0.0000000562 ; 0.0000000018 ; 586.116 ; 0.029 ; 5
EM  0.000001214 ; 0.000000039 ; 591.458 ; 0.029 ; 5
EN  0.000000317 ; 0.00000001 ; 592.671 ; 0.029 ; 5
GA  0.0098 ; 0.0002 ; 896.42 ; 0.03 ; 2
EK  0.0000321 ; 0.000001 ; 849.59 ; 0.033 ; 2
EL1 0.00000398 ; 0.00000013 ; 888.687 ; 0.033 ; 2
EL2 0.000000336 ; 0.00000001 ; 889.112 ; 0.033 ; 2
EL3 0.000000147 ; 0.000000007 ; 889.708 ; 0.033 ; 2
EM  0.000000957 ; 0.000000028 ; 895.05 ; 0.033 ; 2
EN  0.000000249 ; 0.000000008 ; 896.263 ; 0.033 ; 2
GA  0.000056 ; 0.000009 ; 1507.68 ; 0.03 ; 1
EK  0.000000024 ; 0.0000000039 ; 1460.853 ; 0.028 ; 1
EL1 0.00000000287 ; 0.00000000046 ; 1499.95 ; 0.028 ; 1
EL2 0.000000000073 ; 0.000000000012 ; 1500.375 ; 0.028 ; 1
EL3 0.000000000096 ; 0.000000000016 ; 1500.971 ; 0.028 ; 1
EM  0.00000000064 ; 0.0000000001 ; 1506.313 ; 0.028 ; 1
EN  0.000000000167 ; 0.000000000027 ; 1507.526 ; 0.028 ; 1
COM -------------- Level Separator - T1/2 in seconds -------------
LED 1921.58 ; 0.2 ; 7 ;  ;  ; 7
GA  0.000138 ; 0.000014 ; 1371.3 ; 0.2 ; 1
EK  0.000000154 ; 0.000000016 ; 1324.48 ; 0.2 ; 1
EL1 0.0000000189 ; 0.0000000019 ; 1363.57 ; 0.2 ; 1
EL2 0.00000000128 ; 0.00000000013 ; 1364 ; 0.2 ; 1
EL3 0.00000000067 ; 0.00000000007 ; 1364.59 ; 0.2 ; 1
EM  0.00000000444 ; 0.00000000046 ; 1369.94 ; 0.2 ; 1
EN  0.00000000116 ; 0.00000000012 ; 1371.15 ; 0.2 ; 1
COM -------------- Level Separator - T1/2 in seconds -------------
LED 1664.16 ; 0.021 ; 14 ;  ;  ; 6
GA  0.000222 ; 0.000023 ; 1113.88 ; 0.03 ; 1
EK  0.00000053 ; 0.00000006 ; 1067.052 ; 0.027 ; 1
EL1 0.000000066 ; 0.000000007 ; 1106.149 ; 0.027 ; 1
EL2 0.00000000337 ; 0.00000000035 ; 1106.574 ; 0.027 ; 1
EL3 0.00000000106 ; 0.00000000011 ; 1107.17 ; 0.027 ; 1
EM  0.0000000151 ; 0.0000000016 ; 1112.512 ; 0.027 ; 1
EN  0.00000000394 ; 0.00000000041 ; 1113.725 ; 0.027 ; 1
GA  0.000113 ; 0.000011 ; 1664.15 ; 0.03 ; 0
EK  0.000000088 ; 0.000000009 ; 1617.326 ; 0.021 ; 0
EL1 0.0000000107 ; 0.0000000011 ; 1656.423 ; 0.021 ; 0
EL2 0.00000000057 ; 0.00000000006 ; 1656.848 ; 0.021 ; 0
EL3 0.000000000305 ; 0.00000000003 ; 1657.444 ; 0.021 ; 0
EM  0.00000000246 ; 0.00000000024 ; 1662.786 ; 0.021 ; 0
EN  0.00000000064 ; 0.00000000006 ; 1663.999 ; 0.021 ; 0
COM -------------- Level Separator - T1/2 in seconds -------------
LED 1465.129 ; 0.019 ; 21 ;  ;  ; 5
GA  0.000377 ; 0.000045 ; 303.59 ; 0.03 ; 2
EK  0.0000159 ; 0.0000019 ; 256.758 ; 0.031 ; 2
EL1 0.00000178 ; 0.00000021 ; 295.855 ; 0.031 ; 2
EL2 0.00000101 ; 0.00000012 ; 296.28 ; 0.031 ; 2
EL3 0.00000072 ; 0.00000009 ; 296.876 ; 0.031 ; 2
EM  0.00000078 ; 0.00000009 ; 302.218 ; 0.031 ; 2
EN  0.000000198 ; 0.000000024 ; 303.431 ; 0.031 ; 2
GA  0.12 ; 0.005 ; 914.85 ; 0.03 ; 1
EK  0.000126 ; 0.000006 ; 868.021 ; 0.025 ; 1
EL1 0.000015 ; 0.0000007 ; 907.118 ; 0.025 ; 1
EL2 0.000000577 ; 0.000000025 ; 907.543 ; 0.025 ; 1
EL3 0.000000673 ; 0.00000003 ; 908.139 ; 0.025 ; 1
EM  0.00000346 ; 0.00000015 ; 913.481 ; 0.025 ; 1
EN  0.000000898 ; 0.00000004 ; 914.694 ; 0.025 ; 1
GA  0.222 ; 0.005 ; 1465.12 ; 0.03 ; 0
EK  0.0000997 ; 0.0000027 ; 1418.295 ; 0.019 ; 0
EL1 0.00001192 ; 0.00000032 ; 1457.392 ; 0.019 ; 0
EL2 0.000000313 ; 0.000000008 ; 1457.817 ; 0.019 ; 0
EL3 0.000000406 ; 0.000000011 ; 1458.413 ; 0.019 ; 0
EM  0.00000268 ; 0.00000007 ; 1463.755 ; 0.019 ; 0
EN  0.0000007 ; 0.000000019 ; 1464.968 ; 0.019 ; 0
COM -------------- Level Separator - T1/2 in seconds -------------
LED 1454.217 ; 0.023 ; 14 ;  ;  ; 4
GA  0.00042 ; 0.00002 ; 903.94 ; 0.03 ; 1
EK  0.00000121 ; 0.00000006 ; 857.109 ; 0.029 ; 1
EL1 0.000000148 ; 0.000000007 ; 896.206 ; 0.029 ; 1
EL2 0.0000000151 ; 0.0000000008 ; 896.631 ; 0.029 ; 1
EL3 0.00000000739 ; 0.00000000037 ; 897.227 ; 0.029 ; 1
EM  0.0000000366 ; 0.0000000018 ; 902.569 ; 0.029 ; 1
EN  0.0000000095 ; 0.00000000048 ; 903.782 ; 0.029 ; 1
GA  0.000511 ; 0.000025 ; 1454.21 ; 0.03 ; 0
EK  0.000000511 ; 0.000000026 ; 1407.383 ; 0.023 ; 0
EL1 0.0000000624 ; 0.0000000032 ; 1446.48 ; 0.023 ; 0
EL2 0.00000000394 ; 0.0000000002 ; 1446.905 ; 0.023 ; 0
EL3 0.00000000205 ; 0.00000000011 ; 1447.501 ; 0.023 ; 0
EM  0.0000000146 ; 0.0000000007 ; 1452.843 ; 0.023 ; 0
EN  0.00000000379 ; 0.00000000019 ; 1454.056 ; 0.023 ; 0
COM -------------- Level Separator - T1/2 in seconds -------------
LED 1424.46 ; 0.04 ; 7 ;  ;  ; 3
GA  0.0024 ; 0.0001 ; 874.18 ; 0.03 ; 1
EK  0.00000672 ; 0.0000003 ; 827.352 ; 0.043 ; 1
EL1 0.000000818 ; 0.000000036 ; 866.449 ; 0.043 ; 1
EL2 0.0000001025 ; 0.0000000045 ; 866.874 ; 0.043 ; 1
EL3 0.0000000538 ; 0.0000000024 ; 867.47 ; 0.043 ; 1
EM  0.00000021 ; 0.000000009 ; 872.812 ; 0.043 ; 1
EN  0.0000000543 ; 0.0000000024 ; 874.025 ; 0.043 ; 1
COM -------------- Level Separator - T1/2 in seconds -------------
LED 1161.537 ; 0.024 ; 7 ;  ;  ; 2
GA  0.0104 ; 0.0004 ; 611.26 ; 0.03 ; 1
EK  0.0000249 ; 0.0000011 ; 564.429 ; 0.029 ; 1
EL1 0.00000294 ; 0.00000013 ; 603.526 ; 0.029 ; 1
EL2 0.000000157 ; 0.000000007 ; 603.951 ; 0.029 ; 1
EL3 0.000000174 ; 0.000000007 ; 604.547 ; 0.029 ; 1
EM  0.000000697 ; 0.00000003 ; 609.889 ; 0.029 ; 1
EN  0.00000018 ; 0.000000008 ; 611.102 ; 0.029 ; 1
COM -------------- Level Separator - T1/2 in seconds -------------
LED 550.274 ; 0.017 ; 7 ;  ;  ; 1
GA  0.225 ; 0.006 ; 550.27 ; 0.03 ; 0
EK  0.00186 ; 0.00006 ; 503.44 ; 0.017 ; 0
EL1 0.000221 ; 0.000007 ; 542.537 ; 0.017 ; 0
EL2 0.0000536 ; 0.0000017 ; 542.962 ; 0.017 ; 0
EL3 0.0000313 ; 0.0000009 ; 543.558 ; 0.017 ; 0
EM  0.0000666 ; 0.0000021 ; 548.9 ; 0.017 ; 0
EN  0.0000171 ; 0.0000005 ; 550.113 ; 0.017 ; 0
