PAR PM148M
AZP 148 ; 61
NDA 2
COM ***************** Evaluation Date: 05/06/2013 ****************
COM ===================== Daughter Separator =====================
DAU PM148
DDE 0.056 ; 0.005 ; 2 ; 1
Q   137 ; 3
MS  0 ; 0 ; 2 ; 0 ; 0 ; 0
COM ---------------------- Branch Separator ----------------------
COM ---------------------- Branch Separator ----------------------
COM ---------------------- Branch Separator ----------------------
COM -------------- Level Separator - T1/2 in seconds -------------
LED 137.1 ; 3 ; 7 ; 3.567E6 ; 1.1000E4 ; 2
GA  0.000004 ; 0.0000017 ; 61.3 ; 0.05 ; 1
EK  0.00012 ; 0.00005 ; 16.12 ; 0.05 ; 1
EL1 0.00024 ; 0.00014 ; 53.87 ; 0.05 ; 1
EL2 0.019 ; 0.011 ; 54.29 ; 0.05 ; 1
EL3 0.02 ; 0.012 ; 54.84 ; 0.05 ; 1
EM  0.012 ; 0.007 ; 59.99 ; 0.05 ; 1
EN  0.0027 ; 0.0017 ; 61.15 ; 0.05 ; 1
COM -------------- Level Separator - T1/2 in seconds -------------
LED 75.8 ;   ; 7 ;  ;  ; 1
GA  0.0127 ; 0.002 ; 75.8 ; 0.1 ; 0
EK  0.037 ; 0.008 ; 30.62 ; 0.1 ; 0
EL1 0.0047 ; 0.001 ; 68.37 ; 0.1 ; 0
EL2 0.00039 ; 0.00008 ; 68.79 ; 0.1 ; 0
EL3 0.000075 ; 0.000016 ; 69.34 ; 0.1 ; 0
EM  0.00112 ; 0.00022 ; 74.49 ; 0.1 ; 0
EN  0.00029 ; 0.00006 ; 75.65 ; 0.1 ; 0
COM ===================== Daughter Separator =====================
DAU SM148
DDE 0.944 ; 0.005 ; 9 ; 4
Q   2608 ; 6
COM ---------------------- Branch Separator ----------------------
BEM 0.54 ; 0.009 ; 9 ; 414 ; 6 ; 0
COM ---------------------- Branch Separator ----------------------
BEM 0.181 ; 0.009 ; 8 ; 513 ; 6 ; 0
COM ---------------------- Branch Separator ----------------------
BEM 0.218 ; 0.007 ; 7 ; 702 ; 6 ; 0
COM ---------------------- Branch Separator ----------------------
COM ---------------------- Branch Separator ----------------------
COM ---------------------- Branch Separator ----------------------
BEM 0.0093 ; 0.0045 ; 4 ; 1014 ; 6 ; 0
COM ---------------------- Branch Separator ----------------------
COM ---------------------- Branch Separator ----------------------
COM ---------------------- Branch Separator ----------------------
COM ---------------------- Branch Separator ----------------------
COM -------------- Level Separator - T1/2 in seconds -------------
LED 2194.05 ; 0.04 ; 42 ;  ;  ; 9
GA  0.0292 ; 0.0026 ; 98.48 ; 0.03 ; 8
EK  0.0434 ; 0.0039 ; 51.65 ; 0.06 ; 8
EL1 0.0056 ; 0.0005 ; 90.74 ; 0.06 ; 8
EL2 0.00082 ; 0.00007 ; 91.17 ; 0.06 ; 8
EL3 0.000481 ; 0.000043 ; 91.76 ; 0.06 ; 8
EM  0.00149 ; 0.00013 ; 97.11 ; 0.06 ; 8
EN  0.000386 ; 0.000035 ; 98.32 ; 0.06 ; 8
GA  0.12 ; 0.004 ; 288.11 ; 0.03 ; 7
EK  0.00916 ; 0.00033 ; 241.28 ; 0.06 ; 7
EL1 0.001175 ; 0.000043 ; 280.37 ; 0.06 ; 7
EL2 0.0000826 ; 0.0000033 ; 280.8 ; 0.06 ; 7
EL3 0.0000166 ; 0.0000013 ; 281.39 ; 0.06 ; 7
EM  0.000274 ; 0.00001 ; 286.74 ; 0.06 ; 7
EN  0.0000712 ; 0.0000026 ; 287.95 ; 0.06 ; 7
GA  0.0013 ; 0.0004 ; 299.1 ; 0.2 ; 6
EK  0.000057 ; 0.000018 ; 252.29 ; 0.13 ; 6
EL1 0.0000064 ; 0.000002 ; 291.38 ; 0.13 ; 6
EL2 0.0000037 ; 0.0000011 ; 291.81 ; 0.13 ; 6
EL3 0.0000027 ; 0.0000008 ; 292.4 ; 0.13 ; 6
EM  0.0000028 ; 0.0000009 ; 297.75 ; 0.13 ; 6
EN  0.00000072 ; 0.00000022 ; 298.96 ; 0.13 ; 6
GA  0.004 ; 0.0001 ; 460.57 ; 0.03 ; 5
EK  0.0000522 ; 0.0000015 ; 413.74 ; 0.06 ; 5
EL1 0.00000614 ; 0.00000018 ; 452.83 ; 0.06 ; 5
EL2 0.00000192 ; 0.00000006 ; 453.26 ; 0.06 ; 5
EL3 0.000001184 ; 0.000000036 ; 453.85 ; 0.06 ; 5
EM  0.00000203 ; 0.00000006 ; 459.2 ; 0.06 ; 5
EN  0.000000519 ; 0.000000015 ; 460.41 ; 0.06 ; 5
GA  0.1235 ; 0.0022 ; 599.74 ; 0.03 ; 4
EK  0.000308 ; 0.000007 ; 552.91 ; 0.06 ; 4
EL1 0.0000363 ; 0.0000009 ; 592 ; 0.06 ; 4
EL2 0.00000196 ; 0.00000006 ; 592.43 ; 0.06 ; 4
EL3 0.00000217 ; 0.00000005 ; 593.02 ; 0.06 ; 4
EM  0.0000086 ; 0.00000021 ; 598.37 ; 0.06 ; 4
EN  0.00000223 ; 0.00000006 ; 599.58 ; 0.06 ; 4
GA  0.198 ; 0.004 ; 1013.81 ; 0.03 ; 3
EK  0.000408 ; 0.000011 ; 966.98 ; 0.06 ; 3
EL1 0.0000497 ; 0.0000013 ; 1006.07 ; 0.06 ; 3
EL2 0.00000505 ; 0.00000013 ; 1006.5 ; 0.06 ; 3
EL3 0.00000261 ; 0.00000006 ; 1007.09 ; 0.06 ; 3
EM  0.00001232 ; 0.00000032 ; 1012.44 ; 0.06 ; 3
EN  0.00000319 ; 0.00000008 ; 1013.65 ; 0.06 ; 3
COM -------------- Level Separator - T1/2 in seconds -------------
LED 2095.57 ; 0.04 ; 28 ;  ;  ; 8
GA  0.0115 ; 0.0006 ; 189.63 ; 0.03 ; 7
EK  0.00203 ; 0.00011 ; 142.8 ; 0.06 ; 7
EL1 0.000209 ; 0.000011 ; 181.89 ; 0.06 ; 7
EL2 0.000238 ; 0.000013 ; 182.32 ; 0.06 ; 7
EL3 0.000204 ; 0.000011 ; 182.91 ; 0.06 ; 7
EM  0.000148 ; 0.000008 ; 188.26 ; 0.06 ; 7
EN  0.000037 ; 0.000002 ; 189.47 ; 0.06 ; 7
GA  0.00171 ; 0.00013 ; 362.09 ; 0.03 ; 5
EK  0.0000433 ; 0.0000034 ; 315.26 ; 0.06 ; 5
EL1 0.00000496 ; 0.00000038 ; 354.35 ; 0.06 ; 5
EL2 0.00000218 ; 0.00000017 ; 354.78 ; 0.06 ; 5
EL3 0.00000147 ; 0.00000011 ; 355.37 ; 0.06 ; 5
EM  0.0000019 ; 0.00000015 ; 360.72 ; 0.06 ; 5
EN  0.000000485 ; 0.000000038 ; 361.93 ; 0.06 ; 5
GA  0.0659 ; 0.0011 ; 501.26 ; 0.03 ; 4
EK  0.000243 ; 0.000006 ; 454.43 ; 0.06 ; 4
EL1 0.0000285 ; 0.0000007 ; 493.52 ; 0.06 ; 4
EL2 0.00000176 ; 0.000000049 ; 493.95 ; 0.06 ; 4
EL3 0.000001957 ; 0.000000046 ; 494.54 ; 0.06 ; 4
EM  0.00000687 ; 0.00000017 ; 499.89 ; 0.06 ; 4
EN  0.000001779 ; 0.000000048 ; 501.1 ; 0.06 ; 4
GA  0.179 ; 0.005 ; 915.33 ; 0.03 ; 3
EK  0.000455 ; 0.000015 ; 868.5 ; 0.06 ; 3
EL1 0.0000553 ; 0.0000018 ; 907.59 ; 0.06 ; 3
EL2 0.0000065 ; 0.0000002 ; 908.02 ; 0.06 ; 3
EL3 0.00000338 ; 0.00000011 ; 908.61 ; 0.06 ; 3
EM  0.00001402 ; 0.00000044 ; 913.96 ; 0.06 ; 3
EN  0.00000363 ; 0.00000011 ; 915.17 ; 0.06 ; 3
COM -------------- Level Separator - T1/2 in seconds -------------
LED 1905.94 ; 0.05 ; 14 ;  ;  ; 7
GA  0.0377 ; 0.0011 ; 311.63 ; 0.03 ; 4
EK  0.00043 ; 0.000014 ; 264.8 ; 0.06 ; 4
EL1 0.0000492 ; 0.0000016 ; 303.89 ; 0.06 ; 4
EL2 0.00000427 ; 0.00000014 ; 304.32 ; 0.06 ; 4
EL3 0.00000485 ; 0.00000016 ; 304.91 ; 0.06 ; 4
EM  0.00001244 ; 0.00000041 ; 310.26 ; 0.06 ; 4
EN  0.00000321 ; 0.00000011 ; 311.47 ; 0.06 ; 4
GA  0.323 ; 0.006 ; 725.7 ; 0.03 ; 3
EK  0.00137 ; 0.000032 ; 678.87 ; 0.06 ; 3
EL1 0.0001657 ; 0.000004 ; 717.96 ; 0.06 ; 3
EL2 0.000027 ; 0.0000006 ; 718.39 ; 0.06 ; 3
EL3 0.00001466 ; 0.00000035 ; 718.98 ; 0.06 ; 3
EM  0.0000449 ; 0.0000011 ; 724.33 ; 0.06 ; 3
EN  0.00001159 ; 0.00000028 ; 725.54 ; 0.06 ; 3
COM -------------- Level Separator - T1/2 in seconds -------------
LED 1894.93 ; 0.12 ; 14 ;  ;  ; 6
GA  0.00045 ; 0.00005 ; 714.7 ; 0.2 ; 3
EK  0.0000027 ; 0.0000008 ; 667.86 ; 0.13 ; 3
EL1 0.00000033 ; 0.00000011 ; 706.95 ; 0.13 ; 3
EL2 0.000000031 ; 0.00000001 ; 707.38 ; 0.13 ; 3
EL3 0.000000013 ; 0.000000009 ; 707.97 ; 0.13 ; 3
EM  0.000000081 ; 0.00000002 ; 713.32 ; 0.13 ; 3
EN  0.000000021 ; 0.000000005 ; 714.53 ; 0.13 ; 3
GA  0.00057 ; 0.00005 ; 1344.6 ; 0.2 ; 1
EK  0.00000066 ; 0.00000006 ; 1297.83 ; 0.12 ; 1
EL1 0.000000081 ; 0.000000007 ; 1336.92 ; 0.12 ; 1
EL2 0.0000000056 ; 0.0000000005 ; 1337.35 ; 0.12 ; 1
EL3 0.00000000292 ; 0.00000000026 ; 1337.94 ; 0.12 ; 1
EM  0.0000000191 ; 0.0000000017 ; 1343.29 ; 0.12 ; 1
EN  0.00000000497 ; 0.00000000044 ; 1344.5 ; 0.12 ; 1
COM -------------- Level Separator - T1/2 in seconds -------------
LED 1733.48 ; 0.04 ; 14 ;  ;  ; 5
GA  0.0035 ; 0.0004 ; 553.24 ; 0.03 ; 3
EK  0.0000343 ; 0.0000042 ; 506.41 ; 0.06 ; 3
EL1 0.0000042 ; 0.0000005 ; 545.5 ; 0.06 ; 3
EL2 0.00000069 ; 0.00000008 ; 545.93 ; 0.06 ; 3
EL3 0.000000368 ; 0.000000049 ; 546.52 ; 0.06 ; 3
EM  0.00000113 ; 0.00000013 ; 551.87 ; 0.06 ; 3
EN  0.000000293 ; 0.000000034 ; 553.08 ; 0.06 ; 3
GA  0.00211 ; 0.00007 ; 571.95 ; 0.03 ; 2
EK  0.00000578 ; 0.00000021 ; 525.12 ; 0.06 ; 2
EL1 0.000000682 ; 0.000000025 ; 564.21 ; 0.06 ; 2
EL2 0.000000038 ; 0.0000000014 ; 564.64 ; 0.06 ; 2
EL3 0.0000000426 ; 0.0000000015 ; 565.23 ; 0.06 ; 2
EM  0.000000162 ; 0.000000006 ; 570.58 ; 0.06 ; 2
EN  0.0000000421 ; 0.0000000015 ; 571.79 ; 0.06 ; 2
COM -------------- Level Separator - T1/2 in seconds -------------
LED 1594.31 ; 0.04 ; 14 ;  ;  ; 4
GA  0.1835 ; 0.0033 ; 414.07 ; 0.03 ; 3
EK  0.00105 ; 0.000025 ; 367.24 ; 0.06 ; 3
EL1 0.0001222 ; 0.000003 ; 406.33 ; 0.06 ; 3
EL2 0.00000868 ; 0.00000023 ; 406.76 ; 0.06 ; 3
EL3 0.00000969 ; 0.00000023 ; 407.35 ; 0.06 ; 3
EM  0.0000299 ; 0.0000008 ; 412.7 ; 0.06 ; 3
EN  0.00000775 ; 0.00000019 ; 413.91 ; 0.06 ; 3
GA  0.0519 ; 0.0013 ; 432.78 ; 0.03 ; 2
EK  0.000801 ; 0.000023 ; 385.95 ; 0.06 ; 2
EL1 0.0000934 ; 0.0000028 ; 425.04 ; 0.06 ; 2
EL2 0.000032 ; 0.0000009 ; 425.47 ; 0.06 ; 2
EL3 0.0000202 ; 0.0000006 ; 426.06 ; 0.06 ; 2
EM  0.000032 ; 0.0000009 ; 431.41 ; 0.06 ; 2
EN  0.00000819 ; 0.00000024 ; 432.62 ; 0.06 ; 2
COM -------------- Level Separator - T1/2 in seconds -------------
LED 1180.24 ; 0.04 ; 7 ;  ;  ; 3
GA  0.878 ; 0.014 ; 629.97 ; 0.03 ; 1
EK  0.00519 ; 0.00011 ; 583.14 ; 0.05 ; 1
EL1 0.000624 ; 0.000013 ; 622.23 ; 0.05 ; 1
EL2 0.0001245 ; 0.0000027 ; 622.66 ; 0.05 ; 1
EL3 0.0000699 ; 0.0000015 ; 623.25 ; 0.05 ; 1
EM  0.0001774 ; 0.0000039 ; 628.6 ; 0.05 ; 1
EN  0.0000458 ; 0.000001 ; 629.81 ; 0.05 ; 1
COM -------------- Level Separator - T1/2 in seconds -------------
LED 1161.53 ; 0.04 ; 7 ;  ;  ; 2
GA  0.056 ; 0.002 ; 611.26 ; 0.03 ; 1
EK  0.000133 ; 0.000005 ; 564.43 ; 0.05 ; 1
EL1 0.0000157 ; 0.0000006 ; 603.52 ; 0.05 ; 1
EL2 0.000000832 ; 0.000000032 ; 603.95 ; 0.05 ; 1
EL3 0.000000934 ; 0.000000036 ; 604.54 ; 0.05 ; 1
EM  0.00000371 ; 0.00000014 ; 609.89 ; 0.05 ; 1
EN  0.000000964 ; 0.000000037 ; 611.1 ; 0.05 ; 1
COM -------------- Level Separator - T1/2 in seconds -------------
LED 550.27 ; 0.03 ; 7 ;  ;  ; 1
GA  0.935 ; 0.014 ; 550.27 ; 0.03 ; 0
EK  0.00771 ; 0.00016 ; 503.436 ; 0.03 ; 0
EL1 0.000919 ; 0.000019 ; 542.533 ; 0.03 ; 0
EL2 0.000223 ; 0.000005 ; 542.958 ; 0.03 ; 0
EL3 0.0001299 ; 0.0000027 ; 543.554 ; 0.03 ; 0
EM  0.000277 ; 0.000006 ; 548.896 ; 0.03 ; 0
EN  0.0000712 ; 0.0000015 ; 550.109 ; 0.03 ; 0
