PAR PU239
AZP 239 ; 94
NDA 1
COM ***************** Evaluation Date: 18/01/2007 ****************
COM ===================== Daughter Separator =====================
DAU U235
DDE 1 ;  ; 53 ; 53
Q   5244.51 ; 0.21
COM ---------------------- Branch Separator ----------------------
ALP 0.00000000021 ; 0.00000000005 ; 53 ; 4059.1 ; 0.3 ; 0
COM ---------------------- Branch Separator ----------------------
ALP 0.00000000093 ; 0.00000000009 ; 52 ; 4116.78 ; 0.25 ; 0
COM ---------------------- Branch Separator ----------------------
ALP 0.000000002 ; 0.0000000003 ; 51 ; 4180.6 ; 0.3 ; 0
COM ---------------------- Branch Separator ----------------------
ALP 0.00000000077 ; 0.00000000007 ; 50 ; 4186.53 ; 0.27 ; 0
COM ---------------------- Branch Separator ----------------------
ALP 0.00000000041 ; 0.00000000004 ; 49 ; 4202.4 ; 0.3 ; 0
COM ---------------------- Branch Separator ----------------------
ALP 0.00000000061 ; 0.00000000015 ; 48 ; 4204.42 ; 0.21 ; 0
COM ---------------------- Branch Separator ----------------------
ALP 0.00000000199 ; 0.00000000012 ; 47 ; 4279.7 ; 0.26 ; 0
COM ---------------------- Branch Separator ----------------------
ALP 0.00000000098 ; 0.00000000013 ; 46 ; 4305.79 ; 0.28 ; 0
COM ---------------------- Branch Separator ----------------------
ALP 0.00000000042 ; 0 ; 45 ; 4325.5 ; 1 ; 0
COM ---------------------- Branch Separator ----------------------
ALP 0.00000000228 ; 0.00000000012 ; 44 ; 4326.92 ; 0.21 ; 0
COM ---------------------- Branch Separator ----------------------
ALP 0.000000003 ; 0.0000000003 ; 43 ; 4349.15 ; 0.21 ; 0
COM ---------------------- Branch Separator ----------------------
ALP 0.00000000084 ; 0.00000000014 ; 42 ; 4364.42 ; 0.22 ; 0
COM ---------------------- Branch Separator ----------------------
ALP 0.0000000101 ; 0.0000000011 ; 41 ; 4390.2 ; 0.21 ; 0
COM ---------------------- Branch Separator ----------------------
ALP 0.00000000247 ; 0.00000000019 ; 40 ; 4392.08 ; 0.28 ; 0
COM ---------------------- Branch Separator ----------------------
ALP 0.000000103 ; 0.000000012 ; 39 ; 4400 ; 0.4 ; 0
COM ---------------------- Branch Separator ----------------------
ALP 0.00000027 ; 0.00000003 ; 38 ; 4400.26 ; 0.21 ; 0
COM ---------------------- Branch Separator ----------------------
ALP 0.00000000103 ; 0.00000000017 ; 37 ; 4408.36 ; 0.22 ; 0
COM ---------------------- Branch Separator ----------------------
ALP 0.0000000034 ; 0.0000000004 ; 36 ; 4419.14 ; 0.26 ; 0
COM ---------------------- Branch Separator ----------------------
ALP 0.0000000213 ; 0.0000000009 ; 35 ; 4448.46 ; 0.21 ; 0
COM ---------------------- Branch Separator ----------------------
ALP 0.000000114 ; 0.000000003 ; 34 ; 4464.68 ; 0.21 ; 0
COM ---------------------- Branch Separator ----------------------
ALP 0.0000000707 ; 0.0000000013 ; 33 ; 4467.37 ; 0.21 ; 0
COM ---------------------- Branch Separator ----------------------
ALP 0.00000000034 ; 0 ; 32 ; 4496.9 ; 0.21 ; 0
COM ---------------------- Branch Separator ----------------------
ALP 0.0000000631 ; 0.0000000011 ; 31 ; 4503.24 ; 0.21 ; 0
COM ---------------------- Branch Separator ----------------------
ALP 0.000000264 ; 0.000000006 ; 30 ; 4508.72 ; 0.21 ; 0
COM ---------------------- Branch Separator ----------------------
ALP 0.0000000322 ; 0.0000000021 ; 29 ; 4529.52 ; 0.22 ; 0
COM ---------------------- Branch Separator ----------------------
ALP 0.0000000284 ; 0.0000000007 ; 28 ; 4534.08 ; 0.22 ; 0
COM ---------------------- Branch Separator ----------------------
ALP 0.00000012 ; 0.00000004 ; 27 ; 4558.75 ; 0.22 ; 0
COM ---------------------- Branch Separator ----------------------
ALP 0.0000086 ; 0.0000003 ; 26 ; 4632.35 ; 0.21 ; 0
COM ---------------------- Branch Separator ----------------------
ALP 0.000000033 ; 0.000000007 ; 25 ; 4655.27 ; 0.27 ; 0
COM ---------------------- Branch Separator ----------------------
ALP 0.0000056 ; 0.0000005 ; 24 ; 4690.29 ; 0.21 ; 0
COM ---------------------- Branch Separator ----------------------
ALP 0.0000004 ; 0.000000011 ; 23 ; 4718.39 ; 0.21 ; 0
COM ---------------------- Branch Separator ----------------------
ALP 0.000057 ; 0.0000005 ; 22 ; 4737.05 ; 0.21 ; 0
COM ---------------------- Branch Separator ----------------------
ALP 0.0000075 ; 0.0000011 ; 21 ; 4748.81 ; 0.21 ; 0
COM ---------------------- Branch Separator ----------------------
ALP 0.0000125 ; 0.0000003 ; 20 ; 4770.01 ; 0.21 ; 0
COM ---------------------- Branch Separator ----------------------
ALP 0.00000944 ; 0.00000017 ; 19 ; 4795.73 ; 0.21 ; 0
COM ---------------------- Branch Separator ----------------------
ALP 0.00000017 ; 0.00000004 ; 18 ; 4805.33 ; 0.22 ; 0
COM ---------------------- Branch Separator ----------------------
ALP 0.00000022 ; 0 ; 17 ; 4823.8 ; 0.22 ; 0
COM ---------------------- Branch Separator ----------------------
ALP 0.0000354 ; 0.0000007 ; 16 ; 4829.38 ; 0.21 ; 0
COM ---------------------- Branch Separator ----------------------
ALP 0.000018 ; 0.000005 ; 15 ; 4866.91 ; 0.21 ; 0
COM ---------------------- Branch Separator ----------------------
ALP 0.000007 ; 0.000003 ; 14 ; 4870.38 ; 0.21 ; 0
COM ---------------------- Branch Separator ----------------------
ALP 0.00003 ; 0.000016 ; 13 ; 4911.69 ; 0.21 ; 0
COM ---------------------- Branch Separator ----------------------
ALP 0.00005 ; 0.000007 ; 12 ; 4935 ; 0.21 ; 0
COM ---------------------- Branch Separator ----------------------
ALP 0.00007 ; 0.00001 ; 11 ; 4962.83 ; 0.21 ; 0
COM ---------------------- Branch Separator ----------------------
ALP 0.000034 ; 0.00001 ; 10 ; 4988.13 ; 0.21 ; 0
COM ---------------------- Branch Separator ----------------------
COM ---------------------- Branch Separator ----------------------
ALP 0.000182 ; 0.000027 ; 8 ; 5008.7 ; 0.21 ; 0
COM ---------------------- Branch Separator ----------------------
ALP 0.00013 ; 0.00004 ; 7 ; 5029.51 ; 0.21 ; 0
COM ---------------------- Branch Separator ----------------------
ALP 0.000375 ; 0.000012 ; 6 ; 5055.34 ; 0.21 ; 0
COM ---------------------- Branch Separator ----------------------
ALP 0.00052 ; 0.00008 ; 5 ; 5076.28 ; 0.21 ; 0
COM ---------------------- Branch Separator ----------------------
ALP 0.1187 ; 0.0003 ; 4 ; 5105.81 ; 0.21 ; 0
COM ---------------------- Branch Separator ----------------------
ALP 0.0002 ; 0 ; 3 ; 5111.21 ; 0.21 ; 0
COM ---------------------- Branch Separator ----------------------
ALP 0.1714 ; 0.0004 ; 2 ; 5143.82 ; 0.21 ; 0
COM ---------------------- Branch Separator ----------------------
ALP 0.7079 ; 0.001 ; 1 ; 5156.59 ; 0.14 ; 0
COM ---------------------- Branch Separator ----------------------
ALP 0.0003 ; 0 ; 0 ; 5156.65 ; 0.21 ; 0
COM -------------- Level Separator - T1/2 in seconds -------------
LED 1116.2 ; 0.2 ; 4 ;  ;  ; 53
GA  0.00000000021 ; 0.00000000005 ; 986.9 ; 0.04 ; 7
EK  0.00000000000066 ; 0.00000000000016 ; 871.298 ; 0.04 ; 7
EL  0.000000000000111 ; 0.000000000000027 ; 966.942 ; 0.04 ; 7
EM  0.000000000000026 ; 0.000000000000006 ; 982.438 ; 0.04 ; 7
COM -------------- Level Separator - T1/2 in seconds -------------
LED 1057.58 ; 0.13 ; 3 ;  ;  ; 52
GA  0.0000000003 ; 0.00000000004 ; 832.2 ; 0.2 ; 12
GA  0.000000000177 ; 0.000000000025 ; 1005.7 ; 0.3 ; 4
GA  0.00000000045 ; 0.00000000007 ; 1057.3 ; 0.2 ; 0
COM -------------- Level Separator - T1/2 in seconds -------------
LED 992.72 ; 0.22 ; 7 ;  ;  ; 51
GA  0.0000000014 ; 0.0000000003 ; 767.29 ; 0.04 ; 12
GA  0.00000000006 ;  ; 821.3 ; 0.2 ; 10
GA  0.00000000028 ; 0.00000000005 ; 979.7 ; 0.3 ; 2
EK  0.0000000000059 ; 0.0000000000035 ; 864.1 ; 0.3 ; 2
EL  0.0000000000012 ; 0.0000000000006 ; 959.74 ; 0.3 ; 2
EM  0.00000000000028 ; 0.00000000000015 ; 975.24 ; 0.3 ; 2
GA  0.00000000027 ; 0.00000000004 ; 992.64 ; 0.03 ; 1
COM -------------- Level Separator - T1/2 in seconds -------------
LED 986.65 ; 0.17 ; 8 ;  ;  ; 50
GA  0.00000000025 ; 0.00000000004 ; 816 ; 0.2 ; 9
EK  0.000000000008 ; 0.000000000005 ; 700.4 ; 0.2 ; 9
EL  0.0000000000017 ; 0.0000000000008 ; 796.04 ; 0.2 ; 9
EM  0.0000000000004 ; 0.00000000000021 ; 811.54 ; 0.2 ; 9
GA  0.0000000005 ; 0.00000000005 ; 940.3 ; 0.3 ; 3
EK  0.00000000000466 ; 0.00000000000048 ; 824.7 ; 0.3 ; 3
EL  0.00000000000118 ; 0.00000000000012 ; 920.34 ; 0.3 ; 3
EM  0.000000000000296 ; 0.00000000000003 ; 935.84 ; 0.3 ; 3
COM -------------- Level Separator - T1/2 in seconds -------------
LED 970.52 ; 0.22 ; 2 ;  ;  ; 49
GA  0.000000000088 ; 0.00000000003 ; 918.7 ; 0.3 ; 4
GA  0.00000000032 ; 0.00000000003 ; 957.6 ; 0.3 ; 2
COM -------------- Level Separator - T1/2 in seconds -------------
LED 968.451 ; 0.02 ; 8 ;  ;  ; 48
GA  0.00000000031 ; 0.00000000003 ; 955.41 ; 0.02 ; 2
EK  0.000000000009 ; 0.0000000000013 ; 839.808 ; 0.02 ; 2
EL  0.0000000000017 ; 0.00000000000025 ; 935.452 ; 0.02 ; 2
EM  0.00000000000041 ; 0.00000000000006 ; 950.948 ; 0.02 ; 2
GA  0.00000000028 ;  ; 968.37 ; 0.02 ; 1
EK  0.00000000000078 ; 0.00000000000042 ; 852.768 ; 0.02 ; 1
EL  0.0000000000015 ; 0.0000000000008 ; 948.412 ; 0.02 ; 1
EM  0.00000000000036 ; 0.0000000000002 ; 963.908 ; 0.02 ; 1
COM -------------- Level Separator - T1/2 in seconds -------------
LED 891.89 ; 0.15 ; 11 ;  ;  ; 47
GA  0.0000000002 ; 0.00000000002 ; 720.55 ; 0.03 ; 10
GA  0.0000000001 ;  ; 762.6 ; 0.2 ; 7
GA  0.00000000049 ; 0.00000000005 ; 840.4 ; 0.2 ; 4
GA  0.00000000036 ; 0.00000000004 ; 879.2 ; 0.3 ; 2
EK  0.00000000001 ; 0.000000000006 ; 763.6 ; 0.3 ; 2
EL  0.0000000000022 ; 0.0000000000011 ; 859.24 ; 0.3 ; 2
EM  0.0000000000005 ; 0.00000000000026 ; 874.74 ; 0.3 ; 2
GA  0.00000000075 ; 0.00000000008 ; 891 ; 0.3 ; 1
EK  0.0000000000077 ; 0.0000000000008 ; 775.4 ; 0.3 ; 1
EL  0.00000000000202 ; 0.00000000000022 ; 871.04 ; 0.3 ; 1
EM  0.00000000000051 ; 0.00000000000006 ; 886.54 ; 0.3 ; 1
COM -------------- Level Separator - T1/2 in seconds -------------
LED 865.35 ; 0.18 ; 12 ;  ;  ; 46
GA  0.00000000019 ; 0.00000000007 ; 693.81 ; 0.01 ; 10
EK  0.000000000003 ; 0.0000000000011 ; 578.208 ; 0.01 ; 10
EL  0.00000000000098 ; 0.00000000000036 ; 673.852 ; 0.01 ; 10
EM  0.00000000000025 ; 0.00000000000009 ; 689.348 ; 0.01 ; 10
GA  0.0000000003 ; 0.00000000009 ; 736.5 ; 0.5 ; 7
EK  0.0000000000112 ; 0.0000000000034 ; 620.9 ; 0.5 ; 7
EL  0.0000000000024 ; 0.0000000000007 ; 716.5 ; 0.5 ; 7
EM  0.00000000000059 ; 0.00000000000018 ; 732 ; 0.5 ; 7
GA  0.00000000045 ; 0.00000000005 ; 813.7 ; 0.2 ; 4
EK  0.0000000000244 ; 0.0000000000028 ; 698.1 ; 0.2 ; 4
EL  0.0000000000046 ; 0.0000000000005 ; 793.74 ; 0.2 ; 4
EM  0.00000000000111 ; 0.00000000000013 ; 809.24 ; 0.2 ; 4
COM -------------- Level Separator - T1/2 in seconds -------------
LED 845.3 ; 1 ; 1 ;  ;  ; 45
GA  0.00000000022 ;  ; 763.6 ; 0.15 ; 5
COM -------------- Level Separator - T1/2 in seconds -------------
LED 843.858 ; 0.01 ; 5 ;  ;  ; 44
GA  0.00000000079 ; 0.00000000008 ; 714.71 ; 0.14 ; 7
EK  0.0000000000119 ; 0.0000000000012 ; 599.11 ; 0.14 ; 7
EL  0.00000000000377 ; 0.00000000000039 ; 694.75 ; 0.14 ; 7
EM  0.00000000000097 ; 0.0000000000001 ; 710.25 ; 0.14 ; 7
GA  0.00000000135 ; 0.00000000008 ; 843.78 ; 0.01 ; 1
COM -------------- Level Separator - T1/2 in seconds -------------
LED 821.25 ; 0.04 ; 11 ;  ;  ; 43
GA  0.00000000039 ; 0.00000000012 ; 596 ; 0.5 ; 12
EK  0.0000000000082 ; 0.0000000000025 ; 480.4 ; 0.5 ; 12
EL  0.0000000000031 ; 0.000000000001 ; 576 ; 0.5 ; 12
EM  0.0000000000008 ; 0.00000000000025 ; 591.5 ; 0.5 ; 12
GA  0.00000000009 ; 0.00000000003 ; 670.8 ; 0.5 ; 8
GA   ;  ; 769.54 ; 0.04 ; 4
GA  0.00000000122 ; 0.00000000006 ; 808.21 ; 0.04 ; 2
EK  0.0000000000673 ; 0.0000000000036 ; 692.608 ; 0.04 ; 2
EL  0.0000000000127 ; 0.0000000000007 ; 788.252 ; 0.04 ; 2
EM  0.00000000000306 ; 0.00000000000016 ; 803.748 ; 0.04 ; 2
GA  0.0000000005 ; 0.00000000011 ; 821.25 ; 0.04 ; 0
COM -------------- Level Separator - T1/2 in seconds -------------
LED 805.72 ; 0.06 ; 16 ;  ;  ; 42
GA  0.00000000003 ;  ; 172.56 ; 0.008 ; 28
EK  0.0000000001119 ; 0.0000000000024 ; 56.958 ; 0.008 ; 28
EL  0.00000000002184 ; 0.00000000000045 ; 152.602 ; 0.008 ; 28
EM  0.00000000000528 ; 0.00000000000012 ; 168.098 ; 0.008 ; 28
GA  0.00000000018 ;  ; 412.49 ; 0.06 ; 20
EK  0.00000000000288 ; 0.00000000000005 ; 296.89 ; 0.06 ; 20
EL  0.000000000000533 ; 0.000000000000011 ; 392.53 ; 0.06 ; 20
EM  1.276E-13 ; 2.5E-15 ; 408.03 ; 0.06 ; 20
GA  0.0000000002 ; 0.00000000004 ; 792.68 ; 0.06 ; 2
EK  0.00000000000092 ; 0.00000000000019 ; 677.08 ; 0.06 ; 2
EL  0.000000000000158 ; 0.000000000000032 ; 772.72 ; 0.06 ; 2
EM  0.000000000000038 ; 0.000000000000008 ; 788.22 ; 0.06 ; 2
GA  0.00000000028 ; 0.00000000004 ; 805.65 ; 0.06 ; 1
EK  0.00000000000342 ; 0.00000000000049 ; 690.05 ; 0.06 ; 1
EL  0.00000000000097 ; 0.00000000000014 ; 785.69 ; 0.06 ; 1
EM  0.000000000000246 ; 0.000000000000036 ; 801.19 ; 0.06 ; 1
COM -------------- Level Separator - T1/2 in seconds -------------
LED 779.51 ; 0.03 ; 10 ;  ;  ; 41
GA  0.00000000074 ; 0.00000000015 ; 697.8 ; 0.5 ; 5
GA  0.00000000125 ; 0.00000000007 ; 727.9 ; 0.2 ; 4
EK  0.000000000091 ; 0.000000000005 ; 612.3 ; 0.2 ; 4
EL  0.0000000000172 ; 0.000000000001 ; 707.94 ; 0.2 ; 4
EM  0.00000000000415 ; 0.00000000000025 ; 723.44 ; 0.2 ; 4
GA  0.0000000013 ; 0.0000000002 ; 766.47 ; 0.03 ; 2
GA  0.00000000137 ; 0.00000000009 ; 779.43 ; 0.03 ; 1
EK  0.000000000083 ; 0.000000000006 ; 663.828 ; 0.03 ; 1
EL  0.0000000000157 ; 0.0000000000011 ; 759.472 ; 0.03 ; 1
EM  0.00000000000378 ; 0.00000000000026 ; 774.968 ; 0.03 ; 1
COM -------------- Level Separator - T1/2 in seconds -------------
LED 777.59 ; 0.19 ; 8 ;  ;  ; 40
GA  0.00000000121 ; 0.00000000013 ; 606.9 ; 0.2 ; 10
EK  0.000000000109 ; 0.000000000038 ; 491.3 ; 0.2 ; 10
EL  0.000000000023 ; 0.000000000005 ; 586.94 ; 0.2 ; 10
EM  0.0000000000054 ; 0.0000000000012 ; 602.44 ; 0.2 ; 10
GA  0.000000001 ; 0.0000000001 ; 674.4 ; 0.5 ; 5
EK  0.000000000089 ; 0.000000000009 ; 558.8 ; 0.5 ; 5
EL  0.0000000000169 ; 0.0000000000017 ; 654.4 ; 0.5 ; 5
EM  0.00000000000408 ; 0.00000000000042 ; 669.9 ; 0.5 ; 5
COM -------------- Level Separator - T1/2 in seconds -------------
LED 769.5 ; 0.3 ; 12 ;  ;  ; 39
GA  0.0000000276 ; 0.0000000006 ; 718 ; 0.5 ; 4
EK  0.0000000001521 ; 0.0000000000045 ; 602.4 ; 0.5 ; 4
EL  0.0000000000265 ; 0.0000000000008 ; 698 ; 0.5 ; 4
EM  0.00000000000627 ; 0.00000000000019 ; 713.5 ; 0.5 ; 4
GA  0.0000000069 ; 0.0000000019 ; 756.4 ; 0.4 ; 2
EK  0.000000000035 ; 0.00000000001 ; 640.8 ; 0.4 ; 2
EL  0.000000000006 ; 0.0000000000016 ; 736.44 ; 0.4 ; 2
EM  0.00000000000142 ; 0.00000000000039 ; 751.94 ; 0.4 ; 2
GA  0.000000068 ; 0.000000012 ; 769.4 ; 0.5 ; 1
EK  0.00000000033 ; 0.00000000006 ; 653.8 ; 0.5 ; 1
EL  0.000000000057 ; 0.00000000001 ; 749.4 ; 0.5 ; 1
EM  0.0000000000135 ; 0.0000000000024 ; 764.9 ; 0.5 ; 1
COM -------------- Level Separator - T1/2 in seconds -------------
LED 769.27 ; 0.06 ; 9 ;  ;  ; 38
GA  0.0000000846 ; 0.000000002 ; 639.99 ; 0.1 ; 7
EK  0.000000001557 ; 0.00000000005 ; 524.39 ; 0.1 ; 7
EL  0.000000000548 ; 0.000000000017 ; 620.03 ; 0.1 ; 7
EM  0.0000000001413 ; 0.0000000000042 ; 635.53 ; 0.1 ; 7
GA  0.000000028 ; 0.000000005 ; 756.23 ; 0.06 ; 2
EK  0.0000000011 ; 0.0000000009 ; 640.63 ; 0.06 ; 2
EL  0.00000000022 ; 0.00000000012 ; 736.27 ; 0.06 ; 2
EM  0.000000000056 ; 0.00000000003 ; 751.77 ; 0.06 ; 2
GA  0.000000051 ; 0.00000001 ; 769.15 ; 0.08 ; 1
COM -------------- Level Separator - T1/2 in seconds -------------
LED 761.04 ; 0.05 ; 8 ;  ;  ; 37
GA  0.000000000016 ; 0.000000000004 ; 123.228 ; 0.005 ; 29
EK  0.000000000155 ; 0.000000000039 ; 7.626 ; 0.005 ; 29
EL  0.000000000031 ; 0.000000000008 ; 103.27 ; 0.005 ; 29
EM  0.0000000000074 ; 0.0000000000018 ; 118.766 ; 0.005 ; 29
GA  0.00000000081 ; 0.00000000016 ; 747.4 ; 0.5 ; 2
EK  0.0000000000041 ; 0.0000000000008 ; 631.8 ; 0.5 ; 2
EL  0.00000000000071 ; 0.00000000000014 ; 727.4 ; 0.5 ; 2
EM  0.000000000000171 ; 0.000000000000034 ; 742.9 ; 0.5 ; 2
COM -------------- Level Separator - T1/2 in seconds -------------
LED 750.07 ; 0.16 ; 12 ;  ;  ; 36
GA  0.00000000088 ; 0.00000000019 ; 579.4 ; 0.3 ; 10
EK  0.0000000000194 ; 0.0000000000042 ; 463.8 ; 0.3 ; 10
EL  0.0000000000076 ; 0.0000000000017 ; 559.44 ; 0.3 ; 10
EM  0.00000000000197 ; 0.00000000000043 ; 574.94 ; 0.3 ; 10
GA  0.00000000202 ; 0.00000000025 ; 599.6 ; 0.2 ; 8
EK  0.0000000000155 ; 0.0000000000019 ; 484 ; 0.2 ; 8
EL  0.00000000000275 ; 0.00000000000035 ; 579.64 ; 0.2 ; 8
EM  0.00000000000065 ; 0.00000000000008 ; 595.14 ; 0.2 ; 8
GA  0.0000000004 ; 0.00000000012 ; 668.2 ; 0.5 ; 5
EK  0.0000000000025 ; 0.0000000000008 ; 552.6 ; 0.5 ; 5
EL  0.00000000000044 ; 0.00000000000013 ; 648.2 ; 0.5 ; 5
EM  0.000000000000105 ; 0.000000000000032 ; 663.7 ; 0.5 ; 5
COM -------------- Level Separator - T1/2 in seconds -------------
LED 720.25 ; 0.03 ; 9 ;  ;  ; 35
GA  0.0000000135 ; 0.0000000008 ; 617.1 ; 0.1 ; 6
EK  0.00000000153 ; 0.0000000001 ; 501.5 ; 0.1 ; 6
EL  0.00000000029 ; 0.000000000018 ; 597.14 ; 0.1 ; 6
EM  0.0000000000699 ; 0.0000000000044 ; 612.64 ; 0.1 ; 6
GA  0.000000005 ; 0.0000000002 ; 674.05 ; 0.03 ; 3
EK  0.000000000446 ; 0.00000000002 ; 558.441 ; 0.032 ; 3
EL  0.0000000000845 ; 0.0000000000037 ; 654.085 ; 0.032 ; 3
EM  0.0000000000204 ; 0.0000000000009 ; 669.581 ; 0.032 ; 3
GA  0.00000000029 ; 0.00000000005 ; 720.3 ; 0.5 ; 0
COM -------------- Level Separator - T1/2 in seconds -------------
LED 703.757 ; 0.019 ; 12 ;  ;  ; 34
GA  0.0000000663 ; 0.000000002 ; 652.05 ; 0.02 ; 4
EK  0.000000000436 ; 0.000000000016 ; 536.448 ; 0.02 ; 4
EL  0.0000000000762 ; 0.0000000000028 ; 632.092 ; 0.02 ; 4
EM  0.0000000000182 ; 0.0000000000006 ; 647.588 ; 0.02 ; 4
GA  0.0000000059 ; 0.0000000005 ; 690.81 ; 0.08 ; 2
EK  0.0000000000349 ; 0.000000000003 ; 575.21 ; 0.08 ; 2
EL  0.0000000000061 ; 0.0000000000005 ; 670.85 ; 0.08 ; 2
EM  0.00000000000145 ; 0.00000000000013 ; 686.35 ; 0.08 ; 2
GA  0.000000041 ; 0.0000000013 ; 703.68 ; 0.05 ; 1
EK  0.000000000234 ; 0.000000000009 ; 588.08 ; 0.05 ; 1
EL  0.0000000000407 ; 0.0000000000015 ; 683.72 ; 0.05 ; 1
EM  0.00000000000972 ; 0.00000000000037 ; 699.22 ; 0.05 ; 1
COM -------------- Level Separator - T1/2 in seconds -------------
LED 701.02 ; 0.03 ; 24 ;  ;  ; 33
GA  0.00000000435 ; 0.00000000025 ; 550.5 ; 0.2 ; 8
EK  0.0000000000393 ; 0.0000000000024 ; 434.9 ; 0.2 ; 8
EL  0.000000000007 ; 0.00000000000042 ; 530.54 ; 0.2 ; 8
EM  0.00000000000167 ; 0.0000000000001 ; 546.04 ; 0.2 ; 8
GA  0.0000000174 ; 0.0000000006 ; 597.99 ; 0.05 ; 6
EK  0.000000000362 ; 0.000000000014 ; 482.39 ; 0.05 ; 6
EL  0.000000000137 ; 0.000000000005 ; 578.03 ; 0.05 ; 6
EM  0.0000000000355 ; 0.0000000000014 ; 593.53 ; 0.05 ; 6
GA  0.0000000121 ; 0.0000000008 ; 619.21 ; 0.06 ; 5
EK  0.000000000088 ; 0.000000000006 ; 503.61 ; 0.06 ; 5
EL  0.0000000000154 ; 0.0000000000011 ; 599.25 ; 0.06 ; 5
EM  0.00000000000368 ; 0.00000000000025 ; 614.75 ; 0.06 ; 5
GA  0.0000000072 ; 0.0000000005 ; 649.32 ; 0.06 ; 4
EK  0.0000000000477 ; 0.0000000000034 ; 533.72 ; 0.06 ; 4
EL  0.0000000000084 ; 0.0000000000006 ; 629.36 ; 0.06 ; 4
EM  0.00000000000199 ; 0.00000000000015 ; 644.86 ; 0.06 ; 4
GA  0.0000000227 ; 0.0000000005 ; 654.88 ; 0.08 ; 3
EK  0.000000000402 ; 0.000000000013 ; 539.28 ; 0.08 ; 3
EL  0.0000000001378 ; 0.0000000000041 ; 634.92 ; 0.08 ; 3
EM  0.0000000000354 ; 0.000000000001 ; 650.42 ; 0.08 ; 3
GA  0.00000000524 ; 0.00000000019 ; 701.1 ; 0.2 ; 0
EK  0.00000000026 ; 0.00000000016 ; 585.5 ; 0.2 ; 0
EL  0.000000000052 ; 0.000000000026 ; 681.14 ; 0.2 ; 0
EM  0.000000000013 ; 0.000000000006 ; 696.64 ; 0.2 ; 0
COM -------------- Level Separator - T1/2 in seconds -------------
LED 670.99 ; 0.04 ; 8 ;  ;  ; 32
GA  0.00000000022 ;  ; 624.78 ; 0.03 ; 3
EK  0.00000000002398 ; 0.00000000000048 ; 509.178 ; 0.03 ; 3
EL  0.00000000000458 ; 0.00000000000009 ; 604.822 ; 0.03 ; 3
EM  0.000000000001102 ; 0.000000000000022 ; 620.318 ; 0.03 ; 3
GA  0.00000000009 ; 0.00000000003 ; 670.99 ; 0.04 ; 0
EK  0.0000000000045 ; 0.0000000000031 ; 555.388 ; 0.04 ; 0
EL  0.0000000000003 ; 0.00000000000018 ; 651.032 ; 0.04 ; 0
EM  0.00000000000022 ; 0.00000000000013 ; 666.528 ; 0.04 ; 0
COM -------------- Level Separator - T1/2 in seconds -------------
LED 664.541 ; 0.023 ; 20 ;  ;  ; 31
GA  0.0000000088 ; 0.0000000003 ; 493.08 ; 0.05 ; 10
EK  0.0000000000985 ; 0.0000000000039 ; 377.48 ; 0.05 ; 10
EL  0.0000000000178 ; 0.0000000000007 ; 473.12 ; 0.05 ; 10
EM  0.00000000000426 ; 0.00000000000017 ; 488.62 ; 0.05 ; 10
GA  0.00000000618 ; 0.00000000026 ; 582.89 ; 0.1 ; 5
EK  0.0000000000501 ; 0.0000000000023 ; 467.29 ; 0.1 ; 5
EL  0.0000000000089 ; 0.00000000000042 ; 562.93 ; 0.1 ; 5
EM  0.00000000000212 ; 0.0000000000001 ; 578.43 ; 0.1 ; 5
GA  0.0000000095 ; 0.0000000005 ; 612.83 ; 0.03 ; 4
EK  0.0000000000701 ; 0.000000000004 ; 497.228 ; 0.03 ; 4
EL  0.0000000000124 ; 0.0000000000007 ; 592.872 ; 0.03 ; 4
EM  0.00000000000294 ; 0.00000000000017 ; 608.368 ; 0.03 ; 4
GA  0.0000000206 ; 0.0000000008 ; 618.28 ; 0.06 ; 3
EK  0.000000000404 ; 0.000000000018 ; 502.68 ; 0.06 ; 3
EL  0.000000000147 ; 0.000000000006 ; 598.32 ; 0.06 ; 3
EM  0.0000000000379 ; 0.0000000000017 ; 613.82 ; 0.06 ; 3
GA  0.0000000167 ; 0.0000000004 ; 664.58 ; 0.05 ; 0
EK  0.000000000287 ; 0.00000000001 ; 548.98 ; 0.05 ; 0
EL  0.0000000000974 ; 0.0000000000031 ; 644.62 ; 0.05 ; 0
EM  0.0000000000249 ; 0.0000000000008 ; 660.12 ; 0.05 ; 0
COM -------------- Level Separator - T1/2 in seconds -------------
LED 658.97 ; 0.04 ; 12 ;  ;  ; 30
GA  0.000000016 ; 0.000000004 ; 265.7 ; 0.3 ; 20
EK  0.00000000065 ; 0.00000000016 ; 150.1 ; 0.3 ; 20
EL  0.000000000128 ; 0.000000000032 ; 245.74 ; 0.3 ; 20
EM  0.000000000031 ; 0.000000000008 ; 261.24 ; 0.3 ; 20
GA  0.000000149 ; 0.000000003 ; 645.94 ; 0.04 ; 2
EK  0.000000000997 ; 0.000000000028 ; 530.338 ; 0.04 ; 2
EL  0.000000000174 ; 0.000000000005 ; 625.982 ; 0.04 ; 2
EM  0.0000000000417 ; 0.0000000000012 ; 641.478 ; 0.04 ; 2
GA  0.0000000959 ; 0.0000000026 ; 658.86 ; 0.06 ; 1
EK  0.000000000619 ; 0.000000000021 ; 543.26 ; 0.06 ; 1
EL  0.0000000001084 ; 0.0000000000037 ; 638.9 ; 0.06 ; 1
EM  0.0000000000258 ; 0.0000000000008 ; 654.4 ; 0.06 ; 1
COM -------------- Level Separator - T1/2 in seconds -------------
LED 637.81 ; 0.05 ; 16 ;  ;  ; 29
GA  0.00000000153 ; 0.00000000016 ; 586.3 ; 0.3 ; 4
EK  0.0000000000123 ; 0.0000000000013 ; 470.7 ; 0.3 ; 4
EL  0.00000000000217 ; 0.00000000000023 ; 566.34 ; 0.3 ; 4
EM  0.00000000000052 ; 0.00000000000006 ; 581.84 ; 0.3 ; 4
GA  0.0000000046 ; 0.00000000019 ; 624.78 ; 0.05 ; 2
EK  0.0000000000328 ; 0.0000000000015 ; 509.18 ; 0.05 ; 2
EL  0.00000000000575 ; 0.00000000000026 ; 604.82 ; 0.05 ; 2
EM  0.00000000000138 ; 0.00000000000006 ; 620.32 ; 0.05 ; 2
GA  0.0000000064 ; 0.0000000006 ; 637.73 ; 0.05 ; 1
EK  0.0000000000438 ; 0.0000000000042 ; 522.13 ; 0.05 ; 1
EL  0.0000000000077 ; 0.0000000000007 ; 617.77 ; 0.05 ; 1
EM  0.00000000000184 ; 0.00000000000018 ; 633.27 ; 0.05 ; 1
GA  0.0000000192 ; 0.0000000019 ; 637.8 ; 0.05 ; 0
EK  0.000000000355 ; 0.000000000036 ; 522.2 ; 0.05 ; 0
EL  0.000000000126 ; 0.000000000013 ; 617.84 ; 0.05 ; 0
EM  0.0000000000321 ; 0.0000000000032 ; 633.34 ; 0.05 ; 0
COM -------------- Level Separator - T1/2 in seconds -------------
LED 633.17 ; 0.06 ; 4 ;  ;  ; 28
GA  0.0000000255 ; 0.0000000006 ; 633.15 ; 0.06 ; 0
EK  0.00000000247 ; 0.00000000021 ; 517.55 ; 0.06 ; 0
EL  0.000000000477 ; 0.000000000035 ; 613.19 ; 0.06 ; 0
EM  0.000000000115 ; 0.000000000008 ; 628.69 ; 0.06 ; 0
COM -------------- Level Separator - T1/2 in seconds -------------
LED 608.08 ; 0.05 ; 12 ;  ;  ; 27
GA  0.000000069 ; 0.00000003 ; 411.2 ; 0.3 ; 11
EK  0.000000023 ; 0.00000001 ; 295.6 ; 0.3 ; 11
EL  0.0000000045 ; 0.0000000019 ; 391.24 ; 0.3 ; 11
EM  0.00000000108 ; 0.00000000047 ; 406.74 ; 0.3 ; 11
GA  0.0000000151 ; 0.0000000003 ; 457.61 ; 0.05 ; 8
EK  0.00000000381 ; 0.00000000011 ; 342.01 ; 0.05 ; 8
EL  0.000000000729 ; 0.000000000021 ; 437.65 ; 0.05 ; 8
EM  0.0000000001767 ; 0.0000000000049 ; 453.15 ; 0.05 ; 8
GA  0.00000000057 ; 0.00000000019 ; 526.4 ; 0.4 ; 5
EK  0.0000000000149 ; 0.000000000005 ; 410.8 ; 0.4 ; 5
EL  0.0000000000066 ; 0.0000000000022 ; 506.44 ; 0.4 ; 5
EM  0.0000000000017 ; 0.0000000000006 ; 521.94 ; 0.4 ; 5
COM -------------- Level Separator - T1/2 in seconds -------------
LED 533.228 ; 0.01 ; 36 ;  ;  ; 26
GA  0.000000074 ; 0.000000005 ; 242.08 ; 0.03 ; 14
EK  0.000000107 ; 0.000000008 ; 126.478 ; 0.03 ; 14
EL  0.0000000207 ; 0.0000000015 ; 222.122 ; 0.03 ; 14
EM  0.00000000502 ; 0.00000000035 ; 237.618 ; 0.03 ; 14
GA  0.000000052 ; 0.000000004 ; 307.85 ; 0.05 ; 12
EK  0.0000000386 ; 0.0000000031 ; 192.25 ; 0.05 ; 12
EL  0.0000000074 ; 0.0000000006 ; 287.89 ; 0.05 ; 12
EM  0.0000000018 ; 0.00000000014 ; 303.39 ; 0.05 ; 12
GA  0.000001111 ; 0.000000026 ; 336.113 ; 0.012 ; 11
EK  0.000000648 ; 0.00000002 ; 220.511 ; 0.012 ; 11
EL  0.0000001255 ; 0.0000000039 ; 316.155 ; 0.012 ; 11
EM  0.0000000302 ; 0.0000000009 ; 331.651 ; 0.012 ; 11
GA  0.000000117 ; 0.000000007 ; 361.89 ; 0.05 ; 10
EK  0.0000000558 ; 0.0000000035 ; 246.29 ; 0.05 ; 10
EL  0.0000000107 ; 0.0000000007 ; 341.93 ; 0.05 ; 10
EM  0.0000000026 ; 0.00000000016 ; 357.43 ; 0.05 ; 10
GA  0.00000256 ; 0.00000004 ; 382.75 ; 0.05 ; 8
EK  0.000001047 ; 0.000000026 ; 267.15 ; 0.05 ; 8
EL  0.000000201 ; 0.000000005 ; 362.79 ; 0.05 ; 8
EM  0.0000000486 ; 0.0000000013 ; 378.29 ; 0.05 ; 8
GA  0.0000000429 ; 0.0000000019 ; 430.08 ; 0.1 ; 6
EK  0.000000000631 ; 0.000000000031 ; 314.48 ; 0.1 ; 6
EL  0.000000000116 ; 0.000000000006 ; 410.12 ; 0.1 ; 6
EM  0.0000000000278 ; 0.0000000000014 ; 425.62 ; 0.1 ; 6
GA  0.00000187 ; 0.00000003 ; 451.481 ; 0.01 ; 5
EK  0.00000028 ; 0.00000021 ; 335.879 ; 0.01 ; 5
EL  0.000000065 ; 0.00000003 ; 431.523 ; 0.01 ; 5
EM  0.000000017 ; 0.000000007 ; 447.019 ; 0.01 ; 5
GA  0.0000000461 ; 0.000000001 ; 481.66 ; 0.12 ; 4
EK  0.000000001424 ; 0.000000000041 ; 366.06 ; 0.12 ; 4
EL  0.00000000071 ; 0.000000000021 ; 461.7 ; 0.12 ; 4
EM  0.000000000186 ; 0.000000000005 ; 477.2 ; 0.12 ; 4
GA  0.00000000265 ; 0.00000000019 ; 487.06 ; 0.1 ; 3
EK  0.0000000000305 ; 0.0000000000023 ; 371.46 ; 0.1 ; 3
EL  0.00000000000551 ; 0.00000000000041 ; 467.1 ; 0.1 ; 3
EM  0.00000000000132 ; 0.0000000000001 ; 482.6 ; 0.1 ; 3
COM -------------- Level Separator - T1/2 in seconds -------------
LED 509.92 ; 0.17 ; 8 ;  ;  ; 25
GA  0.000000029 ; 0.000000007 ; 406.8 ; 0.2 ; 6
EK  0.00000000048 ; 0.00000000012 ; 291.2 ; 0.2 ; 6
EL  0.000000000088 ; 0.000000000021 ; 386.84 ; 0.2 ; 6
EM  0.000000000021 ; 0.000000000005 ; 402.34 ; 0.2 ; 6
GA  0.0000000028 ; 0.0000000003 ; 463.9 ; 0.3 ; 3
EK  0.0000000000353 ; 0.0000000000039 ; 348.3 ; 0.3 ; 3
EL  0.0000000000064 ; 0.0000000000007 ; 443.94 ; 0.3 ; 3
EM  0.00000000000154 ; 0.00000000000017 ; 459.44 ; 0.3 ; 3
COM -------------- Level Separator - T1/2 in seconds -------------
LED 474.297 ; 0.013 ; 36 ;  ;  ; 24
GA  0.00000007 ; 0.000000006 ; 248.95 ; 0.05 ; 12
EK  0.000000094 ; 0.000000008 ; 133.35 ; 0.05 ; 12
EL  0.0000000181 ; 0.0000000016 ; 228.99 ; 0.05 ; 12
EM  0.00000000438 ; 0.00000000039 ; 244.49 ; 0.05 ; 12
GA  0.000000049 ; 0.000000004 ; 302.87 ; 0.05 ; 10
EK  0.0000000381 ; 0.0000000032 ; 187.27 ; 0.05 ; 10
EL  0.0000000073 ; 0.0000000006 ; 282.91 ; 0.05 ; 10
EM  0.00000000177 ; 0.00000000015 ; 298.41 ; 0.05 ; 10
GA  0.00000053 ; 0.000000013 ; 323.84 ; 0.03 ; 8
EK  0.000000342 ; 0.000000011 ; 208.238 ; 0.03 ; 8
EL  0.000000066 ; 0.0000000021 ; 303.882 ; 0.03 ; 8
EM  0.000000016 ; 0.0000000005 ; 319.378 ; 0.03 ; 8
GA  0.0000005 ;  ; 345 ; 0.02 ; 7
EK  0.000000272 ; 0.000000006 ; 229.398 ; 0.02 ; 7
EL  0.0000000525 ; 0.000000001 ; 325.042 ; 0.02 ; 7
EM  0.00000001265 ; 0.00000000025 ; 340.538 ; 0.02 ; 7
GA  0.00000121 ; 0.00000016 ; 392.53 ; 0.03 ; 5
EK  0.00000046 ; 0.00000006 ; 276.928 ; 0.03 ; 5
EL  0.000000088 ; 0.000000012 ; 372.572 ; 0.03 ; 5
EM  0.0000000214 ; 0.0000000029 ; 388.068 ; 0.03 ; 5
GA  0.000001199 ; 0.00000002 ; 422.598 ; 0.019 ; 4
EK  0.000000375 ; 0.00000001 ; 306.996 ; 0.019 ; 4
EL  0.0000000671 ; 0.0000000017 ; 402.64 ; 0.019 ; 4
EM  0.00000001739 ; 0.00000000046 ; 418.136 ; 0.019 ; 4
GA  0.0000000101 ; 0.000000001 ; 428.4 ; 0.3 ; 3
EK  0.000000000148 ; 0.000000000015 ; 312.8 ; 0.3 ; 3
EL  0.0000000000273 ; 0.0000000000027 ; 408.44 ; 0.3 ; 3
EM  0.0000000000066 ; 0.0000000000007 ; 423.94 ; 0.3 ; 3
GA  0.0000000229 ; 0.0000000005 ; 461.25 ; 0.05 ; 2
EK  0.000000000765 ; 0.000000000023 ; 345.65 ; 0.05 ; 2
EL  0.000000000405 ; 0.000000000013 ; 441.29 ; 0.05 ; 2
EM  0.0000000001069 ; 0.0000000000031 ; 456.79 ; 0.05 ; 2
GA  0.0000000006 ; 0.0000000003 ; 473.9 ; 0.5 ; 0
EK  0.0000000000073 ; 0.0000000000036 ; 358.3 ; 0.5 ; 0
EL  0.0000000000013 ; 0.0000000000007 ; 453.9 ; 0.5 ; 0
EM  0.00000000000032 ; 0.00000000000016 ; 469.4 ; 0.5 ; 0
COM -------------- Level Separator - T1/2 in seconds -------------
LED 445.716 ; 0.02 ; 12 ;  ;  ; 23
GA  0.000000133 ; 0.000000005 ; 316.41 ; 0.03 ; 7
EK  0.0000000916 ; 0.0000000039 ; 200.808 ; 0.03 ; 7
EL  0.0000000177 ; 0.0000000008 ; 296.452 ; 0.03 ; 7
EM  0.00000000427 ; 0.00000000018 ; 311.948 ; 0.03 ; 7
GA  0.0000000612 ; 0.0000000026 ; 399.53 ; 0.06 ; 3
EK  0.000000001047 ; 0.000000000048 ; 283.93 ; 0.06 ; 3
EL  0.000000000194 ; 0.000000000009 ; 379.57 ; 0.06 ; 3
EM  0.0000000000466 ; 0.0000000000022 ; 395.07 ; 0.06 ; 3
GA  0.0000000877 ; 0.0000000026 ; 445.72 ; 0.03 ; 0
EK  0.000000001201 ; 0.000000000044 ; 330.118 ; 0.03 ; 0
EL  0.000000000219 ; 0.000000000008 ; 425.762 ; 0.03 ; 0
EM  0.0000000000491 ; 0.0000000000017 ; 441.258 ; 0.03 ; 0
COM -------------- Level Separator - T1/2 in seconds -------------
LED 426.755 ; 0.003 ; 24 ;  ;  ; 22
GA  0.000000795 ; 0.00000002 ; 255.384 ; 0.015 ; 10
EK  0.000000994 ; 0.000000035 ; 139.782 ; 0.015 ; 10
EL  0.000000192 ; 0.000000006 ; 235.426 ; 0.015 ; 10
EM  0.0000000463 ; 0.0000000015 ; 250.922 ; 0.015 ; 10
GA  0.000000492 ; 0.000000013 ; 297.46 ; 0.03 ; 7
EK  0.000000401 ; 0.000000013 ; 181.858 ; 0.03 ; 7
EL  0.0000000777 ; 0.0000000025 ; 277.502 ; 0.03 ; 7
EM  0.0000000187 ; 0.0000000006 ; 292.998 ; 0.03 ; 7
GA  0.00000548 ; 0.00000008 ; 345.013 ; 0.004 ; 5
EK  0.00000298 ; 0.00000007 ; 229.411 ; 0.004 ; 5
EL  0.000000575 ; 0.000000014 ; 325.055 ; 0.004 ; 5
EM  0.0000001386 ; 0.0000000034 ; 340.5512 ; 0.004 ; 5
GA  0.0000154 ; 0.00000021 ; 375.054 ; 0.003 ; 4
EK  0.00000665 ; 0.00000017 ; 259.452 ; 0.003 ; 4
EL  0.000001281 ; 0.000000031 ; 355.096 ; 0.003 ; 4
EM  0.00000031 ; 0.000000007 ; 370.5922 ; 0.003 ; 4
GA  0.00001464 ; 0.00000021 ; 413.713 ; 0.005 ; 2
EK  0.00000485 ; 0.00000012 ; 298.111 ; 0.005 ; 2
EL  0.000000931 ; 0.000000023 ; 393.755 ; 0.005 ; 2
EM  0.000000224 ; 0.000000005 ; 409.251 ; 0.005 ; 2
GA  0.000000239 ; 0.000000006 ; 426.68 ; 0.03 ; 1
EK  0.00000000925 ; 0.0000000003 ; 311.078 ; 0.03 ; 1
EL  0.0000000055 ; 0.00000000018 ; 406.722 ; 0.03 ; 1
EM  0.000000001458 ; 0.000000000046 ; 422.218 ; 0.03 ; 1
COM -------------- Level Separator - T1/2 in seconds -------------
LED 414.779 ; 0.011 ; 21 ;  ;  ; 21
GA  0.000000237 ; 0.000000009 ; 123.62 ; 0.05 ; 14
EK  0.00000227 ; 0.0000001 ; 8.02 ; 0.05 ; 14
EL  0.000000448 ; 0.000000019 ; 103.66 ; 0.05 ; 14
EM  0.0000001083 ; 0.0000000046 ; 119.16 ; 0.05 ; 14
GA  0.00000082 ; 0.000000014 ; 189.36 ; 0.01 ; 12
EK  0.0000012 ; 0.0000011 ; 73.758 ; 0.01 ; 12
EL  0.000000453 ; 0.000000012 ; 169.402 ; 0.01 ; 12
EM  0.000000117 ; 0.000000007 ; 184.898 ; 0.01 ; 12
GA  0.000000012 ; 0.00000001 ; 218 ; 0.5 ; 11
GA  0.000000254 ; 0.000000007 ; 243.38 ; 0.03 ; 10
EK  0.0000002 ; 0.00000015 ; 127.778 ; 0.03 ; 10
EL  0.000000058 ; 0.00000001 ; 223.422 ; 0.03 ; 10
EM  0.000000015 ; 0.0000000018 ; 238.918 ; 0.03 ; 10
GA  0.000000257 ; 0.000000008 ; 311.78 ; 0.04 ; 6
EK  0.00000000738 ; 0.00000000028 ; 196.178 ; 0.04 ; 6
EL  0.00000000142 ; 0.00000000005 ; 291.822 ; 0.04 ; 6
EM  0.000000000342 ; 0.000000000013 ; 307.318 ; 0.04 ; 6
GA  0.000000877 ; 0.000000014 ; 368.554 ; 0.02 ; 3
EK  0.00000001772 ; 0.00000000045 ; 252.952 ; 0.02 ; 3
EL  0.00000000332 ; 0.00000000009 ; 348.596 ; 0.02 ; 3
EM  0.000000000798 ; 0.00000000002 ; 364.092 ; 0.02 ; 3
COM -------------- Level Separator - T1/2 in seconds -------------
LED 393.225 ; 0.006 ; 16 ;  ;  ; 20
GA  0.000000259 ; 0.00000001 ; 263.95 ; 0.03 ; 7
EK  0.000000295 ; 0.000000013 ; 148.348 ; 0.03 ; 7
EL  0.000000057 ; 0.0000000024 ; 243.992 ; 0.03 ; 7
EM  0.0000000138 ; 0.0000000006 ; 259.488 ; 0.03 ; 7
GA  0.00000065 ; 0.000000013 ; 341.506 ; 0.01 ; 4
EK  0.000000363 ; 0.00000001 ; 225.904 ; 0.01 ; 4
EL  0.0000000702 ; 0.000000002 ; 321.548 ; 0.01 ; 4
EM  0.0000000169 ; 0.00000000047 ; 337.044 ; 0.01 ; 4
GA  0.00000302 ; 0.00000004 ; 380.191 ; 0.006 ; 2
EK  0.000001259 ; 0.000000029 ; 264.589 ; 0.006 ; 2
EL  0.000000242 ; 0.000000006 ; 360.233 ; 0.006 ; 2
EM  0.0000000583 ; 0.0000000014 ; 375.729 ; 0.006 ; 2
GA  0.00000419 ; 0.00000017 ; 393.14 ; 0.03 ; 1
EK  0.00000159 ; 0.00000007 ; 277.538 ; 0.03 ; 1
EL  0.000000306 ; 0.000000014 ; 373.182 ; 0.03 ; 1
EM  0.0000000737 ; 0.0000000034 ; 388.678 ; 0.03 ; 1
COM -------------- Level Separator - T1/2 in seconds -------------
LED 367.069 ; 0.008 ; 28 ;  ;  ; 19
GA  0.000000321 ; 0.00000001 ; 141.657 ; 0.02 ; 12
EK  0.00000209 ; 0.00000008 ; 26.055 ; 0.02 ; 12
EL  0.000000411 ; 0.000000016 ; 121.699 ; 0.02 ; 12
EM  0.0000000992 ; 0.0000000036 ; 137.195 ; 0.02 ; 12
GA  0.00000106 ; 0.00000002 ; 195.679 ; 0.008 ; 10
EK  0.00000278 ; 0.00000007 ; 80.077 ; 0.008 ; 10
EL  0.000000541 ; 0.000000015 ; 175.721 ; 0.008 ; 10
EM  0.0000001304 ; 0.000000004 ; 191.217 ; 0.008 ; 10
GA  0.000000145 ; 0.000000006 ; 237.77 ; 0.1 ; 7
EK  0.00000022 ; 0.00000001 ; 122.17 ; 0.1 ; 7
EL  0.0000000428 ; 0.000000002 ; 217.81 ; 0.1 ; 7
EM  0.00000001032 ; 0.00000000047 ; 233.31 ; 0.1 ; 7
GA  0.000000019 ; 0.000000004 ; 285.3 ; 0.2 ; 5
EK  0.00000001 ; 0.000000008 ; 169.7 ; 0.2 ; 5
EL  0.0000000027 ; 0.0000000009 ; 265.34 ; 0.2 ; 5
EM  0.00000000067 ; 0.00000000021 ; 280.84 ; 0.2 ; 5
GA  0.00000054 ; 0.000000012 ; 320.862 ; 0.02 ; 3
EK  0.00000001453 ; 0.00000000042 ; 205.26 ; 0.02 ; 3
EL  0.00000000279 ; 0.00000000008 ; 300.904 ; 0.02 ; 3
EM  0.000000000675 ; 0.000000000022 ; 316.4 ; 0.02 ; 3
GA  0.0000000076 ; 0.000000003 ; 354 ; 0.5 ; 2
EK  0.00000000042 ; 0.00000000016 ; 238.4 ; 0.5 ; 2
EL  0.00000000034 ; 0.00000000013 ; 334 ; 0.5 ; 2
EM  0.000000000091 ; 0.000000000036 ; 349.5 ; 0.5 ; 2
GA  0.000000871 ; 0.00000002 ; 367.073 ; 0.025 ; 0
EK  0.0000000177 ; 0.0000000005 ; 251.471 ; 0.025 ; 0
EL  0.00000000333 ; 0.0000000001 ; 347.115 ; 0.025 ; 0
EM  0.000000000801 ; 0.000000000024 ; 362.611 ; 0.025 ; 0
COM -------------- Level Separator - T1/2 in seconds -------------
LED 357.3 ; 0.06 ; 4 ;  ;  ; 18
GA  0.000000062 ; 0.000000013 ; 160.19 ; 0.05 ; 11
EK  0.0000000129 ; 0.0000000027 ; 44.59 ; 0.05 ; 11
EL  0.000000071 ; 0.000000015 ; 140.23 ; 0.05 ; 11
EM  0.0000000195 ; 0.0000000041 ; 155.73 ; 0.05 ; 11
COM -------------- Level Separator - T1/2 in seconds -------------
LED 338.52 ; 0.06 ; 9 ;  ;  ; 17
GA  0.00000002 ;  ; 89.39 ; 0.06 ; 13
EL1 0.0000000856 ; 0.0000000018 ; 67.63 ; 0.06 ; 13
EL2 0.00000001038 ; 0.0000000002 ; 68.44 ; 0.06 ; 13
EL3 0.000000000506 ; 0.00000000001 ; 72.22 ; 0.06 ; 13
EM  0.00000002334 ; 0.00000000046 ; 84.93 ; 0.06 ; 13
GA  0.00000003 ; 0.000000008 ; 167.81 ; 0.05 ; 9
EK  0.0000000059 ; 0.0000000016 ; 52.21 ; 0.05 ; 9
EL  0.000000028 ; 0.000000007 ; 147.85 ; 0.05 ; 9
EM  0.0000000077 ; 0.0000000021 ; 163.35 ; 0.05 ; 9
COM -------------- Level Separator - T1/2 in seconds -------------
LED 332.845 ; 0.004 ; 20 ;  ;  ; 16
GA  0.00000122 ; 0.00000006 ; 161.45 ; 0.015 ; 10
EK  0.0000055 ; 0.00000029 ; 45.848 ; 0.015 ; 10
EL  0.00000107 ; 0.00000006 ; 141.492 ; 0.015 ; 10
EM  0.00000026 ; 0.000000014 ; 156.988 ; 0.015 ; 10
GA  0.00000563 ; 0.00000009 ; 203.55 ; 0.005 ; 7
EK  0.00001323 ; 0.00000035 ; 87.948 ; 0.005 ; 7
EL  0.00000257 ; 0.00000007 ; 183.592 ; 0.005 ; 7
EM  0.000000621 ; 0.000000016 ; 199.088 ; 0.005 ; 7
GA  0.000000021 ; 0.000000003 ; 281.2 ; 0.2 ; 4
EK  0.00000001 ; 0.000000009 ; 165.6 ; 0.2 ; 4
EL  0.0000000029 ; 0.0000000009 ; 261.24 ; 0.2 ; 4
EM  0.00000000076 ; 0.0000000002 ; 276.74 ; 0.2 ; 4
GA  0.000000049 ; 0.000000005 ; 319.68 ; 0.1 ; 2
EK  0.000000018 ; 0.000000015 ; 204.08 ; 0.1 ; 2
EL  0.0000000049 ; 0.0000000016 ; 299.72 ; 0.1 ; 2
EM  0.00000000118 ; 0.00000000036 ; 315.22 ; 0.1 ; 2
GA  0.00000488 ; 0.00000008 ; 332.845 ; 0.005 ; 0
EK  0.000000122 ; 0.0000000032 ; 217.243 ; 0.005 ; 0
EL  0.0000000232 ; 0.0000000006 ; 312.887 ; 0.005 ; 0
EM  0.00000000561 ; 0.00000000015 ; 328.383 ; 0.005 ; 0
COM -------------- Level Separator - T1/2 in seconds -------------
LED 294.669 ; 0.015 ; 9 ;  ;  ; 15
GA  0.0000009 ; 0.0000006 ; 97.6 ; 0.3 ; 11
EL1 0.0000024 ; 0.0000016 ; 75.84 ; 0.3 ; 11
EL2 0.0000014 ; 0.0000014 ; 76.65 ; 0.3 ; 11
EL3 0.0000008 ; 0.0000009 ; 80.43 ; 0.3 ; 11
EM  0.0000012 ; 0.0000009 ; 93.14 ; 0.3 ; 11
GA  0.00000285 ; 0.00000007 ; 144.201 ; 0.003 ; 8
EK  0.000000641 ; 0.000000021 ; 28.599 ; 0.003 ; 8
EL  0.00000519 ; 0.00000017 ; 124.243 ; 0.003 ; 8
EM  0.000001431 ; 0.000000045 ; 139.7392 ; 0.003 ; 8
COM -------------- Level Separator - T1/2 in seconds -------------
LED 291.144 ; 0.019 ; 19 ;  ;  ; 14
GA  0.000000473 ; 0.000000025 ; 65.708 ; 0.03 ; 12
EL1 0.00000478 ; 0.00000042 ; 43.95 ; 0.03 ; 12
EL2 0.0000013 ; 0.0000014 ; 44.76 ; 0.03 ; 12
EL3 0.00000064 ; 0.00000012 ; 48.54 ; 0.03 ; 12
EM  0.0000017 ; 0.0000006 ; 61.246 ; 0.03 ; 12
GA  0.00000009 ; 0.00000002 ; 119.76 ; 0.02 ; 10
EK  0.000000018 ; 0.000000004 ; 4.158 ; 0.02 ; 10
EL1 0.0000000139 ; 0.0000000031 ; 98.002 ; 0.02 ; 10
EL2 0.00000022 ; 0.00000005 ; 98.812 ; 0.02 ; 10
EL3 0.000000141 ; 0.000000032 ; 102.592 ; 0.02 ; 10
EM  0.000000105 ; 0.000000023 ; 115.298 ; 0.02 ; 10
GA  0.00000011 ; 0.000000011 ; 188.23 ; 0.1 ; 6
EK  0.0000000098 ; 0.000000001 ; 72.63 ; 0.1 ; 6
EL  0.00000000205 ; 0.00000000021 ; 168.27 ; 0.1 ; 6
EM  0.00000000049 ; 0.00000000005 ; 183.77 ; 0.1 ; 6
GA  0.000000051 ; 0.000000005 ; 244.92 ; 0.05 ; 3
EK  0.00000000247 ; 0.00000000025 ; 129.32 ; 0.05 ; 3
EL  0.000000000496 ; 0.00000000005 ; 224.96 ; 0.05 ; 3
EM  0.00000000012 ; 0.000000000012 ; 240.46 ; 0.05 ; 3
COM -------------- Level Separator - T1/2 in seconds -------------
LED 249.13 ; 0.012 ; 9 ;  ;  ; 13
GA  0.000001533 ; 0.000000028 ; 78.43 ; 0.02 ; 9
EL1 0.000008 ; 0.0000026 ; 56.672 ; 0.02 ; 9
EL2 0.000006 ; 0.000008 ; 57.482 ; 0.02 ; 9
EL3 0.000004 ; 0.000006 ; 61.262 ; 0.02 ; 9
EM  0.0000048 ; 0.0000031 ; 73.968 ; 0.02 ; 9
GA  0.00000121 ; 0.00000003 ; 146.094 ; 0.006 ; 6
EK  0.00000027 ; 0.000000008 ; 30.492 ; 0.006 ; 6
EL  0.00000207 ; 0.00000006 ; 126.136 ; 0.006 ; 6
EM  0.000000574 ; 0.000000019 ; 141.632 ; 0.006 ; 6
COM -------------- Level Separator - T1/2 in seconds -------------
LED 225.423 ; 0.008 ; 30 ;  ;  ; 12
GA  0.000001943 ; 0.000000028 ; 54.039 ; 0.008 ; 10
EL1 0.0000361 ; 0.0000009 ; 32.281 ; 0.008 ; 10
EL2 0.00000431 ; 0.0000001 ; 33.091 ; 0.008 ; 10
EL3 0.000000224 ; 0.000000006 ; 36.871 ; 0.008 ; 10
EM  0.00000987 ; 0.00000024 ; 49.577 ; 0.008 ; 10
GA  0.000000379 ; 0.000000019 ; 96.14 ; 0.03 ; 7
EL1 0.000000121 ; 0.000000006 ; 74.382 ; 0.03 ; 7
EL2 0.00000255 ; 0.00000014 ; 75.192 ; 0.03 ; 7
EL3 0.00000175 ; 0.00000009 ; 78.972 ; 0.03 ; 7
EM  0.00000123 ; 0.00000007 ; 91.678 ; 0.03 ; 7
GA  0.0000000095 ; 0.0000000013 ; 122.35 ; 0.12 ; 6
EK  0.00000000226 ; 0.00000000031 ; 6.75 ; 0.12 ; 6
EL  0.00000000053 ; 0.00000000007 ; 102.39 ; 0.12 ; 6
EM  0.000000000128 ; 0.000000000018 ; 117.89 ; 0.12 ; 6
GA  0.000000174 ; 0.000000008 ; 143.35 ; 0.2 ; 5
EK  0.0000006 ; 0.0000005 ; 27.75 ; 0.2 ; 5
EL  0.00000026 ; 0.00000005 ; 123.39 ; 0.2 ; 5
EM  0.000000071 ; 0.000000019 ; 138.89 ; 0.2 ; 5
GA  0.000000031 ; 0.000000008 ; 173.7 ; 0.05 ; 4
EK  0.0000000059 ; 0.0000000015 ; 58.1 ; 0.05 ; 4
EL  0.000000025 ; 0.000000006 ; 153.74 ; 0.05 ; 4
EM  0.0000000068 ; 0.0000000018 ; 169.24 ; 0.05 ; 4
GA  0.000000656 ; 0.000000019 ; 179.22 ; 0.012 ; 3
EK  0.0000000653 ; 0.0000000023 ; 63.618 ; 0.012 ; 3
EL  0.00000001378 ; 0.00000000048 ; 159.262 ; 0.012 ; 3
EM  0.00000000334 ; 0.00000000012 ; 174.758 ; 0.012 ; 3
GA  0.00000015 ; 0.000000004 ; 225.42 ; 0.04 ; 0
EK  0.00000000883 ; 0.0000000003 ; 109.818 ; 0.04 ; 0
EL  0.00000000179 ; 0.00000000006 ; 205.462 ; 0.04 ; 0
EM  0.000000000432 ; 0.000000000015 ; 220.958 ; 0.04 ; 0
COM -------------- Level Separator - T1/2 in seconds -------------
LED 197.119 ; 0.014 ; 10 ;  ;  ; 11
GA  0.0000005 ; 0.00000006 ; 46.68 ; 0.03 ; 8
EL1 0.0000133 ; 0.0000017 ; 24.922 ; 0.03 ; 8
EL2 0.00001 ; 0.000005 ; 25.732 ; 0.03 ; 8
EL3 0.000008 ; 0.0000046 ; 29.512 ; 0.03 ; 8
EM  0.0000085 ; 0.0000027 ; 42.218 ; 0.03 ; 8
GA  0.0000046 ; 0.0000005 ; 115.38 ; 0.05 ; 5
EL1 0.00000079 ; 0.00000009 ; 93.62 ; 0.05 ; 5
EL2 0.0000136 ; 0.0000015 ; 94.43 ; 0.05 ; 5
EL3 0.0000086 ; 0.000001 ; 98.21 ; 0.05 ; 5
EM  0.0000064 ; 0.0000007 ; 110.92 ; 0.05 ; 5
COM -------------- Level Separator - T1/2 in seconds -------------
LED 171.388 ; 0.005 ; 24 ;  ;  ; 10
GA  0.00000163 ; 0.00000008 ; 41.93 ; 0.05 ; 7
EL1 0.0000641 ; 0.0000034 ; 20.17 ; 0.05 ; 7
EL2 0.0000076 ; 0.0000004 ; 20.98 ; 0.05 ; 7
EL3 0.000000406 ; 0.000000022 ; 24.76 ; 0.05 ; 7
EM  0.0000175 ; 0.0000009 ; 37.47 ; 0.05 ; 7
GA  0.00000027 ; 0.00000002 ; 89.64 ; 0.03 ; 5
EL  0.000003 ; 0.0000016 ; 69.682 ; 0.03 ; 5
EM  0.00000076 ; 0.00000046 ; 85.178 ; 0.03 ; 5
GA  0.00000021 ; 0.00000003 ; 119.7 ; 0.03 ; 4
EK  0.0000011 ; 0.0000011 ; 4.098 ; 0.03 ; 4
EL  0.00000065 ; 0.00000025 ; 99.742 ; 0.03 ; 4
EM  0.00000017 ; 0.00000007 ; 115.238 ; 0.03 ; 4
GA  0.000000563 ; 0.000000016 ; 125.21 ; 0.1 ; 3
EK  0.0000001278 ; 0.0000000046 ; 9.61 ; 0.1 ; 3
EL  0.0000000294 ; 0.000000001 ; 105.25 ; 0.1 ; 3
EM  0.00000000721 ; 0.00000000027 ; 120.75 ; 0.1 ; 3
GA  0.0000000101 ; 0.000000001 ; 158.1 ; 0.3 ; 2
EK  0.00000000213 ; 0.00000000021 ; 42.5 ; 0.3 ; 2
EL  0.0000000121 ; 0.0000000012 ; 138.14 ; 0.3 ; 2
EM  0.00000000336 ; 0.00000000034 ; 153.64 ; 0.3 ; 2
GA  0.0000011 ; 0.00000003 ; 171.393 ; 0.006 ; 0
EK  0.0000001213 ; 0.0000000041 ; 55.791 ; 0.006 ; 0
EL  0.0000000258 ; 0.0000000009 ; 151.435 ; 0.006 ; 0
EM  0.00000000627 ; 0.00000000021 ; 166.931 ; 0.006 ; 0
COM -------------- Level Separator - T1/2 in seconds -------------
LED 170.708 ; 0.014 ; 9 ;  ;  ; 9
GA  0.00000158 ; 0.00000005 ; 67.674 ; 0.012 ; 6
EL1 0.0000147 ; 0.0000006 ; 45.916 ; 0.012 ; 6
EL2 0.0000037 ; 0.00000014 ; 46.726 ; 0.012 ; 6
EL3 0.0000016 ; 0.00000007 ; 50.506 ; 0.012 ; 6
EM  0.00000498 ; 0.00000021 ; 63.212 ; 0.012 ; 6
GA  0.000000681 ; 0.000000019 ; 124.51 ; 0.03 ; 3
EK  0.0000001457 ; 0.0000000049 ; 8.908 ; 0.03 ; 3
EL  0.0000024 ; 0.00000008 ; 104.552 ; 0.03 ; 3
EM  0.000000666 ; 0.000000023 ; 120.048 ; 0.03 ; 3
COM -------------- Level Separator - T1/2 in seconds -------------
LED 150.467 ; 0.015 ; 10 ;  ;  ; 8
GA  0.0000013 ; 0.0000006 ; 68.73 ; 0.02 ; 5
EL1 0.00000988 ; 0.000000023 ; 46.972 ; 0.02 ; 5
EL2 0.00000936 ; 0.000000023 ; 47.782 ; 0.02 ; 5
EL3 0.00000637 ; 0.000000023 ; 51.562 ; 0.02 ; 5
EM  0.00000676 ; 0.000000023 ; 64.268 ; 0.02 ; 5
GA  0.0000135 ; 0.0000011 ; 98.78 ; 0.02 ; 4
EL1 0.0000039 ; 0.00000033 ; 77.022 ; 0.02 ; 4
EL2 0.00008 ; 0.000007 ; 77.832 ; 0.02 ; 4
EL3 0.0000547 ; 0.0000046 ; 81.612 ; 0.02 ; 4
EM  0.0000385 ; 0.0000032 ; 94.318 ; 0.02 ; 4
COM -------------- Level Separator - T1/2 in seconds -------------
LED 129.2961 ; 0.001 ; 20 ;  ;  ; 7
GA  0.000000625 ; 0.000000025 ; 47.6 ; 0.03 ; 5
EL1 0.0000169 ; 0.0000007 ; 25.842 ; 0.03 ; 5
EL2 0.00000201 ; 0.00000009 ; 26.652 ; 0.03 ; 5
EL3 0.0000001063 ; 0.0000000046 ; 30.432 ; 0.03 ; 5
EM  0.00000461 ; 0.00000021 ; 43.138 ; 0.03 ; 5
GA  0.0000038 ; 0.00000006 ; 77.592 ; 0.014 ; 4
EL1 0.0000201 ; 0.0000008 ; 55.834 ; 0.014 ; 4
EL2 0.000015 ; 0.000019 ; 56.644 ; 0.014 ; 4
EL3 0.00001 ; 0.000015 ; 60.424 ; 0.014 ; 4
EM  0.000012 ; 0.000008 ; 73.13 ; 0.014 ; 4
GA  0.00000581 ; 0.00000019 ; 116.26 ; 0.02 ; 2
EK  0.000049 ; 0.000011 ; 0.658 ; 0.02 ; 2
EL1 0.0000087 ; 0.0000035 ; 94.502 ; 0.02 ; 2
EL2 0.000005 ; 0.000005 ; 95.312 ; 0.02 ; 2
EL3 0.0000029 ; 0.0000035 ; 99.092 ; 0.02 ; 2
EM  0.0000043 ; 0.0000009 ; 111.798 ; 0.02 ; 2
GA  0.0000631 ; 0.0000004 ; 129.296 ; 0.001 ; 0
EK  0.00001331 ; 0.00000027 ; 13.694 ; 0.001 ; 0
EL  0.00000304 ; 0.00000007 ; 109.338 ; 0.001 ; 0
EM  0.00000074 ; 0.000000016 ; 124.8342 ; 0.001 ; 0
COM -------------- Level Separator - T1/2 in seconds -------------
LED 103.035 ; 0.01 ; 10 ;  ;  ; 6
GA  0.00001136 ; 0.00000015 ; 56.828 ; 0.003 ; 3
EL1 0.0001749 ; 0.0000041 ; 35.07 ; 0.003 ; 3
EL2 0.000065 ; 0.000008 ; 35.88 ; 0.003 ; 3
EL3 0.000037 ; 0.000006 ; 39.66 ; 0.003 ; 3
EM  0.0000698 ; 0.0000035 ; 52.3662 ; 0.003 ; 3
GA  0.00000217 ; 0.00000006 ; 103.06 ; 0.03 ; 0
EL1 0.000000542 ; 0.000000019 ; 81.302 ; 0.03 ; 0
EL2 0.000000542 ; 0.000000019 ; 82.112 ; 0.03 ; 0
EL3 0.00000714 ; 0.00000025 ; 85.892 ; 0.03 ; 0
EM  0.00000508 ; 0.00000018 ; 98.598 ; 0.03 ; 0
COM -------------- Level Separator - T1/2 in seconds -------------
LED 81.741 ; 0.004 ; 10 ;  ;  ; 5
GA  0.00000219 ; 0.00000008 ; 30.04 ; 0.02 ; 4
EL1 0.00023 ; 0.00001 ; 8.282 ; 0.02 ; 4
EL2 0.0000272 ; 0.0000011 ; 9.092 ; 0.02 ; 4
EL3 0.0000015 ; 0.00000006 ; 12.872 ; 0.02 ; 4
EM  0.0000629 ; 0.0000026 ; 25.578 ; 0.02 ; 4
GA  0.0000036 ; 0.000001 ; 68.696 ; 0.006 ; 2
EL1 0.0000043 ; 0.0000015 ; 46.938 ; 0.006 ; 2
EL2 0.000114 ; 0.000032 ; 47.748 ; 0.006 ; 2
EL3 0.000088 ; 0.000025 ; 51.528 ; 0.006 ; 2
EM  0.000057 ; 0.000016 ; 64.234 ; 0.006 ; 2
COM -------------- Level Separator - T1/2 in seconds -------------
LED 51.7007 ; 0.0011 ; 10 ; 1.91E-10 ; 5.E-12 ; 4
GA  0.0001047 ; 0.0000021 ; 38.661 ; 0.002 ; 2
EL1 0.00443 ; 0.00012 ; 16.903 ; 0.002 ; 2
EL2 0.0115 ; 0.0008 ; 17.713 ; 0.002 ; 2
EL3 0.0101 ; 0.0008 ; 21.493 ; 0.002 ; 2
EM  0.00701 ; 0.00044 ; 34.1992 ; 0.002 ; 2
GA  0.0002694 ; 0.0000026 ; 51.624 ; 0.001 ; 1
EL1 0.001131 ; 0.000024 ; 29.866 ; 0.001 ; 1
EL2 0.0324 ; 0.0007 ; 30.676 ; 0.001 ; 1
EL3 0.0274 ; 0.0006 ; 34.456 ; 0.001 ; 1
EM  0.01686 ; 0.00039 ; 47.1622 ; 0.001 ; 1
COM -------------- Level Separator - T1/2 in seconds -------------
LED 46.207 ; 0.01 ; 5 ;  ;  ; 3
GA  0.00000726 ; 0.00000013 ; 46.21 ; 0.05 ; 0
EL1 0.000211 ; 0.000006 ; 24.45 ; 0.05 ; 0
EL2 0.000051 ; 0.000008 ; 25.26 ; 0.05 ; 0
EL3 0.000024 ; 0.000007 ; 29.04 ; 0.05 ; 0
EM  0.0000711 ; 0.0000038 ; 41.75 ; 0.05 ; 0
COM -------------- Level Separator - T1/2 in seconds -------------
LED 13.04 ; 0.0021 ; 2 ; 5.E-10 ; 3.E-11 ; 2
GA  0.000341 ; 0.000009 ; 12.975 ; 0.01 ; 1
EM  0.154 ; 0.006 ; 8.513 ; 0.01 ; 1
COM -------------- Level Separator - T1/2 in seconds -------------
LED 0.0765 ; 0.0004 ; 1 ; 1.560E3 ;  ; 1
GA  0.0000000001 ;  ; 0.0765 ; 0.0004 ; 0
