PAR PU238
AZP 238 ; 94
NDA 1
COM ***************** Evaluation Date: 08/06/2009 ****************
COM ===================== Daughter Separator =====================
DAU U234
DDE 1 ;  ; 14 ; 15
Q   5593.2 ; 0.19
COM ---------------------- Branch Separator ----------------------
ALP 0.000000012 ; 0 ; 14 ; 4432.1 ; 0.2 ; 0
COM ---------------------- Branch Separator ----------------------
ALP 0.0000000117 ; 0.0000000007 ; 13 ; 4472.1 ; 0.2 ; 0
COM ---------------------- Branch Separator ----------------------
ALP 0.000000002 ; 0 ; 12 ; 4492.5 ; 0.2 ; 0
COM ---------------------- Branch Separator ----------------------
ALP 0.0000000015 ; 0.00000000016 ; 11 ; 4526.3 ; 0.2 ; 0
COM ---------------------- Branch Separator ----------------------
ALP 0.0000000023 ; 0 ; 10 ; 4567.4 ; 0.2 ; 0
COM ---------------------- Branch Separator ----------------------
ALP 0.000000013 ; 0.0000000005 ; 9 ; 4587.9 ; 0.2 ; 0
COM ---------------------- Branch Separator ----------------------
ALP 0.000000081 ; 0 ; 8 ; 4661.7 ; 0.2 ; 0
COM ---------------------- Branch Separator ----------------------
ALP 0.00000000075 ; 0.00000000022 ; 7 ; 4664.1 ; 0.2 ; 0
COM ---------------------- Branch Separator ----------------------
ALP 0.000001 ; 0 ; 6 ; 4702.8 ; 0.2 ; 0
COM ---------------------- Branch Separator ----------------------
ALP 0.0000000821 ; 0.0000000016 ; 5 ; 4726 ; 0.2 ; 0
COM ---------------------- Branch Separator ----------------------
ALP 0.000000068 ; 0.0000000023 ; 4 ; 5010.4 ; 0.2 ; 0
COM ---------------------- Branch Separator ----------------------
ALP 0.0000292 ; 0.0000004 ; 3 ; 5208 ; 0.2 ; 0
COM ---------------------- Branch Separator ----------------------
ALP 0.00104 ; 0.00003 ; 2 ; 5358.1 ; 0.2 ; 0
COM ---------------------- Branch Separator ----------------------
ALP 0.2885 ; 0.0006 ; 1 ; 5456.3 ; 0.2 ; 0
COM ---------------------- Branch Separator ----------------------
ALP 0.7104 ; 0.0006 ; 0 ; 5499.03 ; 0.2 ; 0
COM -------------- Level Separator - T1/2 in seconds -------------
LED 1085.26 ; 0.04 ; 30 ;  ;  ; 14
GA   ;  ; 233.6 ; 0.2 ; 8
GA  0.00000000009 ; 0.00000000005 ; 235.9 ; 0.3 ; 7
EK  0.0000000000048 ; 0.0000000000027 ; 120.3 ; 0.3 ; 7
EL1 0.00000000000062 ; 0.00000000000035 ; 214.14 ; 0.3 ; 7
EL2 0.0000000000002 ; 0.00000000000011 ; 214.95 ; 0.3 ; 7
EL3 0.00000000000014 ; 0.00000000000008 ; 218.73 ; 0.3 ; 7
EM  0.00000000000023 ; 0.00000000000013 ; 231.44 ; 0.3 ; 7
EN  0.000000000000077 ; 0.000000000000043 ; 235.04 ; 0.3 ; 7
GA  0.00000000044 ; 0.00000000003 ; 299.1 ; 0.2 ; 5
EK  0.0000000000138 ; 0.000000000001 ; 183.5 ; 0.2 ; 5
EL1 0.00000000000184 ; 0.00000000000013 ; 277.34 ; 0.2 ; 5
EL2 0.000000000000506 ; 0.000000000000036 ; 278.15 ; 0.2 ; 5
EL3 0.000000000000324 ; 0.000000000000023 ; 281.93 ; 0.2 ; 5
EM  0.000000000000645 ; 0.000000000000046 ; 294.64 ; 0.2 ; 5
EN  0.000000000000214 ; 0.000000000000015 ; 298.24 ; 0.2 ; 5
GA  0.00000000466 ; 0.00000000023 ; 941.94 ; 0.1 ; 2
EK  0.0000000000433 ; 0.0000000000023 ; 826.34 ; 0.1 ; 2
EL1 0.00000000000714 ; 0.00000000000038 ; 920.18 ; 0.1 ; 2
EL2 0.00000000000322 ; 0.00000000000017 ; 920.99 ; 0.1 ; 2
EL3 0.000000000000623 ; 0.000000000000033 ; 924.77 ; 0.1 ; 2
EM  0.00000000000274 ; 0.00000000000015 ; 937.48 ; 0.1 ; 2
EN  0.000000000000917 ; 0.000000000000049 ; 941.08 ; 0.1 ; 2
GA  0.00000000197 ; 0.00000000016 ; 1041.7 ; 0.2 ; 1
GA  0.00000000077 ; 0.00000000009 ; 1085.4 ; 0.2 ; 0
EK  0.0000000000056 ; 0.0000000000007 ; 969.8 ; 0.2 ; 0
EL1 0.00000000000091 ; 0.00000000000011 ; 1063.64 ; 0.2 ; 0
EL2 0.000000000000333 ; 0.00000000000004 ; 1064.45 ; 0.2 ; 0
EL3 0.00000000000006 ; 0.000000000000007 ; 1068.23 ; 0.2 ; 0
EM  0.000000000000322 ; 0.000000000000038 ; 1080.94 ; 0.2 ; 0
EN  0.000000000000108 ; 0.000000000000013 ; 1084.54 ; 0.2 ; 0
COM -------------- Level Separator - T1/2 in seconds -------------
LED 1044.536 ; 0.023 ; 22 ;  ;  ; 13
GA  0.0000000000066 ; 0.000000000002 ; 192.91 ; 0.07 ; 8
EK  0.00000000000108 ; 0.00000000000033 ; 77.31 ; 0.07 ; 8
EL1 0.00000000000028 ; 0.00000000000008 ; 171.15 ; 0.07 ; 8
EL2 0.000000000002 ; 0.0000000000006 ; 171.96 ; 0.07 ; 8
EL3 0.00000000000102 ; 0.00000000000031 ; 175.74 ; 0.07 ; 8
EM  0.00000000000092 ; 0.00000000000028 ; 188.45 ; 0.07 ; 8
EN  0.00000000000031 ; 0.00000000000009 ; 192.05 ; 0.07 ; 8
GA   ;  ; 234.6 ; 0.2 ; 6
GA  0.0000000007 ; 0.00000000011 ; 258.227 ; 0.003 ; 5
EK  0.0000000000304 ; 0.0000000000048 ; 142.625 ; 0.003 ; 5
EL1 0.000000000004 ; 0.0000000000006 ; 236.469 ; 0.003 ; 5
EL2 0.00000000000121 ; 0.00000000000019 ; 237.279 ; 0.003 ; 5
EL3 0.00000000000081 ; 0.00000000000013 ; 241.059 ; 0.003 ; 5
EM  0.00000000000145 ; 0.00000000000023 ; 253.7652 ; 0.003 ; 5
EN  0.00000000000048 ; 0.00000000000008 ; 257.3643 ; 0.003 ; 5
GA  0.0000000098 ; 0.0000000004 ; 1001.03 ; 0.03 ; 1
EK  0.0000000000818 ; 0.0000000000037 ; 885.428 ; 0.03 ; 1
EL1 0.0000000000134 ; 0.0000000000006 ; 979.272 ; 0.03 ; 1
EL2 0.00000000000554 ; 0.00000000000025 ; 980.082 ; 0.03 ; 1
EL3 0.000000000001037 ; 0.000000000000047 ; 983.862 ; 0.03 ; 1
EM  0.00000000000497 ; 0.00000000000023 ; 996.568 ; 0.03 ; 1
EN  0.00000000000166 ; 0.00000000000008 ; 1000.167 ; 0.03 ; 1
COM -------------- Level Separator - T1/2 in seconds -------------
LED 1023.77 ; 0.03 ; 15 ;  ;  ; 12
GA  0.000000000027 ; 0.000000000003 ; 727.8 ; 0.2 ; 3
EK  0.000000000000395 ; 0.000000000000045 ; 612.2 ; 0.2 ; 3
EL1 0.000000000000067 ; 0.000000000000008 ; 706.04 ; 0.2 ; 3
EL2 0.000000000000045 ; 0.000000000000005 ; 706.85 ; 0.2 ; 3
EL3 1.01E-14 ; 1.1E-15 ; 710.63 ; 0.2 ; 3
EM  3.12E-14 ; 3.5E-15 ; 723.34 ; 0.2 ; 3
EN  1.04E-14 ; 1.2E-15 ; 726.94 ; 0.2 ; 3
GA  0.0000000015 ; 0.0000000004 ; 880.5 ; 0.1 ; 2
GA  0.00000000042 ;  ; 980.3 ; 0.1 ; 1
EK  0.00000000000364 ; 0.00000000000008 ; 864.7 ; 0.1 ; 1
EL1 0.000000000000598 ; 0.000000000000013 ; 958.54 ; 0.1 ; 1
EL2 0.000000000000254 ; 0.000000000000005 ; 959.35 ; 0.1 ; 1
EL3 4.81E-14 ; 0.000000000000001 ; 963.13 ; 0.1 ; 1
EM  2.243E-13 ; 4.6E-15 ; 975.84 ; 0.1 ; 1
EN  7.49E-14 ; 1.5E-15 ; 979.44 ; 0.1 ; 1
COM -------------- Level Separator - T1/2 in seconds -------------
LED 989.43 ; 0.013 ; 27 ; 7.6E-10 ; 4.E-11 ; 11
GA  0.00000000011 ; 0.00000000003 ; 62.7 ; 0.01 ; 9
EL1 0.000000000013 ; 0.0000000000036 ; 40.942 ; 0.01 ; 9
EL2 0.0000000000111 ; 0.000000000003 ; 41.752 ; 0.01 ; 9
EL3 0.0000000000111 ; 0.000000000003 ; 45.532 ; 0.01 ; 9
EM  0.0000000000087 ; 0.0000000000024 ; 58.238 ; 0.01 ; 9
EN  0.0000000000028 ; 0.0000000000008 ; 61.837 ; 0.01 ; 9
GA  0.000000000035 ; 0.000000000007 ; 140.15 ; 0.02 ; 7
EK  0.000000000091 ; 0.000000000033 ; 24.548 ; 0.02 ; 7
EL1 0.000000000018 ; 0.000000000011 ; 118.392 ; 0.02 ; 7
EL2 0.000000000028 ; 0.000000000012 ; 119.202 ; 0.02 ; 7
EL3 0.000000000016 ; 0.000000000007 ; 122.982 ; 0.02 ; 7
EM  0.000000000017 ; 0.000000000006 ; 135.688 ; 0.02 ; 7
EN  0.0000000000056 ; 0.0000000000013 ; 139.287 ; 0.02 ; 7
GA  0.000000000085 ; 0.000000000015 ; 203.12 ; 0.03 ; 5
EK  0.000000000077 ; 0.00000000002 ; 87.518 ; 0.03 ; 5
EL1 0.000000000014 ; 0.000000000006 ; 181.362 ; 0.03 ; 5
EL2 0.0000000000153 ; 0.0000000000043 ; 182.172 ; 0.03 ; 5
EL3 0.0000000000068 ; 0.0000000000021 ; 185.952 ; 0.03 ; 5
EM  0.0000000000095 ; 0.0000000000017 ; 198.658 ; 0.03 ; 5
EN  0.0000000000032 ; 0.0000000000006 ; 202.257 ; 0.03 ; 5
GA  0.00000000092 ; 0.00000000013 ; 946 ; 0.03 ; 1
EK  0.0000000000031 ; 0.00000000000044 ; 830.398 ; 0.03 ; 1
EL1 0.00000000000045 ; 0.00000000000006 ; 924.242 ; 0.03 ; 1
EL2 0.000000000000054 ; 0.000000000000008 ; 925.052 ; 0.03 ; 1
EL3 2.59E-14 ; 3.7E-15 ; 928.832 ; 0.03 ; 1
EM  0.000000000000125 ; 0.000000000000018 ; 941.538 ; 0.03 ; 1
EN  0.000000000000041 ; 0.000000000000006 ; 945.137 ; 0.03 ; 1
COM -------------- Level Separator - T1/2 in seconds -------------
LED 947.64 ; 0.06 ; 8 ;  ;  ; 10
GA  0.0000000011 ; 0.0000000005 ; 804.4 ; 0.3 ; 2
GA  0.00000000061 ; 0.00000000011 ; 904.37 ; 0.15 ; 1
EK  0.0000000000061 ; 0.0000000000011 ; 788.77 ; 0.15 ; 1
EL1 0.00000000000101 ; 0.00000000000018 ; 882.61 ; 0.15 ; 1
EL2 0.00000000000048 ; 0.00000000000009 ; 883.42 ; 0.15 ; 1
EL3 0.000000000000095 ; 0.000000000000017 ; 887.2 ; 0.15 ; 1
EM  0.0000000000004 ; 0.00000000000007 ; 899.91 ; 0.15 ; 1
EN  0.000000000000133 ; 0.000000000000024 ; 903.51 ; 0.15 ; 1
COM -------------- Level Separator - T1/2 in seconds -------------
LED 926.72 ; 0.015 ; 21 ; 1.38E-12 ; 1.7E-13 ; 9
GA  0.00000000022 ; 0.00000000003 ; 783.4 ; 0.1 ; 2
EK  0.00000000000283 ; 0.00000000000039 ; 667.8 ; 0.1 ; 2
EL1 0.00000000000048 ; 0.00000000000007 ; 761.64 ; 0.1 ; 2
EL2 0.000000000000286 ; 0.000000000000039 ; 762.45 ; 0.1 ; 2
EL3 0.000000000000061 ; 0.000000000000008 ; 766.23 ; 0.1 ; 2
EM  0.000000000000208 ; 0.000000000000029 ; 778.94 ; 0.1 ; 2
EN  0.000000000000069 ; 0.00000000000001 ; 782.54 ; 0.1 ; 2
GA  0.0000000072 ; 0.0000000004 ; 883.24 ; 0.04 ; 1
EK  0.0000000000749 ; 0.0000000000044 ; 767.638 ; 0.04 ; 1
EL1 0.0000000000124 ; 0.0000000000007 ; 861.482 ; 0.04 ; 1
EL2 0.00000000000619 ; 0.00000000000037 ; 862.292 ; 0.04 ; 1
EL3 0.00000000000124 ; 0.00000000000007 ; 866.072 ; 0.04 ; 1
EM  0.00000000000498 ; 0.00000000000029 ; 878.778 ; 0.04 ; 1
EN  0.00000000000167 ; 0.0000000000001 ; 882.377 ; 0.04 ; 1
GA  0.00000000558 ; 0.00000000025 ; 926.72 ; 0.01 ; 0
EK  0.0000000000533 ; 0.0000000000026 ; 811.118 ; 0.01 ; 0
EL1 0.00000000000881 ; 0.00000000000043 ; 904.962 ; 0.01 ; 0
EL2 0.00000000000408 ; 0.0000000000002 ; 905.772 ; 0.01 ; 0
EL3 0.000000000000794 ; 0.000000000000039 ; 909.552 ; 0.01 ; 0
EM  0.00000000000342 ; 0.00000000000017 ; 922.258 ; 0.01 ; 0
EN  0.00000000000114 ; 0.00000000000006 ; 925.857 ; 0.01 ; 0
COM -------------- Level Separator - T1/2 in seconds -------------
LED 851.74 ; 0.03 ; 23 ; 1.74E-12 ;  ; 8
GA  0.00000000003 ; 0.000000000016 ; 41.82 ; 0.11 ; 6
EL1 0.00000000033 ; 0.00000000018 ; 20.06 ; 0.11 ; 6
EL2 0.00000001 ; 0.000000005 ; 20.87 ; 0.11 ; 6
EL3 0.0000000088 ; 0.0000000047 ; 24.65 ; 0.11 ; 6
EM  0.0000000052 ; 0.0000000028 ; 37.36 ; 0.11 ; 6
EN  0.0000000017 ; 0.0000000009 ; 40.96 ; 0.11 ; 6
GA  0.0000000049 ; 0.0000000003 ; 708.3 ; 0.2 ; 2
EK  0.0000000000753 ; 0.0000000000049 ; 592.7 ; 0.2 ; 2
EL1 0.0000000000128 ; 0.0000000000008 ; 686.54 ; 0.2 ; 2
EL2 0.0000000000091 ; 0.0000000000006 ; 687.35 ; 0.2 ; 2
EL3 0.00000000000205 ; 0.00000000000013 ; 691.13 ; 0.2 ; 2
EM  0.00000000000611 ; 0.00000000000039 ; 703.84 ; 0.2 ; 2
EN  0.00000000000204 ; 0.00000000000013 ; 707.44 ; 0.2 ; 2
GA  0.00000000767 ; 0.00000000025 ; 808.2 ; 0.1 ; 1
EK  0.0000000253877 ; 0.00000000000013 ; 692.6 ; 0.1 ; 1
EL  0.0000000072098 ; 0.00000000000013 ; 788.24 ; 0.1 ; 1
GA  0.0000000127 ; 0.0000000004 ; 851.7 ; 0.1 ; 0
EK  0.000000000141 ; 0.000000000005 ; 736.1 ; 0.1 ; 0
EL1 0.0000000000235 ; 0.0000000000009 ; 829.94 ; 0.1 ; 0
EL2 0.00000000001236 ; 0.00000000000046 ; 830.75 ; 0.1 ; 0
EL3 0.00000000000251 ; 0.00000000000009 ; 834.53 ; 0.1 ; 0
EM  0.00000000000964 ; 0.00000000000037 ; 847.24 ; 0.1 ; 0
EN  0.00000000000322 ; 0.00000000000012 ; 850.84 ; 0.1 ; 0
COM -------------- Level Separator - T1/2 in seconds -------------
LED 849.266 ; 0.018 ; 14 ;  ;  ; 7
GA  0.0000000005 ; 0.00000000013 ; 705.9 ; 0.1 ; 2
EK  0.0000000000028 ; 0.0000000000007 ; 590.3 ; 0.1 ; 2
EL1 0.0000000000004 ; 0.0000000000001 ; 684.14 ; 0.1 ; 2
EL2 0.00000000000006 ; 0.000000000000016 ; 684.95 ; 0.1 ; 2
EL3 0.000000000000031 ; 0.000000000000008 ; 688.73 ; 0.1 ; 2
EM  0.000000000000117 ; 0.000000000000031 ; 701.44 ; 0.1 ; 2
EN  0.000000000000039 ; 0.00000000000001 ; 705.04 ; 0.1 ; 2
GA  0.00000000056 ; 0.00000000015 ; 805.8 ; 0.05 ; 1
EK  0.0000000000025 ; 0.0000000000007 ; 690.2 ; 0.05 ; 1
EL1 0.00000000000036 ; 0.0000000000001 ; 784.04 ; 0.05 ; 1
EL2 0.000000000000048 ; 0.000000000000013 ; 784.85 ; 0.05 ; 1
EL3 0.000000000000024 ; 0.000000000000006 ; 788.63 ; 0.05 ; 1
EM  0.000000000000102 ; 0.000000000000028 ; 801.34 ; 0.05 ; 1
EN  0.000000000000034 ; 0.000000000000009 ; 804.94 ; 0.05 ; 1
COM -------------- Level Separator - T1/2 in seconds -------------
LED 809.907 ; 0.018 ; 9 ;  ;  ; 6
GA  0.000000219 ; 0.000000005 ; 766.38 ; 0.02 ; 1
EK  0.00000000293 ; 0.00000000009 ; 650.778 ; 0.02 ; 1
EL1 0.000000000493 ; 0.000000000016 ; 744.622 ; 0.02 ; 1
EL2 0.000000000307 ; 0.00000000001 ; 745.432 ; 0.02 ; 1
EL3 0.0000000000664 ; 0.000000000002 ; 749.212 ; 0.02 ; 1
EM  0.00000000022 ; 0.000000000007 ; 761.918 ; 0.02 ; 1
EN  0.0000000000735 ; 0.0000000000023 ; 765.517 ; 0.02 ; 1
GA   ;  ; 810 ; 0.5 ; 0
EK  0 ; 0.0000000000023 ; 694.4 ; 0.5 ; 0
COM -------------- Level Separator - T1/2 in seconds -------------
LED 786.288 ; 0.016 ; 14 ;  ;  ; 5
GA  0.000000051 ; 0.0000000013 ; 742.813 ; 0.005 ; 1
EK  0.000000000264 ; 0.000000000008 ; 627.211 ; 0.005 ; 1
EL1 0.0000000000375 ; 0.0000000000012 ; 721.055 ; 0.005 ; 1
EL2 0.0000000000054 ; 0.00000000000017 ; 721.865 ; 0.005 ; 1
EL3 0.00000000000271 ; 0.00000000000009 ; 725.645 ; 0.005 ; 1
EM  0.00000000001086 ; 0.00000000000034 ; 738.351 ; 0.005 ; 1
EN  0.00000000000361 ; 0.00000000000012 ; 741.95 ; 0.005 ; 1
GA  0.000000032 ; 0.0000000009 ; 786.27 ; 0.03 ; 0
EK  0.000000000149 ; 0.000000000005 ; 670.668 ; 0.03 ; 0
EL1 0.0000000000213 ; 0.0000000000007 ; 764.512 ; 0.03 ; 0
EL2 0.00000000000294 ; 0.0000000000001 ; 765.322 ; 0.03 ; 0
EL3 0.00000000000146 ; 0.00000000000005 ; 769.102 ; 0.03 ; 0
EM  0.00000000000611 ; 0.00000000000021 ; 781.808 ; 0.03 ; 0
EN  0.00000000000203 ; 0.00000000000007 ; 785.407 ; 0.03 ; 0
COM -------------- Level Separator - T1/2 in seconds -------------
LED 497.04 ; 0.03 ; 7 ;  ;  ; 4
GA  0.0000000392 ; 0.0000000013 ; 200.97 ; 0.03 ; 3
EK  0.00000000601 ; 0.00000000023 ; 85.368 ; 0.03 ; 3
EL1 0.00000000149 ; 0.00000000006 ; 179.212 ; 0.03 ; 3
EL2 0.00000001015 ; 0.00000000039 ; 180.022 ; 0.03 ; 3
EL3 0.00000000497 ; 0.00000000019 ; 183.802 ; 0.03 ; 3
EM  0.00000000457 ; 0.00000000018 ; 196.508 ; 0.03 ; 3
EN  0.00000000153 ; 0.00000000006 ; 200.107 ; 0.03 ; 3
COM -------------- Level Separator - T1/2 in seconds -------------
LED 296.072 ; 0.004 ; 7 ;  ;  ; 3
GA  0.0000093 ; 0.00000007 ; 152.719 ; 0.002 ; 2
EK  0.000002018 ; 0.00000004 ; 37.117 ; 0.002 ; 2
EL1 0.000000711 ; 0.000000015 ; 130.961 ; 0.002 ; 2
EL2 0.0000079 ; 0.00000017 ; 131.771 ; 0.002 ; 2
EL3 0.00000445 ; 0.0000001 ; 135.551 ; 0.002 ; 2
EM  0.00000361 ; 0.00000008 ; 148.2572 ; 0.002 ; 2
EN  0.000001207 ; 0.000000027 ; 151.8563 ; 0.002 ; 2
COM -------------- Level Separator - T1/2 in seconds -------------
LED 143.352 ; 0.004 ; 6 ;  ;  ; 2
GA  0.0000735 ; 0.0000008 ; 99.852 ; 0.003 ; 1
EL1 0.00002043 ; 0.00000049 ; 78.094 ; 0.003 ; 1
EL2 0.000416 ; 0.00001 ; 78.904 ; 0.003 ; 1
EL3 0.000282 ; 0.000007 ; 82.684 ; 0.003 ; 1
EM  0.0001992 ; 0.0000049 ; 95.3902 ; 0.003 ; 1
EN  0.0000665 ; 0.0000015 ; 98.9893 ; 0.003 ; 1
COM -------------- Level Separator - T1/2 in seconds -------------
LED 43.4981 ; 0.001 ; 6 ; 2.52E-10 ; 7.E-12 ; 1
GA  0.000397 ; 0.000008 ; 43.498 ; 0.001 ; 0
EL1 0.00366 ; 0.00011 ; 21.74 ; 0.001 ; 0
EL2 0.1076 ; 0.0032 ; 22.55 ; 0.001 ; 0
EL3 0.0953 ; 0.0028 ; 26.33 ; 0.001 ; 0
EM  0.057 ; 0.0016 ; 39.0362 ; 0.001 ; 0
EN  0.019 ; 0.0005 ; 42.6353 ; 0.001 ; 0
