PAR SE73
AZP 73 ; 34
NDA 1
COM ***************** Evaluation Date: 07/03/2014 ****************
COM ===================== Daughter Separator =====================
DAU AS73
DDE 1 ;  ; 20 ; 70
Q   2725 ; 7
COM ---------------------- Branch Separator ----------------------
CK  0.000134 ; 0.000017 ; 20 ; 140.91 ; 7 ; 0
CL  0.0000176 ; 0.0000023 ; 20 ; 140.91 ; 7 ; 0
CM  0.00000308 ; 0.00000041 ; 20 ; 140.91 ; 7 ; 0
CN  0.00000031 ; 0.00000005 ; 20 ; 140.91 ; 7 ; 0
COM ---------------------- Branch Separator ----------------------
CK  0.000076 ; 0.000017 ; 19 ; 242.13 ; 7 ; 0
CL  0.0000093 ; 0.0000021 ; 19 ; 242.13 ; 7 ; 0
CM  0.00000162 ; 0.00000037 ; 19 ; 242.13 ; 7 ; 0
CN  0.000000157 ; 0.00000004 ; 19 ; 242.13 ; 7 ; 0
COM ---------------------- Branch Separator ----------------------
CK  0.000025 ; 0.000009 ; 18 ; 248.9 ; 7 ; 0
CL  0.0000031 ; 0.0000011 ; 18 ; 248.9 ; 7 ; 0
CM  0.00000054 ; 0.00000019 ; 18 ; 248.9 ; 7 ; 0
CN  0.000000052 ; 0.000000019 ; 18 ; 248.9 ; 7 ; 0
COM ---------------------- Branch Separator ----------------------
CK  0.000042 ; 0.000017 ; 17 ; 290.9 ; 7 ; -2
CL  0.0000051 ; 0.000002 ; 17 ; 290.9 ; 7 ; -2
CM  0.00000088 ; 0.00000035 ; 17 ; 290.9 ; 7 ; -2
CN  0.000000086 ; 0.000000035 ; 17 ; 290.9 ; 7 ; -2
COM ---------------------- Branch Separator ----------------------
CK  0.00138 ; 0.00005 ; 16 ; 413.37 ; 7 ; 0
CL  0.000163 ; 0.000007 ; 16 ; 413.37 ; 7 ; 0
CM  0.0000283 ; 0.0000012 ; 16 ; 413.37 ; 7 ; 0
CN  0.00000283 ; 0.00000019 ; 16 ; 413.37 ; 7 ; 0
COM ---------------------- Branch Separator ----------------------
CK  0.00026 ; 0.00007 ; 15 ; 544.34 ; 7 ; 0
CL  0.000031 ; 0.000008 ; 15 ; 544.34 ; 7 ; 0
CM  0.0000053 ; 0.0000014 ; 15 ; 544.34 ; 7 ; 0
CN  0.00000051 ; 0.00000014 ; 15 ; 544.34 ; 7 ; 0
COM ---------------------- Branch Separator ----------------------
CK  0.000826 ; 0.000026 ; 14 ; 749.59 ; 7 ; 0
CL  0.0000957 ; 0.0000033 ; 14 ; 749.59 ; 7 ; 0
CM  0.0000165 ; 0.0000006 ; 14 ; 749.59 ; 7 ; 0
CN  0.0000016 ; 0.00000011 ; 14 ; 749.59 ; 7 ; 0
COM ---------------------- Branch Separator ----------------------
CK  0.000149 ; 0.000044 ; 13 ; 763.2 ; 7 ; 0
CL  0.000017 ; 0.000005 ; 13 ; 763.2 ; 7 ; 0
CM  0.000003 ; 0.0000009 ; 13 ; 763.2 ; 7 ; 0
CN  0.00000029 ; 0.00000009 ; 13 ; 763.2 ; 7 ; 0
COM ---------------------- Branch Separator ----------------------
CK  0.00053 ; 0.00006 ; 12 ; 814.87 ; 7 ; 0
CL  0.000061 ; 0.000007 ; 12 ; 814.87 ; 7 ; 0
CM  0.0000105 ; 0.0000012 ; 12 ; 814.87 ; 7 ; 0
CN  0.00000102 ; 0.00000013 ; 12 ; 814.87 ; 7 ; 0
COM ---------------------- Branch Separator ----------------------
CK  0.00381 ; 0.0001 ; 11 ; 874.41 ; 7 ; 0
CL  0.000439 ; 0.000012 ; 11 ; 874.41 ; 7 ; 0
CM  0.0000758 ; 0.0000026 ; 11 ; 874.41 ; 7 ; 0
CN  0.00000736 ; 0.00000047 ; 11 ; 874.41 ; 7 ; 0
COM ---------------------- Branch Separator ----------------------
BEP 0.000034 ; 0.000002 ; 10 ; 374.11 ; 7 ; 0
CK  0.001136 ; 0.000026 ; 10 ; 1396.11 ; 7 ; 0
CL  0.0001298 ; 0.0000034 ; 10 ; 1396.11 ; 7 ; 0
CM  0.0000223 ; 0.0000007 ; 10 ; 1396.11 ; 7 ; 0
CN  0.00000219 ; 0.00000014 ; 10 ; 1396.11 ; 7 ; 0
COM ---------------------- Branch Separator ----------------------
COM ---------------------- Branch Separator ----------------------
BEP 0.00017 ; 0.00002 ; 8 ; 409.91 ; 7 ; 0
CK  0.00383 ; 0.00017 ; 8 ; 1431.91 ; 7 ; 0
CL  0.000438 ; 0.00002 ; 8 ; 1431.91 ; 7 ; 0
CM  0.0000753 ; 0.0000037 ; 8 ; 1431.91 ; 7 ; 0
CN  0.0000074 ; 0.0000005 ; 8 ; 1431.91 ; 7 ; 0
COM ---------------------- Branch Separator ----------------------
BEP 0.000003 ; 0.000001 ; 7 ; 427.86 ; 7 ; 0
CK  0.00005 ; 0.000017 ; 7 ; 1449.86 ; 7 ; 0
CL  0.0000057 ; 0.0000019 ; 7 ; 1449.86 ; 7 ; 0
CM  0.00000099 ; 0.00000033 ; 7 ; 1449.86 ; 7 ; 0
CN  0.000000097 ; 0.000000033 ; 7 ; 1449.86 ; 7 ; 0
COM ---------------------- Branch Separator ----------------------
BEP 0.00017 ; 0.00001 ; 6 ; 524.948 ; 7 ; 0
CK  0.001567 ; 0.000018 ; 6 ; 1546.948 ; 7 ; 0
CL  0.0001789 ; 0.0000029 ; 6 ; 1546.948 ; 7 ; 0
CM  0.0000308 ; 0.0000008 ; 6 ; 1546.948 ; 7 ; 0
CN  0.00000303 ; 0.00000018 ; 6 ; 1546.948 ; 7 ; 0
COM ---------------------- Branch Separator ----------------------
COM ---------------------- Branch Separator ----------------------
COM ---------------------- Branch Separator ----------------------
COM ---------------------- Branch Separator ----------------------
BEP 0.639 ; 0.005 ; 2 ; 1275.094 ; 7 ; 0
CK  0.2934 ; 0.0044 ; 2 ; 2297.094 ; 7 ; 0
CL  0.0333 ; 0.0006 ; 2 ; 2297.094 ; 7 ; 0
CM  0.00573 ; 0.00016 ; 2 ; 2297.094 ; 7 ; 0
CN  0.000566 ; 0.000034 ; 2 ; 2297.094 ; 7 ; 0
COM ---------------------- Branch Separator ----------------------
BEP 0.0069 ; 0.0011 ; 1 ; 1635.961 ; 7 ; -1
CK  0.0045 ; 0.0008 ; 1 ; 2657.961 ; 7 ; -1
CL  0.00051 ; 0.00009 ; 1 ; 2657.961 ; 7 ; -1
CM  0.000088 ; 0.000016 ; 1 ; 2657.961 ; 7 ; -1
CN  0.0000087 ; 0.0000016 ; 1 ; 2657.961 ; 7 ; -1
COM ---------------------- Branch Separator ----------------------
COM -------------- Level Separator - T1/2 in seconds -------------
LED 2584.09 ; 0.11 ; 16 ;  ;  ; 20
GA  0.00004 ; 0.00001 ; 1308.94 ; 0.13 ; 7
EK  0.0000000036 ; 0.0000000009 ; 1297.08 ; 0.13 ; 7
EL1 0.00000000036 ; 0.00000000009 ; 1307.42 ; 0.13 ; 7
EL2 0.0000000000021 ; 0.0000000000005 ; 1307.59 ; 0.13 ; 7
EL3 0.000000000005 ; 0.0000000000013 ; 1307.63 ; 0.13 ; 7
EM  0.000000000057 ; 0.000000000014 ; 1308.84 ; 0.13 ; 7
EN  0.0000000000043 ; 0.0000000000011 ; 1308.95 ; 0.13 ; 7
GA  0.00002 ; 0.00001 ; 1406.03 ; 0.11 ; 6
GA  0.00005 ; 0.00001 ; 2156.15 ; 0.11 ; 2
EK  0.00000000207 ; 0.00000000041 ; 2144.31 ; 0.11 ; 2
EL1 0.000000000206 ; 0.000000000041 ; 2154.65 ; 0.11 ; 2
EL2 0.00000000000076 ; 0.00000000000015 ; 2154.82 ; 0.11 ; 2
EL3 0.00000000000229 ; 0.00000000000046 ; 2154.86 ; 0.11 ; 2
EM  0.000000000032 ; 0.000000000006 ; 2156.07 ; 0.11 ; 2
EN  0.00000000000245 ; 0.00000000000049 ; 2156.18 ; 0.11 ; 2
GA  0.00005 ; 0.00001 ; 2517 ; 0.11 ; 1
COM -------------- Level Separator - T1/2 in seconds -------------
LED 2482.87 ; 0.23 ; 3 ;  ;  ; 19
GA  0.00005 ; 0.00001 ; 1153.97 ; 0.24 ; 10
GA  0.00001 ; 0.00001 ; 1972.79 ; 0.23 ; 3
GA  0.00003 ; 0.00001 ; 2054.93 ; 0.23 ; 2
COM -------------- Level Separator - T1/2 in seconds -------------
LED 2476.1 ; 0.2 ; 2 ;  ;  ; 18
GA  0.00002 ; 0.00001 ; 1439 ; 0.2 ; 5
GA  0.00001 ; 0.00001 ; 2048.2 ; 0.2 ; 2
COM -------------- Level Separator - T1/2 in seconds -------------
LED 2434.1 ; 0.4 ; 2 ;  ;  ; 17
GA  0.00003 ; 0.00001 ; 1159 ; 0.4 ; 7
GA  0.00002 ; 0.00001 ; 2006.2 ; 0.4 ; 2
COM -------------- Level Separator - T1/2 in seconds -------------
LED 2311.63 ; 0.06 ; 12 ;  ;  ; 16
GA  0.00034 ; 0.00001 ; 982.73 ; 0.08 ; 10
GA  0.00053 ; 0.00002 ; 1018.25 ; 0.07 ; 9
GA  0.00015 ; 0.00001 ; 1036.48 ; 0.09 ; 7
GA  0.00006 ; 0.00001 ; 1317.85 ; 0.06 ; 4
EK  0.0000000054 ; 0.0000000009 ; 1305.99 ; 0.06 ; 4
EL1 0.00000000054 ; 0.00000000009 ; 1316.33 ; 0.06 ; 4
EL2 0.0000000000031 ; 0.0000000000005 ; 1316.5 ; 0.06 ; 4
EL3 0.0000000000074 ; 0.0000000000012 ; 1316.54 ; 0.06 ; 4
EM  0.000000000084 ; 0.000000000014 ; 1317.75 ; 0.06 ; 4
EN  0.0000000000064 ; 0.0000000000011 ; 1317.86 ; 0.06 ; 4
GA  0.00019 ; 0.00005 ; 1801.56 ; 0.06 ; 3
GA  0.0003 ; 0.00002 ; 1883.69 ; 0.06 ; 2
COM -------------- Level Separator - T1/2 in seconds -------------
LED 2180.66 ; 0.1 ; 10 ;  ;  ; 15
GA  0.00011 ; 0.00008 ; 887.28 ; 0.1 ; 9
GA  0.00004 ; 0.00001 ; 1002.6 ; 0.1 ; 6
EK  0.0000000059 ; 0.0000000015 ; 990.74 ; 0.1 ; 6
EL1 0.00000000059 ; 0.00000000015 ; 1001.08 ; 0.1 ; 6
EL2 0.0000000000043 ; 0.0000000000011 ; 1001.25 ; 0.1 ; 6
EL3 0.0000000000094 ; 0.0000000000024 ; 1001.29 ; 0.1 ; 6
EM  0.000000000092 ; 0.000000000023 ; 1002.5 ; 0.1 ; 6
EN  0.0000000000071 ; 0.0000000000018 ; 1002.61 ; 0.1 ; 6
GA  0.00005 ; 0.00001 ; 1670.59 ; 0.1 ; 3
GA  0.00011 ; 0.00001 ; 1752.73 ; 0.1 ; 2
COM -------------- Level Separator - T1/2 in seconds -------------
LED 1975.41 ; 0.11 ; 9 ;  ;  ; 14
GA  0.00019 ; 0.00002 ; 682.04 ; 0.11 ; 9
EK  0.000000063 ; 0.000000007 ; 670.17 ; 0.11 ; 9
EL1 0.0000000063 ; 0.0000000007 ; 680.51 ; 0.11 ; 9
EL2 0.000000000064 ; 0.000000000007 ; 680.68 ; 0.11 ; 9
EL3 0.000000000123 ; 0.000000000013 ; 680.72 ; 0.11 ; 9
EM  0.00000000098 ; 0.0000000001 ; 681.93 ; 0.11 ; 9
EN  0.000000000074 ; 0.000000000008 ; 682.04 ; 0.11 ; 9
GA  0.00044 ; 0.00002 ; 700.27 ; 0.13 ; 7
GA  0.00031 ; 0.00001 ; 1547.48 ; 0.11 ; 2
COM -------------- Level Separator - T1/2 in seconds -------------
LED 1961.8 ; 0.2 ; 2 ;  ;  ; 13
GA  0.00012 ; 0.00005 ; 968 ; 0.2 ; 4
GA  0.00006 ; 0.00002 ; 1451.7 ; 0.2 ; 3
COM -------------- Level Separator - T1/2 in seconds -------------
LED 1910.13 ; 0.12 ; 8 ;  ;  ; 12
GA  0.00038 ; 0.00007 ; 872.99 ; 0.12 ; 5
EK  0.000000182 ; 0.000000034 ; 861.13 ; 0.12 ; 5
EL1 0.0000000182 ; 0.0000000034 ; 871.47 ; 0.12 ; 5
EL2 0.00000000036 ; 0.00000000007 ; 871.64 ; 0.12 ; 5
EL3 0.00000000036 ; 0.00000000007 ; 871.68 ; 0.12 ; 5
EM  0.0000000029 ; 0.0000000005 ; 872.89 ; 0.12 ; 5
EN  0.000000000219 ; 0.000000000041 ; 873 ; 0.12 ; 5
GA  0.00022 ; 0.00001 ; 1482.2 ; 0.06 ; 2
COM -------------- Level Separator - T1/2 in seconds -------------
LED 1850.59 ; 0.05 ; 24 ;  ;  ; 11
GA  0.00052 ; 0.00002 ; 557.5 ; 0.11 ; 8
GA  0.00146 ; 0.00007 ; 575.45 ; 0.09 ; 7
GA  0.00009 ; 0.00001 ; 813.46 ; 0.06 ; 5
EK  0.000000052 ; 0.000000006 ; 801.59 ; 0.06 ; 5
EL1 0.0000000052 ; 0.0000000006 ; 811.93 ; 0.06 ; 5
EL2 0.00000000011 ; 0.000000000012 ; 812.1 ; 0.06 ; 5
EL3 0.00000000011 ; 0.000000000012 ; 812.14 ; 0.06 ; 5
EM  0.00000000082 ; 0.00000000009 ; 813.35 ; 0.06 ; 5
EN  0.000000000062 ; 0.000000000007 ; 813.46 ; 0.06 ; 5
GA  0.00023 ; 0.00006 ; 856.81 ; 0.05 ; 4
EK  0.000000047 ; 0.000000012 ; 844.95 ; 0.05 ; 4
EL1 0.0000000046 ; 0.0000000012 ; 855.29 ; 0.05 ; 4
EL2 0.000000000039 ; 0.00000000001 ; 855.46 ; 0.05 ; 4
EL3 0.00000000008 ; 0.000000000021 ; 855.5 ; 0.05 ; 4
EM  0.00000000073 ; 0.00000000019 ; 856.71 ; 0.05 ; 4
EN  0.000000000055 ; 0.000000000014 ; 856.82 ; 0.05 ; 4
GA  0.00069 ; 0.00002 ; 1340.53 ; 0.05 ; 3
EK  0.0000001242 ; 0.0000000042 ; 1328.67 ; 0.05 ; 3
EL1 0.00000001242 ; 0.00000000042 ; 1339.01 ; 0.05 ; 3
EL2 0.0000000001463 ; 0.0000000000047 ; 1339.18 ; 0.05 ; 3
EL3 0.000000000161 ; 0.000000000005 ; 1339.22 ; 0.05 ; 3
EM  0.00000000195 ; 0.00000000006 ; 1340.43 ; 0.05 ; 3
EN  0.0000000001484 ; 0.0000000000048 ; 1340.54 ; 0.05 ; 3
GA  0.00135 ; 0.00005 ; 1422.67 ; 0.06 ; 2
COM -------------- Level Separator - T1/2 in seconds -------------
LED 1328.89 ; 0.05 ; 2 ;  ;  ; 10
GA  0.00036 ; 0.00002 ; 818.84 ; 0.05 ; 3
GA  0.00135 ; 0.00002 ; 900.97 ; 0.05 ; 2
COM -------------- Level Separator - T1/2 in seconds -------------
LED 1293.37 ; 0.03 ; 9 ;  ;  ; 9
GA  0.00058 ; 0.00002 ; 783.32 ; 0.04 ; 3
GA  0.0002 ; 0.0001 ; 865.45 ; 0.03 ; 2
GA  0.00003 ; 0.00002 ; 1226.32 ; 0.03 ; 1
EK  0.0000000031 ; 0.000000002 ; 1214.463 ; 0.03 ; 1
EL1 0.00000000031 ; 0.0000000002 ; 1224.804 ; 0.03 ; 1
EL2 0.0000000000019 ; 0.0000000000012 ; 1224.971 ; 0.03 ; 1
EL3 0.0000000000044 ; 0.0000000000029 ; 1225.007 ; 0.03 ; 1
EM  0.000000000048 ; 0.000000000032 ; 1226.215 ; 0.03 ; 1
EN  0.0000000000036 ; 0.0000000000024 ; 1226.326 ; 0.03 ; 1
COM -------------- Level Separator - T1/2 in seconds -------------
LED 1293.09 ; 0.1 ; 1 ;  ;  ; 8
GA  0.005 ; 0.0002 ; 865.17 ; 0.1 ; 2
COM -------------- Level Separator - T1/2 in seconds -------------
LED 1275.14 ; 0.07 ; 16 ;  ;  ; 7
GA  0.00127 ; 0.00002 ; 765.09 ; 0.07 ; 3
GA  0.00078 ; 0.00006 ; 847.22 ; 0.07 ; 2
GA  0.00004 ; 0.00001 ; 1208.09 ; 0.07 ; 1
EK  0.0000000042 ; 0.0000000011 ; 1196.23 ; 0.07 ; 1
EL1 0.00000000042 ; 0.00000000011 ; 1206.57 ; 0.07 ; 1
EL2 0.0000000000026 ; 0.0000000000007 ; 1206.74 ; 0.07 ; 1
EL3 0.000000000006 ; 0.0000000000015 ; 1206.78 ; 0.07 ; 1
EM  0.000000000065 ; 0.000000000016 ; 1207.99 ; 0.07 ; 1
EN  0.000000000005 ; 0.0000000000013 ; 1208.1 ; 0.07 ; 1
GA  0.00007 ; 0.00001 ; 1275.13 ; 0.07 ; 0
EK  0.0000000276 ; 0.000000004 ; 1263.27 ; 0.07 ; 0
EL1 0.00000000281 ; 0.0000000004 ; 1273.61 ; 0.07 ; 0
EL2 0.00000000004 ; 0.000000000006 ; 1273.78 ; 0.07 ; 0
EL3 0.0000000000154 ; 0.0000000000022 ; 1273.82 ; 0.07 ; 0
EM  0.00000000044 ; 0.00000000006 ; 1275.03 ; 0.07 ; 0
EN  0.0000000000334 ; 0.0000000000048 ; 1275.14 ; 0.07 ; 0
COM -------------- Level Separator - T1/2 in seconds -------------
LED 1178.052 ; 0.021 ; 1 ;  ;  ; 6
GA  0.00201 ; 0.00002 ; 1111.004 ; 0.023 ; 1
COM -------------- Level Separator - T1/2 in seconds -------------
LED 1037.13 ; 0.03 ; 7 ;  ;  ; 5
GA  0.00049 ; 0.00004 ; 609.22 ; 0.04 ; 2
EK  0.00000062 ; 0.00000005 ; 597.353 ; 0.04 ; 2
EL1 0.000000061 ; 0.000000005 ; 607.694 ; 0.04 ; 2
EL2 0.00000000181 ; 0.00000000015 ; 607.861 ; 0.04 ; 2
EL3 0.00000000182 ; 0.00000000015 ; 607.897 ; 0.04 ; 2
EM  0.0000000099 ; 0.0000000008 ; 609.105 ; 0.04 ; 2
EN  0.00000000075 ; 0.00000000006 ; 609.216 ; 0.04 ; 2
COM -------------- Level Separator - T1/2 in seconds -------------
LED 993.766 ; 0.012 ; 8 ;  ;  ; 4
GA  0.00004 ; 0.00001 ; 926.721 ; 0.014 ; 1
GA  0.00005 ; 0.00001 ; 993.759 ; 0.012 ; 0
EK  0.0000000175 ; 0.0000000035 ; 981.899 ; 0.012 ; 0
EL1 0.00000000176 ; 0.00000000035 ; 992.239 ; 0.012 ; 0
EL2 0.00000000003 ; 0.000000000006 ; 992.407 ; 0.012 ; 0
EL3 0.00000000003 ; 0.000000000006 ; 992.443 ; 0.012 ; 0
EM  0.00000000028 ; 0.00000000006 ; 993.651 ; 0.012 ; 0
EN  0.000000000021 ; 0.0000000000042 ; 993.762 ; 0.012 ; 0
COM -------------- Level Separator - T1/2 in seconds -------------
LED 510.055 ; 0.017 ; 14 ;  ;  ; 3
GA  0.0005 ; 0.00003 ; 443.015 ; 0.019 ; 1
EK  0.000000463 ; 0.000000029 ; 431.149 ; 0.019 ; 1
EL1 0.000000046 ; 0.0000000028 ; 441.49 ; 0.019 ; 1
EL2 0.000000000661 ; 0.000000000041 ; 441.657 ; 0.019 ; 1
EL3 0.00000000116 ; 0.00000000007 ; 441.693 ; 0.019 ; 1
EM  0.00000000727 ; 0.00000000045 ; 442.901 ; 0.019 ; 1
EN  0.000000000552 ; 0.000000000034 ; 443.012 ; 0.019 ; 1
GA  0.0026 ; 0.0003 ; 510.053 ; 0.017 ; 0
EK  0.00000169 ; 0.0000002 ; 498.188 ; 0.017 ; 0
EL1 0.000000168 ; 0.00000002 ; 508.528 ; 0.017 ; 0
EL2 0.00000000217 ; 0.00000000025 ; 508.696 ; 0.017 ; 0
EL3 0.00000000392 ; 0.00000000046 ; 508.732 ; 0.017 ; 0
EM  0.0000000265 ; 0.0000000031 ; 509.94 ; 0.017 ; 0
EN  0.00000000201 ; 0.00000000023 ; 510.05 ; 0.017 ; 0
COM -------------- Level Separator - T1/2 in seconds -------------
LED 427.906 ; 0.021 ; 14 ; 5.75E-6 ; 2.E-7 ; 2
GA  0.9691 ; 0.002 ; 360.866 ; 0.023 ; 1
EK  0.01129 ; 0.00017 ; 349 ; 0.023 ; 1
EL1 0.001177 ; 0.000017 ; 359.34 ; 0.023 ; 1
EL2 0.0000471 ; 0.0000008 ; 359.508 ; 0.023 ; 1
EL3 0.00002132 ; 0.00000039 ; 359.544 ; 0.023 ; 1
EM  0.0001909 ; 0.0000029 ; 360.752 ; 0.023 ; 1
EN  0.0000144 ; 0.00000021 ; 360.862 ; 0.023 ; 1
GA  0.00078 ; 0.00014 ; 427.905 ; 0.021 ; 0
EK  0.0000093 ; 0.0000017 ; 416.039 ; 0.021 ; 0
EL1 0.00000091 ; 0.00000016 ; 426.38 ; 0.021 ; 0
EL2 0.000000099 ; 0.000000018 ; 426.547 ; 0.021 ; 0
EL3 0.000000076 ; 0.000000014 ; 426.583 ; 0.021 ; 0
EM  0.000000166 ; 0.00000003 ; 427.791 ; 0.021 ; 0
EN  0.000000012 ; 0.0000000022 ; 427.902 ; 0.021 ; 0
COM -------------- Level Separator - T1/2 in seconds -------------
LED 67.039 ; 0.008 ; 7 ; 4.97E-9 ; 7.E-11 ; 1
GA  0.707 ; 0.07 ; 67.039 ; 0.008 ; 0
EK  0.17 ; 0.017 ; 55.172 ; 0.008 ; 0
EL1 0.0175 ; 0.0018 ; 65.512 ; 0.008 ; 0
EL2 0.00086 ; 0.00009 ; 65.68 ; 0.008 ; 0
EL3 0.000334 ; 0.000033 ; 65.716 ; 0.008 ; 0
EM  0.00286 ; 0.00029 ; 66.924 ; 0.008 ; 0
EN  0.000215 ; 0.000022 ; 67.035 ; 0.008 ; 0
