PAR SE75
AZP 75 ; 34
NDA 1
COM ***************** Evaluation Date: 09/08/2013 ****************
COM ===================== Daughter Separator =====================
DAU AS75
DDE 1 ;  ; 9 ; 32
Q   863.6 ; 0.8
COM ---------------------- Branch Separator ----------------------
CK  0.000059 ; 0.0000015 ; 9 ; 42 ; 0.8 ; 0
CL  0.00001199 ; 0.00000035 ; 9 ; 42 ; 0.8 ; 0
CM  0.0000022 ; 0.00000008 ; 9 ; 42 ; 0.8 ; 0
CN  0.00000022 ; 0.000000016 ; 9 ; 42 ; 0.8 ; 0
COM ---------------------- Branch Separator ----------------------
CK  0.00011 ; 0.000005 ; 8 ; 245.9 ; 0.8 ; -1
CL  0.0000135 ; 0.0000007 ; 8 ; 245.9 ; 0.8 ; -1
CM  0.00000234 ; 0.00000012 ; 8 ; 245.9 ; 0.8 ; -1
CN  0.000000227 ; 0.000000027 ; 8 ; 245.9 ; 0.8 ; -1
COM ---------------------- Branch Separator ----------------------
CK  0.0003045 ; 0.0000031 ; 7 ; 291.38 ; 0.8 ; 0
CL  0.0000369 ; 0.0000006 ; 7 ; 291.38 ; 0.8 ; 0
CM  0.00000641 ; 0.00000015 ; 7 ; 291.38 ; 0.8 ; 0
CN  0.000000627 ; 0.000000035 ; 7 ; 291.38 ; 0.8 ; 0
COM ---------------------- Branch Separator ----------------------
CK  0.00000315 ; 0.00000044 ; 6 ; 395 ; 0.8 ; -1
CL  0.00000037 ; 0.00000005 ; 6 ; 395 ; 0.8 ; -1
CM  0.000000065 ; 0.000000009 ; 6 ; 395 ; 0.8 ; -1
CN  0.0000000065 ; 0.000000001 ; 6 ; 395 ; 0.8 ; -1
COM ---------------------- Branch Separator ----------------------
CK  0.829 ; 0.018 ; 5 ; 462.9415 ; 0.8 ; 0
CL  0.0976 ; 0.0025 ; 5 ; 462.9415 ; 0.8 ; 0
CM  0.0169 ; 0.0005 ; 5 ; 462.9415 ; 0.8 ; 0
CN  0.0017 ; 0.0001 ; 5 ; 462.9415 ; 0.8 ; 0
COM ---------------------- Branch Separator ----------------------
COM ---------------------- Branch Separator ----------------------
CK  0.018 ; 0.012 ; 3 ; 584.0572 ; 0.8 ; 0
CL  0.0022 ; 0.0014 ; 3 ; 584.0572 ; 0.8 ; 0
CM  0.00037 ; 0.00025 ; 3 ; 584.0572 ; 0.8 ; 0
CN  0.000036 ; 0.000024 ; 3 ; 584.0572 ; 0.8 ; 0
COM ---------------------- Branch Separator ----------------------
CK  0.0123 ; 0.0018 ; 2 ; 598.9419 ; 0.8 ; 0
CL  0.00143 ; 0.00021 ; 2 ; 598.9419 ; 0.8 ; 0
CM  0.000248 ; 0.000036 ; 2 ; 598.9419 ; 0.8 ; 0
CN  0.0000238 ; 0.0000037 ; 2 ; 598.9419 ; 0.8 ; 0
COM ---------------------- Branch Separator ----------------------
COM ---------------------- Branch Separator ----------------------
CK  0.0125 ; 0.0019 ; 0 ; 863.6 ; 0.8 ; 0
CL  0.00144 ; 0.00022 ; 0 ; 863.6 ; 0.8 ; 0
CM  0.000249 ; 0.000039 ; 0 ; 863.6 ; 0.8 ; 0
CN  0.0000241 ; 0.000004 ; 0 ; 863.6 ; 0.8 ; 0
COM -------------- Level Separator - T1/2 in seconds -------------
LED 821.6 ; 0.2 ; 28 ; 3.E-12 ; 3.E-13 ; 9
GA  0.0000394 ; 0.0000012 ; 249.3 ; 0.3 ; 7
EK  0.00000059 ; 0.00000036 ; 237.43 ; 0.3 ; 7
EL1 0.000000059 ; 0.000000032 ; 247.77 ; 0.3 ; 7
EL2 0.0000000035 ; 0.0000000032 ; 247.94 ; 0.3 ; 7
EL3 0.0000000039 ; 0.0000000039 ; 247.98 ; 0.3 ; 7
EM  0.00000001 ; 0.000000006 ; 249.19 ; 0.3 ; 7
EN  0.00000000075 ; 0.00000000043 ; 249.3 ; 0.3 ; 7
GA  0.00000435 ; 0.00000006 ; 542.02 ; 0.18 ; 3
EK  0.0000000065 ; 0.0000000013 ; 530.15 ; 0.18 ; 3
EL1 0.00000000065 ; 0.00000000013 ; 540.49 ; 0.18 ; 3
EL2 0.000000000017 ; 0.000000000009 ; 540.66 ; 0.18 ; 3
EL3 0.000000000015 ; 0.000000000011 ; 540.7 ; 0.18 ; 3
EM  0.0000000001 ; 0.000000000026 ; 541.91 ; 0.18 ; 3
EN  0.0000000000078 ; 0.0000000000017 ; 542.02 ; 0.18 ; 3
GA  0.0000276 ; 0.0000012 ; 557.8 ; 0.9 ; 2
EK  0.0000000449 ; 0.0000000021 ; 545.03 ; 0.18 ; 2
EL1 0.00000000447 ; 0.00000000021 ; 555.37 ; 0.18 ; 2
EL2 0.000000000145 ; 0.000000000007 ; 555.54 ; 0.18 ; 2
EL3 0.000000000147 ; 0.000000000007 ; 555.58 ; 0.18 ; 2
EM  0.000000000723 ; 0.000000000033 ; 556.79 ; 0.18 ; 2
EN  0.0000000000544 ; 0.0000000000025 ; 556.9 ; 0.18 ; 2
GA  0.00000134 ; 0.00000008 ; 821.56 ; 0.18 ; 0
EK  0.000000000748 ; 0.000000000046 ; 809.69 ; 0.18 ; 0
EL1 0.0000000000749 ; 0.0000000000046 ; 820.03 ; 0.18 ; 0
EL2 0.00000000000158 ; 0.0000000000001 ; 820.2 ; 0.18 ; 0
EL3 0.00000000000158 ; 0.0000000000001 ; 820.24 ; 0.18 ; 0
EM  0.0000000000119 ; 0.0000000000007 ; 821.45 ; 0.18 ; 0
EN  0.0000000000009 ; 0.00000000000006 ; 821.56 ; 0.18 ; 0
COM -------------- Level Separator - T1/2 in seconds -------------
LED 617.7 ; 0.4 ; 14 ;  ;  ; 8
GA  0.000121 ; 0.000006 ; 419.1 ; 0.4 ; 1
EK  0.00000036 ; 0.00000012 ; 407.23 ; 0.4 ; 1
EL1 0.000000036 ; 0.000000011 ; 417.57 ; 0.4 ; 1
EL2 0.0000000013 ; 0.0000000008 ; 417.74 ; 0.4 ; 1
EL3 0.0000000012 ; 0.000000001 ; 417.78 ; 0.4 ; 1
EM  0.0000000059 ; 0.000000002 ; 418.99 ; 0.4 ; 1
EN  0.00000000045 ; 0.00000000015 ; 419.1 ; 0.4 ; 1
GA  0.0000453 ; 0.0000005 ; 617.8 ; 0.4 ; 0
EK  0.000000047 ; 0.000000008 ; 605.93 ; 0.4 ; 0
EL1 0.0000000047 ; 0.0000000008 ; 616.27 ; 0.4 ; 0
EL2 0.000000000109 ; 0.00000000005 ; 616.44 ; 0.4 ; 0
EL3 0.0000000001 ; 0.00000000006 ; 616.48 ; 0.4 ; 0
EM  0.00000000077 ; 0.00000000014 ; 617.69 ; 0.4 ; 0
EN  0.000000000057 ; 0.00000000001 ; 617.8 ; 0.4 ; 0
COM -------------- Level Separator - T1/2 in seconds -------------
LED 572.22 ; 0.24 ; 14 ; 2.9E-12 ; 3.E-13 ; 7
GA  0.0000256 ; 0.0000011 ; 373.61 ; 0.24 ; 1
EK  0.000000148 ; 0.000000007 ; 361.74 ; 0.24 ; 1
EL1 0.0000000146 ; 0.0000000007 ; 372.08 ; 0.24 ; 1
EL2 0.000000000714 ; 0.000000000033 ; 372.25 ; 0.24 ; 1
EL3 0.000000000765 ; 0.000000000035 ; 372.29 ; 0.24 ; 1
EM  0.00000000244 ; 0.00000000011 ; 373.5 ; 0.24 ; 1
EN  0.000000000182 ; 0.000000000008 ; 373.61 ; 0.24 ; 1
GA  0.0003622 ; 0.0000031 ; 572.22 ; 0.24 ; 0
EK  0.000000377 ; 0.000000006 ; 560.35 ; 0.24 ; 0
EL1 0.0000000381 ; 0.0000000006 ; 570.69 ; 0.24 ; 0
EL2 0.000000000634 ; 0.000000000012 ; 570.86 ; 0.24 ; 0
EL3 0.00000000036 ; 0.000000000008 ; 570.9 ; 0.24 ; 0
EM  0.00000000596 ; 0.0000000001 ; 572.11 ; 0.24 ; 0
EN  0.000000000455 ; 0.000000000008 ; 572.22 ; 0.24 ; 0
COM -------------- Level Separator - T1/2 in seconds -------------
LED 468.6 ; 0.4 ; 7 ;  ;  ; 6
GA  0.0000036 ; 0.0000005 ; 468.6 ; 0.4 ; 0
EK  0.0000000079 ; 0.0000000024 ; 456.73 ; 0.4 ; 0
EL1 0.00000000079 ; 0.00000000024 ; 467.07 ; 0.4 ; 0
EL2 0.000000000025 ; 0.000000000015 ; 467.24 ; 0.4 ; 0
EL3 0.000000000022 ; 0.000000000018 ; 467.28 ; 0.4 ; 0
EM  0.000000000126 ; 0.00000000004 ; 468.49 ; 0.4 ; 0
EN  0.0000000000097 ; 0.0000000000032 ; 468.6 ; 0.4 ; 0
COM -------------- Level Separator - T1/2 in seconds -------------
LED 400.6585 ; 0.0008 ; 28 ; 1.67E-9 ; 5.E-11 ; 5
GA  0.0335 ; 0.0007 ; 96.734 ; 0.0009 ; 4
EK  0.0259 ; 0.0007 ; 84.8673 ; 0.0009 ; 4
EL1 0.00233 ; 0.00006 ; 95.2075 ; 0.0009 ; 4
EL2 0.00048 ; 0.000012 ; 95.3754 ; 0.0009 ; 4
EL3 0.000683 ; 0.000017 ; 95.4109 ; 0.0009 ; 4
EM  0.000528 ; 0.000013 ; 96.6194 ; 0.0009 ; 4
EN  0.0000354 ; 0.0000009 ; 96.7295 ; 0.0009 ; 4
GA  0.1686 ; 0.0036 ; 121.1155 ; 0.0011 ; 3
EK  0.00627 ; 0.00017 ; 109.2488 ; 0.0011 ; 3
EL1 0.000595 ; 0.000015 ; 119.589 ; 0.0011 ; 3
EL2 0.000022 ; 0.0000006 ; 119.7569 ; 0.0011 ; 3
EL3 0.0000366 ; 0.0000009 ; 119.7924 ; 0.0011 ; 3
EM  0.0000991 ; 0.0000026 ; 121.0009 ; 0.0011 ; 3
EN  0.00000737 ; 0.0000002 ; 121.111 ; 0.0011 ; 3
GA  0.577 ; 0.02 ; 136.0001 ; 0.0006 ; 2
EK  0.0152 ; 0.0006 ; 124.1334 ; 0.0006 ; 2
EL1 0.00145 ; 0.00006 ; 134.4736 ; 0.0006 ; 2
EL2 0.000049 ; 0.0000018 ; 134.6415 ; 0.0006 ; 2
EL3 0.0000814 ; 0.000003 ; 134.677 ; 0.0006 ; 2
EM  0.000239 ; 0.000009 ; 135.8855 ; 0.0006 ; 2
EN  0.0000179 ; 0.0000007 ; 135.9956 ; 0.0006 ; 2
GA  0.11388 ; 0.00042 ; 400.6572 ; 0.0008 ; 0
EK  0.0001369 ; 0.000002 ; 388.7905 ; 0.0008 ; 0
EL1 0.00001355 ; 0.0000002 ; 399.1307 ; 0.0008 ; 0
EL2 0.0000002107 ; 0.0000000035 ; 399.2986 ; 0.0008 ; 0
EL3 0.000000366 ; 0.000000006 ; 399.3341 ; 0.0008 ; 0
EM  0.000002152 ; 0.000000035 ; 400.5426 ; 0.0008 ; 0
EN  0.0000001631 ; 0.0000000024 ; 400.6527 ; 0.0008 ; 0
COM -------------- Level Separator - T1/2 in seconds -------------
LED 303.9243 ; 0.0011 ; 14 ; 1.762E-2 ; 2.3E-4 ; 4
GA  0.00027 ; 0.00006 ; 24.3815 ; 0.0014 ; 3
EK  0.045 ; 0.012 ; 12.5148 ; 0.0014 ; 3
EL1 0.0065 ; 0.0015 ; 22.855 ; 0.0014 ; 3
EL2 0.00063 ; 0.00014 ; 23.0229 ; 0.0014 ; 3
EL3 0.00166 ; 0.00037 ; 23.0584 ; 0.0014 ; 3
EM  0.00139 ; 0.00031 ; 24.2669 ; 0.0014 ; 3
EN  0.000097 ; 0.000022 ; 24.377 ; 0.0014 ; 3
GA  0.01308 ; 0.00005 ; 303.9236 ; 0.001 ; 0
EK  0.000613 ; 0.000009 ; 292.0569 ; 0.001 ; 0
EL1 0.0000591 ; 0.0000009 ; 302.3971 ; 0.001 ; 0
EL2 0.00000971 ; 0.00000015 ; 302.565 ; 0.001 ; 0
EL3 0.0000085 ; 0.00000012 ; 302.6005 ; 0.001 ; 0
EM  0.00001176 ; 0.00000018 ; 303.809 ; 0.001 ; 0
EN  0.000000824 ; 0.000000012 ; 303.9191 ; 0.001 ; 0
COM -------------- Level Separator - T1/2 in seconds -------------
LED 279.5428 ; 0.0011 ; 15 ; 2.73E-10 ; 3.E-12 ; 3
GA  0.000206 ; 0.000006 ; 14.8847 ; 0.0013 ; 2
GA  0.000095 ; 0.000005 ; 80.9365 ; 0.0015 ; 1
EK  0.000141 ; 0.000008 ; 69.0698 ; 0.0015 ; 1
EL1 0.0000125 ; 0.0000007 ; 79.41 ; 0.0015 ; 1
EL2 0.00000324 ; 0.00000018 ; 79.5779 ; 0.0015 ; 1
EL3 0.00000474 ; 0.00000026 ; 79.6134 ; 0.0015 ; 1
EM  0.0000031 ; 0.00000017 ; 80.8219 ; 0.0015 ; 1
EN  0.000000202 ; 0.000000011 ; 80.932 ; 0.0015 ; 1
GA  0.2489 ; 0.0009 ; 279.5422 ; 0.001 ; 0
EK  0.00202 ; 0.0001 ; 267.6755 ; 0.001 ; 0
EL1 0.000199 ; 0.000008 ; 278.0157 ; 0.001 ; 0
EL2 0.0000089 ; 0.0000006 ; 278.1836 ; 0.001 ; 0
EL3 0.0000082 ; 0.0000007 ; 278.2191 ; 0.001 ; 0
EM  0.0000331 ; 0.0000015 ; 279.4276 ; 0.001 ; 0
EN  0.00000246 ; 0.0000001 ; 279.5377 ; 0.001 ; 0
COM -------------- Level Separator - T1/2 in seconds -------------
LED 264.6581 ; 0.001 ; 14 ; 1.12E-11 ; 3.E-13 ; 2
GA  0.01085 ; 0.00035 ; 66.0518 ; 0.0008 ; 1
EK  0.00315 ; 0.00034 ; 54.1851 ; 0.0008 ; 1
EL1 0.000318 ; 0.000026 ; 64.5253 ; 0.0008 ; 1
EL2 0.000028 ; 0.000009 ; 64.6932 ; 0.0008 ; 1
EL3 0.000027 ; 0.000014 ; 64.7287 ; 0.0008 ; 1
EM  0.000056 ; 0.000008 ; 65.9372 ; 0.0008 ; 1
EN  0.00000412 ; 0.00000045 ; 66.0473 ; 0.0008 ; 1
GA  0.5875 ; 0.0019 ; 264.6576 ; 0.0009 ; 0
EK  0.0038 ; 0.00015 ; 252.7909 ; 0.0009 ; 0
EL1 0.000385 ; 0.000014 ; 263.1311 ; 0.0009 ; 0
EL2 0.0000105 ; 0.0000012 ; 263.299 ; 0.0009 ; 0
EL3 0.0000051 ; 0.0000015 ; 263.3345 ; 0.0009 ; 0
EM  0.0000611 ; 0.0000029 ; 264.543 ; 0.0009 ; 0
EN  0.00000464 ; 0.00000018 ; 264.6531 ; 0.0009 ; 0
COM -------------- Level Separator - T1/2 in seconds -------------
LED 198.6063 ; 0.0013 ; 7 ; 8.85E-10 ; 2.1E-11 ; 1
GA  0.0146 ; 0.0006 ; 198.606 ; 0.0012 ; 0
EK  0.000244 ; 0.000017 ; 186.7393 ; 0.0012 ; 0
EL1 0.0000244 ; 0.0000017 ; 197.0795 ; 0.0012 ; 0
EL2 0.00000117 ; 0.00000015 ; 197.2474 ; 0.0012 ; 0
EL3 0.00000099 ; 0.00000018 ; 197.2829 ; 0.0012 ; 0
EM  0.00000404 ; 0.00000029 ; 198.4914 ; 0.0012 ; 0
EN  0.000000302 ; 0.000000021 ; 198.6015 ; 0.0012 ; 0
