PAR TA182
AZP 182 ; 73
NDA 1
COM ***************** Evaluation Date: 25/11/2009 ****************
COM ===================== Daughter Separator =====================
DAU W182
DDE 1 ;  ; 13 ; 9
Q   1814.3 ; 1.7
COM ---------------------- Branch Separator ----------------------
BEM 0.29 ; 0.007 ; 13 ; 261.1 ; 1.7 ; 0
COM ---------------------- Branch Separator ----------------------
BEM 0.001414 ; 0.000039 ; 12 ; 304 ; 1.7 ; 0
COM ---------------------- Branch Separator ----------------------
BEM 0.015 ; 0.007 ; 11 ; 326.8 ; 1.7 ; 0
COM ---------------------- Branch Separator ----------------------
BEM 0.00563 ; 0.0001 ; 10 ; 371.5 ; 1.7 ; 0
COM ---------------------- Branch Separator ----------------------
BEM 0.199 ; 0.007 ; 9 ; 440.5 ; 1.7 ; 0
COM ---------------------- Branch Separator ----------------------
BEM 0.0239 ; 0.0015 ; 8 ; 483.2 ; 1.7 ; 0
COM ---------------------- Branch Separator ----------------------
BEM 0.451 ; 0.023 ; 7 ; 525.2 ; 1.7 ; 0
COM ---------------------- Branch Separator ----------------------
BEM 0.0022 ; 0.0021 ; 6 ; 556.9 ; 1.7 ; 0
COM ---------------------- Branch Separator ----------------------
BEM 0.016 ; 0.022 ; 5 ; 592.9 ; 1.7 ; 0
COM ---------------------- Branch Separator ----------------------
COM ---------------------- Branch Separator ----------------------
COM ---------------------- Branch Separator ----------------------
COM ---------------------- Branch Separator ----------------------
COM ---------------------- Branch Separator ----------------------
COM -------------- Level Separator - T1/2 in seconds -------------
LED 1553.224 ; 0.001 ; 48 ; 1.27E-9 ; 4.E-11 ; 13
GA  0.0297 ; 0.0008 ; 65.72215 ; 0.00015 ; 11
EL1 0.0564 ; 0.0019 ; 53.62235 ; 0.00015 ; 11
EL2 0.0074 ; 0.0024 ; 54.17815 ; 0.00015 ; 11
EL3 0.003 ; 0.0024 ; 55.51535 ; 0.00015 ; 11
EM  0.0154 ; 0.0013 ; 63.45089 ; 0.00015 ; 11
EN  0.00428 ; 0.00032 ; 65.42361 ; 0.00015 ; 11
GA  0.001073 ; 0.000033 ; 110.388 ; 0.009 ; 10
EK  0.000255 ; 0.000009 ; 40.863 ; 0.009 ; 10
EL1 0.0000274 ; 0.0000009 ; 98.288 ; 0.009 ; 10
EL2 0.00000785 ; 0.00000027 ; 98.844 ; 0.009 ; 10
EL3 0.00000856 ; 0.00000029 ; 100.181 ; 0.009 ; 10
EM  0.00000999 ; 0.00000034 ; 108.117 ; 0.009 ; 10
EN  0.00000272 ; 0.00000009 ; 110.089 ; 0.009 ; 10
GA  0.03099 ; 0.00031 ; 179.39381 ; 0.00025 ; 9
EK  0.0136 ; 0.0025 ; 109.86881 ; 0.00025 ; 9
EL1 0.00183 ; 0.00037 ; 167.29401 ; 0.00025 ; 9
EL2 0.00164 ; 0.00031 ; 167.84981 ; 0.00025 ; 9
EL3 0.00112 ; 0.00025 ; 169.18701 ; 0.00025 ; 9
EM  0.00111 ; 0.00007 ; 177.12255 ; 0.00025 ; 9
EN  0.000302 ; 0.000017 ; 179.09527 ; 0.00025 ; 9
GA  0.0754 ; 0.0007 ; 222.1085 ; 0.0003 ; 8
EK  0.00301 ; 0.00005 ; 152.5835 ; 0.0003 ; 8
EL1 0.000353 ; 0.000006 ; 210.0087 ; 0.0003 ; 8
EL2 0.000062 ; 0.0000011 ; 210.5645 ; 0.0003 ; 8
EL3 0.00006 ; 0.0000011 ; 211.9017 ; 0.0003 ; 8
EM  0.0001077 ; 0.0000018 ; 219.83724 ; 0.0003 ; 8
EN  0.0000297 ; 0.0000005 ; 221.80996 ; 0.0003 ; 8
GA  0.03602 ; 0.00036 ; 264.074 ; 0.0003 ; 7
EK  0.00288 ; 0.00005 ; 194.549 ; 0.0003 ; 7
EL1 0.000348 ; 0.000006 ; 251.9742 ; 0.0003 ; 7
EL2 0.000559 ; 0.00001 ; 252.53 ; 0.0003 ; 7
EL3 0.000342 ; 0.000006 ; 253.8672 ; 0.0003 ; 7
EM  0.000307 ; 0.000005 ; 261.80274 ; 0.0003 ; 7
EN  0.0000832 ; 0.0000015 ; 263.77546 ; 0.0003 ; 7
GA  0.00204 ; 0.00021 ; 1223.7928 ; 0.0012 ; 2
EK  0.0000049 ; 0.0000011 ; 1154.2722 ; 0.0012 ; 2
EL1 0.00000067 ; 0.00000016 ; 1211.6974 ; 0.0012 ; 2
EL2 0.000000051 ; 0.000000015 ; 1212.2532 ; 0.0012 ; 2
EL3 0.0000000153 ; 0.000000002 ; 1213.5904 ; 0.0012 ; 2
EM  0.000000169 ; 0.000000039 ; 1221.5259 ; 0.0012 ; 2
EN  0.000000048 ; 0.000000011 ; 1223.4987 ; 0.0012 ; 2
GA  0.00037 ; 0.00007 ; 1453.1118 ; 0.001 ; 1
EK  0.00000159 ; 0.00000032 ; 1383.593 ; 0.001 ; 1
EL1 0.000000226 ; 0.000000047 ; 1441.0182 ; 0.001 ; 1
EL2 0.000000039 ; 0.000000007 ; 1441.574 ; 0.001 ; 1
EL3 0.0000000071 ; 0.0000000014 ; 1442.9112 ; 0.001 ; 1
EM  0.000000063 ; 0.000000012 ; 1450.8467 ; 0.001 ; 1
EN  0.0000000175 ; 0.0000000035 ; 1452.8195 ; 0.001 ; 1
COM -------------- Level Separator - T1/2 in seconds -------------
LED 1510.25 ; 0.07 ; 21 ;  ;  ; 12
GA  0.000141 ; 0.000025 ; 829.8 ; 0.09 ; 3
EK  0.00000076 ; 0.00000013 ; 760.28 ; 0.09 ; 3
EL1 0.000000101 ; 0.000000018 ; 817.7 ; 0.09 ; 3
EL2 0.000000025 ; 0.000000006 ; 818.26 ; 0.09 ; 3
EL3 0.0000000095 ; 0.0000000017 ; 819.59 ; 0.09 ; 3
EM  0.000000031 ; 0.000000006 ; 827.53 ; 0.09 ; 3
EN  0.0000000087 ; 0.0000000015 ; 829.5 ; 0.09 ; 3
GA  0.000869 ; 0.000029 ; 1180.82 ; 0.07 ; 2
EK  0.00000261 ; 0.00000036 ; 1111.29 ; 0.07 ; 2
EL1 0.000000348 ; 0.000000045 ; 1168.72 ; 0.07 ; 2
EL2 0.0000000459 ; 0.0000000018 ; 1169.28 ; 0.07 ; 2
EL3 0.000000015 ; 0.0000000015 ; 1170.61 ; 0.07 ; 2
EM  0.000000094 ; 0.00000001 ; 1178.55 ; 0.07 ; 2
EN  0.0000000262 ; 0.0000000027 ; 1180.52 ; 0.07 ; 2
GA  0.0004 ; 0.000008 ; 1410.14 ; 0.07 ; 1
EK  0.000000772 ; 0.00000002 ; 1340.62 ; 0.07 ; 1
EL1 0.0000001028 ; 0.0000000026 ; 1398.04 ; 0.07 ; 1
EL2 0.00000001204 ; 0.00000000031 ; 1398.6 ; 0.07 ; 1
EL3 0.00000000416 ; 0.0000000001 ; 1399.93 ; 0.07 ; 1
EM  0.000000027 ; 0.0000000007 ; 1407.87 ; 0.07 ; 1
EN  0.00000000754 ; 0.00000000019 ; 1409.84 ; 0.07 ; 1
COM -------------- Level Separator - T1/2 in seconds -------------
LED 1487.5018 ; 0.001 ; 35 ;  ;  ; 11
GA  0.01869 ; 0.0002 ; 113.6717 ; 0.00022 ; 9
EK  0.0467 ; 0.0011 ; 44.1467 ; 0.00022 ; 9
EL1 0.00665 ; 0.00017 ; 101.5719 ; 0.00022 ; 9
EL2 0.00198 ; 0.00019 ; 102.1277 ; 0.00022 ; 9
EL3 0.00125 ; 0.00017 ; 103.4649 ; 0.00022 ; 9
EM  0.00232 ; 0.00008 ; 111.40044 ; 0.00022 ; 9
EN  0.000641 ; 0.000022 ; 113.37316 ; 0.00022 ; 9
GA  0.02662 ; 0.00027 ; 156.3864 ; 0.0003 ; 8
EK  0.002587 ; 0.000046 ; 86.8614 ; 0.0003 ; 8
EL1 0.000291 ; 0.000005 ; 144.2866 ; 0.0003 ; 8
EL2 0.0000652 ; 0.0000013 ; 144.8424 ; 0.0003 ; 8
EL3 0.0000668 ; 0.0000013 ; 146.1796 ; 0.0003 ; 8
EM  0.0000964 ; 0.0000017 ; 154.11514 ; 0.0003 ; 8
EN  0.00002638 ; 0.00000046 ; 156.08786 ; 0.0003 ; 8
GA  0.01461 ; 0.00015 ; 198.35187 ; 0.00029 ; 7
EK  0.00252 ; 0.000045 ; 128.82687 ; 0.00029 ; 7
EL1 0.000286 ; 0.000005 ; 186.25207 ; 0.00029 ; 7
EL2 0.000777 ; 0.000014 ; 186.80787 ; 0.00029 ; 7
EL3 0.000539 ; 0.00001 ; 188.14507 ; 0.00029 ; 7
EM  0.000399 ; 0.000007 ; 196.08061 ; 0.00029 ; 7
EN  0.0001077 ; 0.0000018 ; 198.05333 ; 0.00029 ; 7
GA  0.00295 ; 0.00018 ; 1158.0711 ; 0.0012 ; 2
EK  0.00000342 ; 0.00000021 ; 1088.55 ; 0.0012 ; 2
EL1 0.000000439 ; 0.000000027 ; 1145.9752 ; 0.0012 ; 2
EL2 0.000000023 ; 0.0000000014 ; 1146.531 ; 0.0012 ; 2
EL3 0.00000002 ; 0.0000000013 ; 1147.8682 ; 0.0012 ; 2
EM  0.000000108 ; 0.000000007 ; 1155.8037 ; 0.0012 ; 2
EN  0.0000000302 ; 0.0000000019 ; 1157.7765 ; 0.0012 ; 2
GA  0.000725 ; 0.000011 ; 1387.39 ; 0.003 ; 1
EK  0.00000326 ; 0.00000012 ; 1317.865 ; 0.003 ; 1
EL1 0.000000465 ; 0.000000018 ; 1375.2902 ; 0.003 ; 1
EL2 0.0000000921 ; 0.000000002 ; 1375.846 ; 0.003 ; 1
EL3 0.0000000171 ; 0.0000000005 ; 1377.1832 ; 0.003 ; 1
EM  0.0000001327 ; 0.0000000041 ; 1385.1187 ; 0.003 ; 1
EN  0.0000000369 ; 0.0000000012 ; 1387.0915 ; 0.003 ; 1
COM -------------- Level Separator - T1/2 in seconds -------------
LED 1442.836 ; 0.009 ; 14 ; 3.2E-13 ; 3.E-14 ; 10
GA  0.00442 ; 0.00008 ; 1113.406 ; 0.009 ; 2
EK  0.00001375 ; 0.00000043 ; 1043.884 ; 0.009 ; 2
EL1 0.00000184 ; 0.00000006 ; 1101.309 ; 0.009 ; 2
EL2 0.000000286 ; 0.000000007 ; 1101.865 ; 0.009 ; 2
EL3 0.000000099 ; 0.0000000028 ; 1103.202 ; 0.009 ; 2
EM  0.000000508 ; 0.000000016 ; 1111.138 ; 0.009 ; 2
EN  0.0000001416 ; 0.0000000044 ; 1113.11 ; 0.009 ; 2
GA  0.002562 ; 0.000028 ; 1342.72 ; 0.05 ; 1
EK  0.0000059 ; 0.0000013 ; 1273.2 ; 0.05 ; 1
EL1 0.00000079 ; 0.00000021 ; 1330.62 ; 0.05 ; 1
EL2 0.000000097 ; 0.000000023 ; 1331.18 ; 0.05 ; 1
EL3 0.0000000325 ; 0.0000000041 ; 1332.51 ; 0.05 ; 1
EM  0.00000021 ; 0.00000005 ; 1340.45 ; 0.05 ; 1
EN  0.000000059 ; 0.000000015 ; 1342.42 ; 0.05 ; 1
COM -------------- Level Separator - T1/2 in seconds -------------
LED 1373.8301 ; 0.001 ; 48 ; 7.8E-11 ; 1.E-11 ; 9
GA  0.00269 ; 0.00007 ; 42.7148 ; 0.0014 ; 8
EL1 0.000624 ; 0.000019 ; 30.615 ; 0.0014 ; 8
EL2 0.000383 ; 0.000011 ; 31.1708 ; 0.0014 ; 8
EL3 0.00049 ; 0.000015 ; 32.508 ; 0.0014 ; 8
EM  0.000346 ; 0.00001 ; 40.4435 ; 0.0014 ; 8
EN  0.0000917 ; 0.0000028 ; 42.4163 ; 0.0014 ; 8
GA  0.0262 ; 0.0006 ; 84.68024 ; 0.00026 ; 7
EK  0.1541 ; 0.0042 ; 15.15524 ; 0.00026 ; 7
EL1 0.0222 ; 0.0006 ; 72.58044 ; 0.00026 ; 7
EL2 0.00781 ; 0.00046 ; 73.13624 ; 0.00026 ; 7
EL3 0.00684 ; 0.00042 ; 74.47344 ; 0.00026 ; 7
EM  0.00841 ; 0.00028 ; 82.40898 ; 0.00026 ; 7
EN  0.00232 ; 0.00008 ; 84.3817 ; 0.00026 ; 7
GA  0.00445 ; 0.00005 ; 116.4179 ; 0.0006 ; 6
EK  0.000921 ; 0.000017 ; 46.8929 ; 0.0006 ; 6
EL1 0.0000997 ; 0.0000021 ; 104.3181 ; 0.0006 ; 6
EL2 0.0000276 ; 0.0000005 ; 104.8739 ; 0.0006 ; 6
EL3 0.0000298 ; 0.0000006 ; 106.2111 ; 0.0006 ; 6
EM  0.0000358 ; 0.0000007 ; 114.1466 ; 0.0006 ; 6
EN  0.00000979 ; 0.00000019 ; 116.1194 ; 0.0006 ; 6
GA  0.0701 ; 0.0013 ; 152.42991 ; 0.00026 ; 5
EK  0.00728 ; 0.00017 ; 82.90491 ; 0.00026 ; 5
EL1 0.000818 ; 0.000019 ; 140.33011 ; 0.00026 ; 5
EL2 0.0001858 ; 0.0000044 ; 140.88591 ; 0.00026 ; 5
EL3 0.0001914 ; 0.0000045 ; 142.22311 ; 0.00026 ; 5
EM  0.000271 ; 0.000007 ; 150.15865 ; 0.00026 ; 5
EN  0.0000744 ; 0.0000017 ; 152.13137 ; 0.00026 ; 5
GA  0.002381 ; 0.000042 ; 1044.4001 ; 0.0012 ; 2
EK  0.00001057 ; 0.00000034 ; 974.8783 ; 0.0012 ; 2
EL1 0.00000151 ; 0.00000005 ; 1032.3035 ; 0.0012 ; 2
EL2 0.0000001305 ; 0.0000000047 ; 1032.8593 ; 0.0012 ; 2
EL3 0.000000032 ; 0.0000000008 ; 1034.1965 ; 0.0012 ; 2
EM  0.000000381 ; 0.000000014 ; 1042.132 ; 0.0012 ; 2
EN  0.0000001069 ; 0.0000000036 ; 1044.1048 ; 0.0012 ; 2
GA  0.00658 ; 0.00007 ; 1273.719 ; 0.003 ; 1
EK  0.00001499 ; 0.00000021 ; 1204.194 ; 0.003 ; 1
EL1 0.000002087 ; 0.000000029 ; 1261.6192 ; 0.003 ; 1
EL2 0.0000002128 ; 0.000000003 ; 1262.175 ; 0.003 ; 1
EL3 0.0000000569 ; 0.0000000018 ; 1263.5122 ; 0.003 ; 1
EM  0.000000537 ; 0.000000008 ; 1271.4477 ; 0.003 ; 1
EN  0.0000001502 ; 0.0000000021 ; 1273.4205 ; 0.003 ; 1
GA  0.002226 ; 0.000032 ; 1373.824 ; 0.003 ; 0
EK  0.0000089 ; 0.00000018 ; 1304.299 ; 0.003 ; 0
EL1 0.00000126 ; 0.000000025 ; 1361.7242 ; 0.003 ; 0
EL2 0.000000302 ; 0.000000006 ; 1362.28 ; 0.003 ; 0
EL3 0.0000000588 ; 0.0000000012 ; 1363.6172 ; 0.003 ; 0
EM  0.000000375 ; 0.000000008 ; 1371.5527 ; 0.003 ; 0
EN  0.0000001045 ; 0.0000000021 ; 1373.5255 ; 0.003 ; 0
COM -------------- Level Separator - T1/2 in seconds -------------
LED 1331.1153 ; 0.001 ; 14 ;  ;  ; 8
GA  0.0207 ; 0.0005 ; 1001.6856 ; 0.0012 ; 2
EK  0.0000774 ; 0.0000022 ; 932.1635 ; 0.0012 ; 2
EL1 0.00001039 ; 0.00000031 ; 989.5887 ; 0.0012 ; 2
EL2 0.00000191 ; 0.00000005 ; 990.1445 ; 0.0012 ; 2
EL3 0.000000685 ; 0.00000002 ; 991.4817 ; 0.0012 ; 2
EM  0.00000298 ; 0.00000009 ; 999.4172 ; 0.0012 ; 2
EN  0.000000828 ; 0.000000025 ; 1001.39 ; 0.0012 ; 2
GA  0.1162 ; 0.0011 ; 1231.004 ; 0.003 ; 1
EK  0.000289 ; 0.000005 ; 1161.479 ; 0.003 ; 1
EL1 0.0000386 ; 0.0000007 ; 1218.9042 ; 0.003 ; 1
EL2 0.00000541 ; 0.0000001 ; 1219.46 ; 0.003 ; 1
EL3 0.000001887 ; 0.000000032 ; 1220.7972 ; 0.003 ; 1
EM  0.00001047 ; 0.00000018 ; 1228.7327 ; 0.003 ; 1
EN  0.000002914 ; 0.000000049 ; 1230.7055 ; 0.003 ; 1
COM -------------- Level Separator - T1/2 in seconds -------------
LED 1289.1498 ; 0.001 ; 33 ; 1.12E-9 ; 4.E-11 ; 7
GA  0.0084 ; 0.0006 ; 31.7377 ; 0.0015 ; 6
EL1 0.00367 ; 0.00027 ; 19.6379 ; 0.0015 ; 6
EL2 0.00294 ; 0.00021 ; 20.1937 ; 0.0015 ; 6
EL3 0.00396 ; 0.00029 ; 21.5309 ; 0.0015 ; 6
EM  0.00246 ; 0.00018 ; 29.4664 ; 0.0015 ; 6
EN  0.000643 ; 0.000047 ; 31.4392 ; 0.0015 ; 6
GA  0.436 ; 0.015 ; 67.7497 ; 0.0001 ; 5
EL1 0.041 ; 0.007 ; 55.6499 ; 0.0001 ; 5
EL2 0.0154 ; 0.0009 ; 56.2057 ; 0.0001 ; 5
EL3 0.0192 ; 0.0023 ; 57.5429 ; 0.0001 ; 5
EM  0.0174 ; 0.0027 ; 65.47844 ; 0.0001 ; 5
EN  0.0047 ; 0.0007 ; 67.45116 ; 0.0001 ; 5
GA  0.00348 ; 0.00005 ; 959.7203 ; 0.0012 ; 2
EK  0.0000314 ; 0.0000007 ; 890.198 ; 0.0012 ; 2
EL1 0.00000456 ; 0.0000001 ; 947.6232 ; 0.0012 ; 2
EL2 0.000001862 ; 0.000000039 ; 948.179 ; 0.0012 ; 2
EL3 0.000000406 ; 0.000000008 ; 949.5162 ; 0.0012 ; 2
EM  0.000001611 ; 0.000000034 ; 957.4517 ; 0.0012 ; 2
EN  0.000000447 ; 0.000000009 ; 959.4245 ; 0.0012 ; 2
GA  0.1658 ; 0.0016 ; 1189.04 ; 0.003 ; 1
EK  0.000619 ; 0.000008 ; 1119.515 ; 0.003 ; 1
EL1 0.0000877 ; 0.0000012 ; 1176.9402 ; 0.003 ; 1
EL2 0.00001467 ; 0.00000023 ; 1177.496 ; 0.003 ; 1
EL3 0.000003028 ; 0.000000044 ; 1178.8332 ; 0.003 ; 1
EM  0.00002434 ; 0.00000033 ; 1186.7687 ; 0.003 ; 1
EN  0.00000679 ; 0.00000009 ; 1188.7415 ; 0.003 ; 1
GA  0.01374 ; 0.00017 ; 1289.145 ; 0.003 ; 0
EK  0.00014 ; 0.0000027 ; 1219.62 ; 0.003 ; 0
EL1 0.00002042 ; 0.00000038 ; 1277.0452 ; 0.003 ; 0
EL2 0.000001777 ; 0.000000034 ; 1277.601 ; 0.003 ; 0
EL3 0.0000002119 ; 0.000000004 ; 1278.9382 ; 0.003 ; 0
EM  0.00000511 ; 0.0000001 ; 1286.8737 ; 0.003 ; 0
EN  0.000001435 ; 0.000000027 ; 1288.8465 ; 0.003 ; 0
COM -------------- Level Separator - T1/2 in seconds -------------
LED 1257.4121 ; 0.0011 ; 28 ; 1.71E-12 ; 1.3E-13 ; 6
GA  0.000021 ; 0.000007 ; 121.5 ; 0.14 ; 4
EK  0.0000125 ; 0.0000042 ; 51.97 ; 0.14 ; 4
EL1 0.00000131 ; 0.00000044 ; 109.4 ; 0.14 ; 4
EL2 0.00001 ; 0.0000033 ; 109.96 ; 0.14 ; 4
EL3 0.0000084 ; 0.0000028 ; 111.29 ; 0.14 ; 4
EM  0.000005 ; 0.0000017 ; 119.23 ; 0.14 ; 4
EN  0.00000133 ; 0.00000044 ; 121.2 ; 0.14 ; 4
GA  0.00614 ; 0.00007 ; 927.9828 ; 0.0013 ; 2
EK  0.00002634 ; 0.00000048 ; 858.4603 ; 0.0013 ; 2
EL1 0.00000352 ; 0.00000006 ; 915.8855 ; 0.0013 ; 2
EL2 0.000000738 ; 0.000000013 ; 916.4413 ; 0.0013 ; 2
EL3 0.000000254 ; 0.000000005 ; 917.7785 ; 0.0013 ; 2
EM  0.000001043 ; 0.000000019 ; 925.714 ; 0.0013 ; 2
EN  0.00000029 ; 0.000000005 ; 927.6868 ; 0.0013 ; 2
GA  0.0083 ; 0.0013 ; 1157.3022 ; 0.0011 ; 1
EK  0.000032 ; 0.00001 ; 1087.7811 ; 0.0011 ; 1
EL1 0.0000044 ; 0.0000014 ; 1145.2063 ; 0.0011 ; 1
EL2 0.00000046 ; 0.00000007 ; 1145.7621 ; 0.0011 ; 1
EL3 0.000000125 ; 0.000000046 ; 1147.0993 ; 0.0011 ; 1
EM  0.00000116 ; 0.00000038 ; 1155.0348 ; 0.0011 ; 1
EN  0.00000032 ; 0.00000009 ; 1157.0076 ; 0.0011 ; 1
GA  0.01511 ; 0.00015 ; 1257.407 ; 0.003 ; 0
EK  0.0000361 ; 0.0000007 ; 1187.882 ; 0.003 ; 0
EL1 0.00000482 ; 0.00000009 ; 1245.3072 ; 0.003 ; 0
EL2 0.000000657 ; 0.000000011 ; 1245.863 ; 0.003 ; 0
EL3 0.0000002286 ; 0.000000004 ; 1247.2002 ; 0.003 ; 0
EM  0.000001299 ; 0.000000022 ; 1255.1357 ; 0.003 ; 0
EN  0.000000362 ; 0.000000006 ; 1257.1085 ; 0.003 ; 0
COM -------------- Level Separator - T1/2 in seconds -------------
LED 1221.4001 ; 0.001 ; 21 ; 4.34E-13 ; 1.1E-14 ; 5
GA  0.00057 ; 0.000025 ; 891.971 ; 0.0012 ; 2
EK  0.00000264 ; 0.00000012 ; 822.4483 ; 0.0012 ; 2
EL1 0.000000354 ; 0.000000016 ; 879.8735 ; 0.0012 ; 2
EL2 0.0000000786 ; 0.0000000036 ; 880.4293 ; 0.0012 ; 2
EL3 0.0000000292 ; 0.0000000014 ; 881.7665 ; 0.0012 ; 2
EM  0.0000001066 ; 0.000000005 ; 889.702 ; 0.0012 ; 2
EN  0.0000000295 ; 0.0000000014 ; 891.6748 ; 0.0012 ; 2
GA  0.3517 ; 0.0033 ; 1121.29 ; 0.003 ; 1
EK  0.001045 ; 0.00002 ; 1051.765 ; 0.003 ; 1
EL1 0.0001396 ; 0.0000025 ; 1109.1902 ; 0.003 ; 1
EL2 0.00002226 ; 0.00000038 ; 1109.746 ; 0.003 ; 1
EL3 0.00000788 ; 0.00000016 ; 1111.0832 ; 0.003 ; 1
EM  0.0000388 ; 0.0000007 ; 1119.0187 ; 0.003 ; 1
EN  0.00001081 ; 0.00000019 ; 1120.9915 ; 0.003 ; 1
GA  0.2727 ; 0.0027 ; 1221.395 ; 0.003 ; 0
EK  0.000687 ; 0.000013 ; 1151.87 ; 0.003 ; 0
EL1 0.0000919 ; 0.0000016 ; 1209.2952 ; 0.003 ; 0
EL2 0.00001304 ; 0.00000023 ; 1209.851 ; 0.003 ; 0
EL3 0.00000455 ; 0.00000008 ; 1211.1882 ; 0.003 ; 0
EM  0.00002495 ; 0.00000043 ; 1219.1237 ; 0.003 ; 0
EN  0.00000696 ; 0.00000012 ; 1221.0965 ; 0.003 ; 0
COM -------------- Level Separator - T1/2 in seconds -------------
LED 1135.91 ; 0.14 ; 8 ;  ;  ; 4
GA  0.00006 ; 0.000021 ; 1035.8 ; 0.14 ; 1
EK  0.00000021 ; 0.00000007 ; 966.28 ; 0.14 ; 1
EL1 0.000000028 ; 0.00000001 ; 1023.7 ; 0.14 ; 1
EL2 0.000000005 ; 0.0000000017 ; 1024.26 ; 0.14 ; 1
EL3 0.0000000018 ; 0.0000000006 ; 1025.59 ; 0.14 ; 1
EM  0.0000000079 ; 0.0000000028 ; 1033.53 ; 0.14 ; 1
EN  0.0000000022 ; 0.0000000008 ; 1035.5 ; 0.14 ; 1
GA   ;  ; 1135.91 ; 0.14 ; 0
COM -------------- Level Separator - T1/2 in seconds -------------
LED 680.45 ; 0.06 ; 7 ; 8.2E-12 ; 9.E-13 ; 3
GA  0.0001157 ; 0.0000037 ; 351.02 ; 0.06 ; 2
EK  0.0000044 ; 0.00000016 ; 281.5 ; 0.06 ; 2
EL1 0.000000557 ; 0.00000002 ; 338.92 ; 0.06 ; 2
EL2 0.000000548 ; 0.000000019 ; 339.48 ; 0.06 ; 2
EL3 0.000000295 ; 0.000000011 ; 340.81 ; 0.06 ; 2
EM  0.000000339 ; 0.000000012 ; 348.75 ; 0.06 ; 2
EN  0.0000000924 ; 0.0000000032 ; 350.72 ; 0.06 ; 2
COM -------------- Level Separator - T1/2 in seconds -------------
LED 329.4268 ; 0.0006 ; 7 ; 6.2E-11 ; 3.E-12 ; 2
GA  0.03634 ; 0.00036 ; 229.3207 ; 0.0006 ; 1
EK  0.00424 ; 0.00007 ; 159.7957 ; 0.0006 ; 1
EL1 0.000498 ; 0.000009 ; 217.2209 ; 0.0006 ; 1
EL2 0.001028 ; 0.000018 ; 217.7767 ; 0.0006 ; 1
EL3 0.000672 ; 0.000013 ; 219.1139 ; 0.0006 ; 1
EM  0.000544 ; 0.000009 ; 227.0494 ; 0.0006 ; 1
EN  0.000147 ; 0.0000025 ; 229.0222 ; 0.0006 ; 1
COM -------------- Level Separator - T1/2 in seconds -------------
LED 100.10598 ; 0.00007 ; 7 ; 1.4E-9 ; 2.E-11 ; 1
GA  0.1422 ; 0.0016 ; 100.10595 ; 0.00007 ; 0
EK  0.1249 ; 0.0023 ; 30.58095 ; 0.00007 ; 0
EL1 0.01347 ; 0.00025 ; 88.00615 ; 0.00007 ; 0
EL2 0.1638 ; 0.003 ; 88.56195 ; 0.00007 ; 0
EL3 0.147 ; 0.0027 ; 89.89915 ; 0.00007 ; 0
EM  0.0819 ; 0.0015 ; 97.83469 ; 0.00007 ; 0
EN  0.02196 ; 0.0004 ; 99.80741 ; 0.00007 ; 0
