PAR TC94M
AZP 94 ; 43
NDA 1
COM ***************** Evaluation Date: 11/06/2014 ****************
COM ===================== Daughter Separator =====================
DAU MO94
DDE 1 ;  ; 27 ; 71
Q   4332 ; 5
COM ---------------------- Branch Separator ----------------------
CK  0.00183 ; 0.00011 ; 27 ; 439.84 ; 5 ; 0
CL  0.000238 ; 0.000015 ; 27 ; 439.84 ; 5 ; 0
CM  0.0000466 ; 0.000003 ; 27 ; 439.84 ; 5 ; 0
CN  0.0000083 ; 0.0000007 ; 27 ; 439.84 ; 5 ; 0
COM ---------------------- Branch Separator ----------------------
CK  0.00146 ; 0.00017 ; 26 ; 539.13 ; 5 ; 0
CL  0.000187 ; 0.000022 ; 26 ; 539.13 ; 5 ; 0
CM  0.0000365 ; 0.0000044 ; 26 ; 539.13 ; 5 ; 0
CN  0.0000066 ; 0.0000009 ; 26 ; 539.13 ; 5 ; 0
COM ---------------------- Branch Separator ----------------------
CK  0.000918 ; 0.000026 ; 25 ; 797.68 ; 5 ; 0
CL  0.0001151 ; 0.0000035 ; 25 ; 797.68 ; 5 ; 0
CM  0.0000225 ; 0.0000008 ; 25 ; 797.68 ; 5 ; 0
CN  0.00000403 ; 0.00000024 ; 25 ; 797.68 ; 5 ; 0
COM ---------------------- Branch Separator ----------------------
CK  0.00105 ; 0.00009 ; 24 ; 820.14 ; 5 ; 0
CL  0.000131 ; 0.000011 ; 24 ; 820.14 ; 5 ; 0
CM  0.0000257 ; 0.0000022 ; 24 ; 820.14 ; 5 ; 0
CN  0.0000046 ; 0.00000045 ; 24 ; 820.14 ; 5 ; 0
COM ---------------------- Branch Separator ----------------------
CK  0.00102 ; 0.00016 ; 23 ; 884.4 ; 5 ; 0
CL  0.000128 ; 0.000021 ; 23 ; 884.4 ; 5 ; 0
CM  0.0000249 ; 0.000004 ; 23 ; 884.4 ; 5 ; 0
CN  0.0000045 ; 0.0000008 ; 23 ; 884.4 ; 5 ; 0
COM ---------------------- Branch Separator ----------------------
CK  0.00312 ; 0.00035 ; 22 ; 931.17 ; 5 ; 0
CL  0.000389 ; 0.000043 ; 22 ; 931.17 ; 5 ; 0
CM  0.000076 ; 0.000009 ; 22 ; 931.17 ; 5 ; 0
CN  0.0000137 ; 0.0000017 ; 22 ; 931.17 ; 5 ; 0
COM ---------------------- Branch Separator ----------------------
COM ---------------------- Branch Separator ----------------------
CK  0.00203 ; 0.00017 ; 20 ; 1000.26 ; 5 ; 0
CL  0.000252 ; 0.000022 ; 20 ; 1000.26 ; 5 ; 0
CM  0.0000491 ; 0.0000043 ; 20 ; 1000.26 ; 5 ; 0
CN  0.0000089 ; 0.0000009 ; 20 ; 1000.26 ; 5 ; 0
COM ---------------------- Branch Separator ----------------------
COM ---------------------- Branch Separator ----------------------
CK  0.0005 ; 0.00015 ; 18 ; 1168.71 ; 5 ; 0
CL  0.000062 ; 0.000018 ; 18 ; 1168.71 ; 5 ; 0
CM  0.0000121 ; 0.0000036 ; 18 ; 1168.71 ; 5 ; 0
CN  0.0000021 ; 0.0000006 ; 18 ; 1168.71 ; 5 ; 0
COM ---------------------- Branch Separator ----------------------
CK  0.0142 ; 0.0008 ; 17 ; 1203.34 ; 5 ; 0
CL  0.00175 ; 0.0001 ; 17 ; 1203.34 ; 5 ; 0
CM  0.000341 ; 0.00002 ; 17 ; 1203.34 ; 5 ; 0
CN  0.0000603 ; 0.0000047 ; 17 ; 1203.34 ; 5 ; 0
COM ---------------------- Branch Separator ----------------------
BEP 0.0000058 ; 0.0000009 ; 16 ; 344.59 ; 5 ; 0
CK  0.00081 ; 0.00012 ; 16 ; 1366.59 ; 5 ; 0
CL  0.000099 ; 0.000015 ; 16 ; 1366.59 ; 5 ; 0
CM  0.0000193 ; 0.0000029 ; 16 ; 1366.59 ; 5 ; 0
CN  0.0000034 ; 0.0000006 ; 16 ; 1366.59 ; 5 ; 0
COM ---------------------- Branch Separator ----------------------
COM ---------------------- Branch Separator ----------------------
COM ---------------------- Branch Separator ----------------------
BEP 0.000024 ; 0.000005 ; 13 ; 440.1 ; 5 ; 0
CK  0.0013 ; 0.00026 ; 13 ; 1462.1 ; 5 ; 0
CL  0.00016 ; 0.000032 ; 13 ; 1462.1 ; 5 ; 0
CM  0.000031 ; 0.000006 ; 13 ; 1462.1 ; 5 ; 0
CN  0.0000056 ; 0.0000011 ; 13 ; 1462.1 ; 5 ; 0
COM ---------------------- Branch Separator ----------------------
COM ---------------------- Branch Separator ----------------------
BEP 0.00427 ; 0.00021 ; 11 ; 570.09 ; 5 ; 0
CK  0.0878 ; 0.0035 ; 11 ; 1592.09 ; 5 ; 0
CL  0.01077 ; 0.00044 ; 11 ; 1592.09 ; 5 ; 0
CM  0.00209 ; 0.00009 ; 11 ; 1592.09 ; 5 ; 0
CN  0.000374 ; 0.000025 ; 11 ; 1592.09 ; 5 ; 0
COM ---------------------- Branch Separator ----------------------
COM ---------------------- Branch Separator ----------------------
COM ---------------------- Branch Separator ----------------------
COM ---------------------- Branch Separator ----------------------
BEP 0.0091 ; 0.0006 ; 7 ; 916.98 ; 5 ; 0
CK  0.0348 ; 0.0017 ; 7 ; 1938.98 ; 5 ; 0
CL  0.00425 ; 0.00022 ; 7 ; 1938.98 ; 5 ; 0
CM  0.000828 ; 0.000044 ; 7 ; 1938.98 ; 5 ; 0
CN  0.000148 ; 0.000011 ; 7 ; 1938.98 ; 5 ; 0
COM ---------------------- Branch Separator ----------------------
COM ---------------------- Branch Separator ----------------------
BEP 0.0022 ; 0.0003 ; 5 ; 1242.65 ; 5 ; 0
CK  0.00296 ; 0.00043 ; 5 ; 2264.65 ; 5 ; 0
CL  0.00036 ; 0.00005 ; 5 ; 2264.65 ; 5 ; 0
CM  0.00007 ; 0.00001 ; 5 ; 2264.65 ; 5 ; 0
CN  0.0000126 ; 0.000002 ; 5 ; 2264.65 ; 5 ; 0
COM ---------------------- Branch Separator ----------------------
BEP 0.0041 ; 0.001 ; 4 ; 1445.69 ; 5 ; 0
CK  0.0034 ; 0.0008 ; 4 ; 2467.69 ; 5 ; 0
CL  0.00041 ; 0.0001 ; 4 ; 2467.69 ; 5 ; 0
CM  0.00008 ; 0.000019 ; 4 ; 2467.69 ; 5 ; 0
CN  0.0000144 ; 0.0000034 ; 4 ; 2467.69 ; 5 ; 0
COM ---------------------- Branch Separator ----------------------
COM ---------------------- Branch Separator ----------------------
COM ---------------------- Branch Separator ----------------------
BEP 0.672 ; 0.004 ; 1 ; 2438.902 ; 5 ; 0
CK  0.1114 ; 0.0009 ; 1 ; 3460.902 ; 5 ; 0
CL  0.0135 ; 0.00018 ; 1 ; 3460.902 ; 5 ; 0
CM  0.00262 ; 0.00006 ; 1 ; 3460.902 ; 5 ; 0
CN  0.000474 ; 0.000026 ; 1 ; 3460.902 ; 5 ; 0
COM ---------------------- Branch Separator ----------------------
COM -------------- Level Separator - T1/2 in seconds -------------
LED 3892.16 ; 0.07 ; 5 ;  ;  ; 27
GA  0.00067 ; 0.00011 ; 1499.13 ; 0.09 ; 7
GA  0.00023 ; 0.00001 ; 1824.79 ; 0.09 ; 5
GA  0.00021 ; 0.00004 ; 2027.83 ; 0.09 ; 4
GA  0.00087 ; 0.00014 ; 3021.01 ; 0.07 ; 1
GA  0.00014 ; 0.00002 ; 3892.07 ; 0.07 ; 0
COM -------------- Level Separator - T1/2 in seconds -------------
LED 3792.87 ; 0.15 ; 9 ;  ;  ; 26
GA  0.00041 ; 0.00003 ; 1399.84 ; 0.16 ; 7
GA  0.00075 ; 0.00019 ; 1928.54 ; 0.16 ; 4
GA  0.00052 ; 0.00005 ; 3792.79 ; 0.15 ; 0
EK  0.0000000291 ; 0.0000000028 ; 3772.87 ; 0.15 ; 0
EL1 0.00000000311 ; 0.0000000003 ; 3790 ; 0.15 ; 0
EL2 0.0000000000228 ; 0.0000000000022 ; 3790.24 ; 0.15 ; 0
EL3 0.0000000000344 ; 0.0000000000034 ; 3790.35 ; 0.15 ; 0
EM  0.00000000056 ; 0.00000000005 ; 3792.52 ; 0.15 ; 0
EN  0.000000000091 ; 0.000000000009 ; 3792.84 ; 0.15 ; 0
COM -------------- Level Separator - T1/2 in seconds -------------
LED 3534.32 ; 0.09 ; 21 ;  ;  ; 25
GA  0.00037 ; 0.00002 ; 1669.99 ; 0.1 ; 4
EK  0.000000091 ; 0.000000005 ; 1650.01 ; 0.1 ; 4
EL1 0.0000000098 ; 0.0000000005 ; 1667.14 ; 0.1 ; 4
EL2 0.000000000127 ; 0.000000000008 ; 1667.38 ; 0.1 ; 4
EL3 0.000000000087 ; 0.000000000008 ; 1667.49 ; 0.1 ; 4
EM  0.00000000178 ; 0.0000000001 ; 1669.66 ; 0.1 ; 4
EN  0.000000000288 ; 0.000000000016 ; 1669.98 ; 0.1 ; 4
GA  0.00066 ; 0.00002 ; 2663.18 ; 0.09 ; 1
EK  0.0000000666 ; 0.0000000022 ; 2643.22 ; 0.09 ; 1
EL1 0.00000000717 ; 0.00000000024 ; 2660.35 ; 0.09 ; 1
EL2 0.0000000000659 ; 0.0000000000024 ; 2660.59 ; 0.09 ; 1
EL3 0.0000000000667 ; 0.0000000000039 ; 2660.7 ; 0.09 ; 1
EM  0.0000000013 ; 0.000000000044 ; 2662.87 ; 0.09 ; 1
EN  0.00000000021 ; 0.000000000007 ; 2663.19 ; 0.09 ; 1
GA  0.000034 ; 0.000004 ; 3534.25 ; 0.09 ; 0
EK  0.00000000212 ; 0.00000000025 ; 3514.32 ; 0.09 ; 0
EL1 0.000000000228 ; 0.000000000027 ; 3531.45 ; 0.09 ; 0
EL2 0.00000000000178 ; 0.00000000000021 ; 3531.69 ; 0.09 ; 0
EL3 0.00000000000256 ; 0.0000000000003 ; 3531.8 ; 0.09 ; 0
EM  0.0000000000413 ; 0.0000000000049 ; 3533.97 ; 0.09 ; 0
EN  0.0000000000067 ; 0.0000000000008 ; 3534.29 ; 0.09 ; 0
COM -------------- Level Separator - T1/2 in seconds -------------
LED 3511.86 ; 0.14 ; 3 ;  ;  ; 24
GA  0.00025 ; 0.00006 ; 1770.19 ; 0.21 ; 3
GA  0.00033 ; 0.00004 ; 2640.72 ; 0.14 ; 1
GA  0.00063 ; 0.00007 ; 3511.79 ; 0.14 ; 0
COM -------------- Level Separator - T1/2 in seconds -------------
LED 3447.6 ; 0.4 ; 8 ;  ;  ; 23
GA  0.0011 ; 0.0002 ; 2576.5 ; 0.4 ; 1
EK  0.000000117 ; 0.000000021 ; 2556.5 ; 0.4 ; 1
EL1 0.0000000125 ; 0.0000000023 ; 2573.63 ; 0.4 ; 1
EL2 0.00000000013 ; 0.000000000024 ; 2573.87 ; 0.4 ; 1
EL3 0.000000000147 ; 0.000000000028 ; 2573.98 ; 0.4 ; 1
EM  0.00000000228 ; 0.00000000042 ; 2576.15 ; 0.4 ; 1
EN  0.00000000037 ; 0.00000000007 ; 2576.47 ; 0.4 ; 1
GA  0.00006 ; 0.00001 ; 3447.5 ; 0.4 ; 0
COM -------------- Level Separator - T1/2 in seconds -------------
LED 3400.83 ; 0.17 ; 3 ;  ;  ; 22
GA  0.00014 ; 0.00003 ; 1536.51 ; 0.18 ; 4
GA  0.0034 ; 0.0004 ; 2529.69 ; 0.17 ; 1
GA  0.00005 ; 0.00002 ; 3400.76 ; 0.17 ; 0
COM -------------- Level Separator - T1/2 in seconds -------------
LED 3339.54 ; 0.17 ; 0 ;  ;  ; 21
COM -------------- Level Separator - T1/2 in seconds -------------
LED 3331.74 ; 0.17 ; 15 ;  ;  ; 20
GA  0.00072 ; 0.00005 ; 1467.42 ; 0.18 ; 4
EK  0.000000228 ; 0.000000019 ; 1447.43 ; 0.18 ; 4
EL1 0.0000000246 ; 0.0000000021 ; 1464.56 ; 0.18 ; 4
EL2 0.00000000036 ; 0.00000000009 ; 1464.8 ; 0.18 ; 4
EL3 0.00000000023 ; 0.00000000015 ; 1464.91 ; 0.18 ; 4
EM  0.00000000446 ; 0.00000000038 ; 1467.08 ; 0.18 ; 4
EN  0.00000000072 ; 0.00000000006 ; 1467.4 ; 0.18 ; 4
GA  0.0015 ; 0.0002 ; 1757.96 ; 0.17 ; 2
EK  0.000000332 ; 0.000000044 ; 1737.98 ; 0.17 ; 2
EL1 0.0000000358 ; 0.0000000048 ; 1755.11 ; 0.17 ; 2
EL2 0.00000000045 ; 0.00000000006 ; 1755.35 ; 0.17 ; 2
EL3 0.000000000315 ; 0.000000000042 ; 1755.46 ; 0.17 ; 2
EM  0.0000000065 ; 0.0000000009 ; 1757.63 ; 0.17 ; 2
EN  0.00000000105 ; 0.00000000014 ; 1757.95 ; 0.17 ; 2
GA  0.00011 ; 0.00002 ; 2460.61 ; 0.17 ; 1
COM -------------- Level Separator - T1/2 in seconds -------------
LED 3165.77 ; 0.09 ; 0 ;  ;  ; 19
COM -------------- Level Separator - T1/2 in seconds -------------
LED 3163.29 ; 0.19 ; 14 ;  ;  ; 18
GA  0.000084 ; 0.000007 ; 358.3 ; 0.3 ; 12
EK  0.00000067 ; 0.00000007 ; 338.3 ; 0.3 ; 12
EL1 0.000000073 ; 0.000000007 ; 355.43 ; 0.3 ; 12
EL2 0.0000000033 ; 0.0000000007 ; 355.67 ; 0.3 ; 12
EL3 0.0000000018 ; 0.0000000008 ; 355.78 ; 0.3 ; 12
EM  0.000000014 ; 0.0000000013 ; 357.95 ; 0.3 ; 12
EN  0.00000000224 ; 0.00000000021 ; 358.27 ; 0.3 ; 12
GA  0.0005 ; 0.00017 ; 2292.16 ; 0.19 ; 1
EK  0.000000066 ; 0.000000023 ; 2272.19 ; 0.19 ; 1
EL1 0.0000000072 ; 0.0000000024 ; 2289.32 ; 0.19 ; 1
EL2 0.000000000073 ; 0.000000000025 ; 2289.56 ; 0.19 ; 1
EL3 0.000000000064 ; 0.000000000022 ; 2289.67 ; 0.19 ; 1
EM  0.0000000013 ; 0.00000000044 ; 2291.84 ; 0.19 ; 1
EN  0.00000000021 ; 0.00000000007 ; 2292.16 ; 0.19 ; 1
COM -------------- Level Separator - T1/2 in seconds -------------
LED 3128.66 ; 0.07 ; 28 ;  ;  ; 17
GA  0.00016 ; 0.00002 ; 1061.3 ; 0.09 ; 5
EK  0.000000099 ; 0.000000012 ; 1041.31 ; 0.09 ; 5
EL1 0.0000000107 ; 0.0000000013 ; 1058.44 ; 0.09 ; 5
EL2 0.000000000219 ; 0.00000000003 ; 1058.68 ; 0.09 ; 5
EL3 0.000000000138 ; 0.000000000025 ; 1058.79 ; 0.09 ; 5
EM  0.00000000196 ; 0.00000000025 ; 1060.96 ; 0.09 ; 5
EN  0.000000000316 ; 0.00000000004 ; 1061.28 ; 0.09 ; 5
GA  0.0022 ; 0.0002 ; 1264.34 ; 0.09 ; 4
EK  0.00000095 ; 0.00000009 ; 1244.35 ; 0.09 ; 4
EL1 0.000000103 ; 0.000000009 ; 1261.48 ; 0.09 ; 4
EL2 0.00000000161 ; 0.00000000015 ; 1261.72 ; 0.09 ; 4
EL3 0.00000000091 ; 0.00000000008 ; 1261.83 ; 0.09 ; 4
EM  0.0000000187 ; 0.0000000017 ; 1264 ; 0.09 ; 4
EN  0.00000000302 ; 0.00000000028 ; 1264.32 ; 0.09 ; 4
GA  0.00057 ; 0.00005 ; 2257.53 ; 0.07 ; 1
EK  0.000000077 ; 0.000000007 ; 2237.56 ; 0.07 ; 1
EL1 0.0000000083 ; 0.0000000007 ; 2254.69 ; 0.07 ; 1
EL2 0.000000000092 ; 0.000000000008 ; 2254.93 ; 0.07 ; 1
EL3 0.000000000087 ; 0.000000000009 ; 2255.04 ; 0.07 ; 1
EM  0.00000000152 ; 0.00000000013 ; 2257.21 ; 0.07 ; 1
EN  0.000000000245 ; 0.000000000022 ; 2257.53 ; 0.07 ; 1
GA  0.0134 ; 0.0009 ; 3128.6 ; 0.07 ; 0
EK  0.00000102 ; 0.00000007 ; 3108.66 ; 0.07 ; 0
EL1 0.000000109 ; 0.000000008 ; 3125.79 ; 0.07 ; 0
EL2 0.00000000088 ; 0.00000000006 ; 3126.03 ; 0.07 ; 0
EL3 0.00000000101 ; 0.00000000007 ; 3126.14 ; 0.07 ; 0
EM  0.0000000198 ; 0.0000000014 ; 3128.31 ; 0.07 ; 0
EN  0.0000000032 ; 0.00000000022 ; 3128.63 ; 0.07 ; 0
COM -------------- Level Separator - T1/2 in seconds -------------
LED 2965.41 ; 0.06 ; 28 ;  ;  ; 16
GA  0.000098 ; 0.000005 ; 898.06 ; 0.09 ; 5
EK  0.0000000859 ; 0.0000000046 ; 878.06 ; 0.09 ; 5
EL1 0.00000000921 ; 0.0000000005 ; 895.19 ; 0.09 ; 5
EL2 0.000000000304 ; 0.000000000042 ; 895.43 ; 0.09 ; 5
EL3 0.00000000024 ; 0.00000000005 ; 895.54 ; 0.09 ; 5
EM  0.00000000174 ; 0.00000000009 ; 897.71 ; 0.09 ; 5
EN  0.000000000279 ; 0.000000000015 ; 898.03 ; 0.09 ; 5
GA  0.00042 ; 0.00014 ; 1101.09 ; 0.08 ; 4
EK  0.00000024 ; 0.00000008 ; 1081.1 ; 0.08 ; 4
EL1 0.000000026 ; 0.000000009 ; 1098.23 ; 0.08 ; 4
EL2 0.00000000045 ; 0.00000000015 ; 1098.47 ; 0.08 ; 4
EL3 0.00000000024 ; 0.00000000008 ; 1098.58 ; 0.08 ; 4
EM  0.0000000048 ; 0.0000000016 ; 1100.75 ; 0.08 ; 4
EN  0.00000000077 ; 0.00000000026 ; 1101.07 ; 0.08 ; 4
GA  0.000267 ; 0.00001 ; 1391.64 ; 0.07 ; 2
EK  0.0000000943 ; 0.0000000038 ; 1371.65 ; 0.07 ; 2
EL1 0.0000000102 ; 0.00000000041 ; 1388.78 ; 0.07 ; 2
EL2 0.00000000015 ; 0.000000000006 ; 1389.02 ; 0.07 ; 2
EL3 0.00000000009 ; 0.0000000000039 ; 1389.13 ; 0.07 ; 2
EM  0.00000000186 ; 0.00000000007 ; 1391.3 ; 0.07 ; 2
EN  0.000000000301 ; 0.000000000012 ; 1391.62 ; 0.07 ; 2
GA  0.000156 ; 0.000006 ; 2094.28 ; 0.06 ; 1
EK  0.0000000242 ; 0.000000001 ; 2074.31 ; 0.06 ; 1
EL1 0.00000000261 ; 0.00000000012 ; 2091.44 ; 0.06 ; 1
EL2 0.0000000000318 ; 0.0000000000025 ; 2091.68 ; 0.06 ; 1
EL3 0.00000000003 ; 0.000000000006 ; 2091.79 ; 0.06 ; 1
EM  0.000000000474 ; 0.000000000021 ; 2093.96 ; 0.06 ; 1
EN  0.0000000000765 ; 0.0000000000033 ; 2094.28 ; 0.06 ; 1
COM -------------- Level Separator - T1/2 in seconds -------------
LED 2955.55 ; 0.13 ; 0 ;  ;  ; 15
COM -------------- Level Separator - T1/2 in seconds -------------
LED 2872.4 ; 0.11 ; 0 ;  ;  ; 14
COM -------------- Level Separator - T1/2 in seconds -------------
LED 2869.9 ; 0.08 ; 28 ;  ;  ; 13
GA  0.000246 ; 0.000014 ; 802.55 ; 0.1 ; 5
EK  0.000000282 ; 0.000000017 ; 782.55 ; 0.1 ; 5
EL1 0.0000000304 ; 0.0000000018 ; 799.68 ; 0.1 ; 5
EL2 0.00000000096 ; 0.00000000009 ; 799.92 ; 0.1 ; 5
EL3 0.00000000069 ; 0.00000000011 ; 800.03 ; 0.1 ; 5
EM  0.00000000571 ; 0.00000000034 ; 802.2 ; 0.1 ; 5
EN  0.00000000092 ; 0.00000000005 ; 802.52 ; 0.1 ; 5
GA  0.0009 ; 0.0003 ; 1005.58 ; 0.09 ; 4
EK  0.00000063 ; 0.00000021 ; 985.59 ; 0.09 ; 4
EL1 0.000000068 ; 0.000000023 ; 1002.72 ; 0.09 ; 4
EL2 0.00000000125 ; 0.00000000042 ; 1002.96 ; 0.09 ; 4
EL3 0.00000000062 ; 0.00000000021 ; 1003.07 ; 0.09 ; 4
EM  0.0000000125 ; 0.0000000042 ; 1005.24 ; 0.09 ; 4
EN  0.000000002 ; 0.0000000007 ; 1005.56 ; 0.09 ; 4
GA  0.000123 ; 0.000006 ; 1998.78 ; 0.08 ; 1
EK  0.0000000207 ; 0.0000000011 ; 1978.8 ; 0.08 ; 1
EL1 0.00000000223 ; 0.00000000011 ; 1995.93 ; 0.08 ; 1
EL2 0.000000000029 ; 0.0000000000015 ; 1996.17 ; 0.08 ; 1
EL3 0.0000000000274 ; 0.0000000000015 ; 1996.28 ; 0.08 ; 1
EM  0.000000000407 ; 0.000000000021 ; 1998.45 ; 0.08 ; 1
EN  0.0000000000657 ; 0.0000000000033 ; 1998.77 ; 0.08 ; 1
GA  0.00016 ; 0.00002 ; 2869.85 ; 0.08 ; 0
EK  0.0000000141 ; 0.0000000018 ; 2849.9 ; 0.08 ; 0
EL1 0.00000000151 ; 0.00000000019 ; 2867.03 ; 0.08 ; 0
EL2 0.0000000000145 ; 0.0000000000018 ; 2867.27 ; 0.08 ; 0
EL3 0.0000000000181 ; 0.0000000000023 ; 2867.38 ; 0.08 ; 0
EM  0.000000000275 ; 0.000000000035 ; 2869.55 ; 0.08 ; 0
EN  0.000000000044 ; 0.000000000006 ; 2869.87 ; 0.08 ; 0
COM -------------- Level Separator - T1/2 in seconds -------------
LED 2805.04 ; 0.19 ; 0 ;  ;  ; 12
COM -------------- Level Separator - T1/2 in seconds -------------
LED 2739.91 ; 0.07 ; 35 ;  ;  ; 11
GA  0.0017 ; 0.0003 ; 672.56 ; 0.09 ; 5
EK  0.000003 ; 0.0000005 ; 652.56 ; 0.09 ; 5
EL1 0.00000032 ; 0.00000006 ; 669.69 ; 0.09 ; 5
EL2 0.0000000122 ; 0.0000000025 ; 669.93 ; 0.09 ; 5
EL3 0.0000000088 ; 0.0000000021 ; 670.04 ; 0.09 ; 5
EM  0.000000061 ; 0.000000011 ; 672.21 ; 0.09 ; 5
EN  0.0000000098 ; 0.0000000017 ; 672.53 ; 0.09 ; 5
GA  0.01 ; 0.003 ; 875.6 ; 0.09 ; 4
EK  0.0000094 ; 0.0000028 ; 855.6 ; 0.09 ; 4
EL1 0.00000103 ; 0.00000031 ; 872.73 ; 0.09 ; 4
EL2 0.000000021 ; 0.000000006 ; 872.97 ; 0.09 ; 4
EL3 0.0000000098 ; 0.0000000029 ; 873.08 ; 0.09 ; 4
EM  0.00000019 ; 0.00000006 ; 875.25 ; 0.09 ; 4
EN  0.00000003 ; 0.000000009 ; 875.57 ; 0.09 ; 4
GA  0.0024 ; 0.0002 ; 998.25 ; 0.17 ; 3
EK  0.0000017 ; 0.00000014 ; 978.26 ; 0.17 ; 3
EL1 0.000000185 ; 0.000000016 ; 995.39 ; 0.17 ; 3
EL2 0.0000000034 ; 0.00000000029 ; 995.63 ; 0.17 ; 3
EL3 0.00000000168 ; 0.00000000014 ; 995.74 ; 0.17 ; 3
EM  0.0000000339 ; 0.0000000029 ; 997.91 ; 0.17 ; 3
EN  0.00000000548 ; 0.00000000046 ; 998.23 ; 0.17 ; 3
GA  0.0549 ; 0.0028 ; 1868.79 ; 0.07 ; 1
EK  0.0000108 ; 0.0000006 ; 1848.81 ; 0.07 ; 1
EL1 0.00000116 ; 0.00000006 ; 1865.94 ; 0.07 ; 1
EL2 0.0000000138 ; 0.0000000007 ; 1866.18 ; 0.07 ; 1
EL3 0.0000000103 ; 0.0000000005 ; 1866.29 ; 0.07 ; 1
EM  0.000000211 ; 0.000000011 ; 1868.46 ; 0.07 ; 1
EN  0.0000000341 ; 0.0000000018 ; 1868.78 ; 0.07 ; 1
GA  0.0353 ; 0.002 ; 2739.87 ; 0.07 ; 0
EK  0.00000339 ; 0.0000002 ; 2719.91 ; 0.07 ; 0
EL1 0.000000364 ; 0.000000021 ; 2737.04 ; 0.07 ; 0
EL2 0.00000000324 ; 0.00000000019 ; 2737.28 ; 0.07 ; 0
EL3 0.00000000329 ; 0.00000000019 ; 2737.39 ; 0.07 ; 0
EM  0.000000066 ; 0.0000000039 ; 2739.56 ; 0.07 ; 0
EN  0.0000000107 ; 0.0000000006 ; 2739.88 ; 0.07 ; 0
COM -------------- Level Separator - T1/2 in seconds -------------
LED 2610.57 ; 0.16 ; 0 ;  ;  ; 10
COM -------------- Level Separator - T1/2 in seconds -------------
LED 2533.87 ; 0.12 ; 0 ;  ;  ; 9
COM -------------- Level Separator - T1/2 in seconds -------------
LED 2423.45 ; 0.09 ; 0 ;  ;  ; 8
COM -------------- Level Separator - T1/2 in seconds -------------
LED 2393.02 ; 0.06 ; 28 ;  ;  ; 7
GA  0.00027 ; 0.00002 ; 325.67 ; 0.09 ; 5
EK  0.00000346 ; 0.00000033 ; 305.67 ; 0.09 ; 5
EL1 0.000000364 ; 0.000000033 ; 322.8 ; 0.09 ; 5
EL2 0.000000032 ; 0.000000005 ; 323.04 ; 0.09 ; 5
EL3 0.000000028 ; 0.000000006 ; 323.15 ; 0.09 ; 5
EM  0.000000076 ; 0.000000008 ; 325.32 ; 0.09 ; 5
EN  0.0000000119 ; 0.0000000012 ; 325.64 ; 0.09 ; 5
GA  0.00032 ; 0.00002 ; 528.71 ; 0.08 ; 4
EK  0.00000104 ; 0.00000007 ; 508.71 ; 0.08 ; 4
EL1 0.000000111 ; 0.000000007 ; 525.84 ; 0.08 ; 4
EL2 0.0000000056 ; 0.0000000007 ; 526.08 ; 0.08 ; 4
EL3 0.0000000042 ; 0.0000000008 ; 526.19 ; 0.08 ; 4
EM  0.0000000216 ; 0.0000000015 ; 528.36 ; 0.08 ; 4
EN  0.00000000344 ; 0.00000000024 ; 528.68 ; 0.08 ; 4
GA  0.0448 ; 0.0028 ; 1521.91 ; 0.06 ; 1
EK  0.0000132 ; 0.0000009 ; 1501.92 ; 0.06 ; 1
EL1 0.00000142 ; 0.00000009 ; 1519.05 ; 0.06 ; 1
EL2 0.0000000198 ; 0.0000000013 ; 1519.29 ; 0.06 ; 1
EL3 0.0000000126 ; 0.0000000008 ; 1519.4 ; 0.06 ; 1
EM  0.00000026 ; 0.000000017 ; 1521.57 ; 0.06 ; 1
EN  0.000000042 ; 0.0000000027 ; 1521.89 ; 0.06 ; 1
GA  0.005 ; 0.0004 ; 2392.99 ; 0.06 ; 0
EK  0.000000602 ; 0.000000049 ; 2373.02 ; 0.06 ; 0
EL1 0.000000065 ; 0.000000005 ; 2390.15 ; 0.06 ; 0
EL2 0.00000000075 ; 0.00000000006 ; 2390.39 ; 0.06 ; 0
EL3 0.00000000084 ; 0.00000000007 ; 2390.5 ; 0.06 ; 0
EM  0.0000000118 ; 0.000000001 ; 2392.67 ; 0.06 ; 0
EN  0.0000000019 ; 0.00000000015 ; 2392.99 ; 0.06 ; 0
COM -------------- Level Separator - T1/2 in seconds -------------
LED 2294.79 ; 0.16 ; 0 ;  ;  ; 6
COM -------------- Level Separator - T1/2 in seconds -------------
LED 2067.35 ; 0.06 ; 14 ;  ;  ; 5
GA  0.0071 ; 0.0007 ; 1196.24 ; 0.06 ; 1
EK  0.00000343 ; 0.00000034 ; 1176.25 ; 0.06 ; 1
EL1 0.000000371 ; 0.000000037 ; 1193.38 ; 0.06 ; 1
EL2 0.0000000061 ; 0.0000000006 ; 1193.62 ; 0.06 ; 1
EL3 0.00000000339 ; 0.00000000034 ; 1193.73 ; 0.06 ; 1
EM  0.000000068 ; 0.000000007 ; 1195.9 ; 0.06 ; 1
EN  0.000000011 ; 0.0000000011 ; 1196.22 ; 0.06 ; 1
GA  0.0011 ; 0.0001 ; 2067.33 ; 0.06 ; 0
EK  0.000000172 ; 0.000000016 ; 2047.35 ; 0.06 ; 0
EL1 0.0000000184 ; 0.0000000017 ; 2064.48 ; 0.06 ; 0
EL2 0.00000000025 ; 0.000000000023 ; 2064.72 ; 0.06 ; 0
EL3 0.000000000262 ; 0.000000000024 ; 2064.83 ; 0.06 ; 0
EM  0.00000000338 ; 0.00000000031 ; 2067 ; 0.06 ; 0
EN  0.00000000054 ; 0.00000000005 ; 2067.32 ; 0.06 ; 0
COM -------------- Level Separator - T1/2 in seconds -------------
LED 1864.31 ; 0.05 ; 14 ;  ;  ; 4
GA  0.0221 ; 0.0018 ; 993.2 ; 0.05 ; 1
EK  0.0000154 ; 0.0000013 ; 973.21 ; 0.05 ; 1
EL1 0.00000165 ; 0.00000014 ; 990.34 ; 0.05 ; 1
EL2 0.000000049 ; 0.000000008 ; 990.58 ; 0.05 ; 1
EL3 0.00000004 ; 0.000000009 ; 990.69 ; 0.05 ; 1
EM  0.00000031 ; 0.000000026 ; 992.86 ; 0.05 ; 1
EN  0.0000000497 ; 0.0000000042 ; 993.18 ; 0.05 ; 1
GA  0.0023 ; 0.0003 ; 1864.29 ; 0.05 ; 0
EK  0.00000043 ; 0.00000006 ; 1844.31 ; 0.05 ; 0
EL1 0.000000047 ; 0.000000006 ; 1861.44 ; 0.05 ; 0
EL2 0.00000000071 ; 0.00000000009 ; 1861.68 ; 0.05 ; 0
EL3 0.00000000071 ; 0.00000000009 ; 1861.79 ; 0.05 ; 0
EM  0.0000000086 ; 0.0000000011 ; 1863.96 ; 0.05 ; 0
EN  0.00000000138 ; 0.00000000018 ; 1864.28 ; 0.05 ; 0
COM -------------- Level Separator - T1/2 in seconds -------------
LED 1741.65 ; 0.15 ; 7 ;  ;  ; 3
GA  0.0026 ; 0.0003 ; 870.55 ; 0.22 ; 1
EK  0.00000244 ; 0.00000028 ; 850.55 ; 0.22 ; 1
EL1 0.000000261 ; 0.00000003 ; 867.68 ; 0.22 ; 1
EL2 0.00000001 ; 0.0000000012 ; 867.92 ; 0.22 ; 1
EL3 0.0000000084 ; 0.000000001 ; 868.03 ; 0.22 ; 1
EM  0.00000005 ; 0.000000006 ; 870.2 ; 0.22 ; 1
EN  0.000000008 ; 0.0000000009 ; 870.52 ; 0.22 ; 1
COM -------------- Level Separator - T1/2 in seconds -------------
LED 1573.76 ; 0.04 ; 7 ;  ;  ; 2
GA  0.0018 ; 0.0002 ; 702.66 ; 0.04 ; 1
EK  0.00000289 ; 0.00000032 ; 682.66 ; 0.04 ; 1
EL1 0.000000308 ; 0.000000034 ; 699.794 ; 0.04 ; 1
EL2 0.0000000154 ; 0.0000000017 ; 700.035 ; 0.04 ; 1
EL3 0.000000013 ; 0.0000000015 ; 700.14 ; 0.04 ; 1
EM  0.00000006 ; 0.000000007 ; 702.307 ; 0.04 ; 1
EN  0.0000000096 ; 0.0000000011 ; 702.633 ; 0.04 ; 1
COM -------------- Level Separator - T1/2 in seconds -------------
LED 871.098 ; 0.016 ; 7 ;  ;  ; 1
GA  0.9404 ; 0.0021 ; 871.094 ; 0.016 ; 0
EK  0.000883 ; 0.000013 ; 851.098 ; 0.016 ; 0
EL1 0.0000942 ; 0.0000013 ; 868.232 ; 0.016 ; 0
EL2 0.00000362 ; 0.00000006 ; 868.473 ; 0.016 ; 0
EL3 0.000003047 ; 0.000000048 ; 868.578 ; 0.016 ; 0
EM  0.00001806 ; 0.00000028 ; 870.745 ; 0.016 ; 0
EN  0.000002878 ; 0.00000004 ; 871.071 ; 0.016 ; 0
