PAR TH233
AZP 233 ; 90
NDA 1
COM ***************** Evaluation Date: 27/03/2009 ****************
COM ===================== Daughter Separator =====================
DAU PA233
DDE 1 ;  ; 20 ; 15
Q   1243.1 ; 1.4
COM ---------------------- Branch Separator ----------------------
BEM 0.000434 ; 0.000009 ; 20 ; 224.4 ; 1.4 ; 0
COM ---------------------- Branch Separator ----------------------
BEM 0.00205 ; 0.00002 ; 19 ; 258.3 ; 1.4 ; 0
COM ---------------------- Branch Separator ----------------------
BEM 0.00385 ; 0.00004 ; 18 ; 431.5 ; 1.4 ; 0
COM ---------------------- Branch Separator ----------------------
BEM 0.0119 ; 0.0003 ; 17 ; 478.5 ; 1.4 ; 0
COM ---------------------- Branch Separator ----------------------
BEM 0.000174 ; 0.000022 ; 16 ; 573.2 ; 1.4 ; 0
COM ---------------------- Branch Separator ----------------------
BEM 0.0015 ; 0.0003 ; 15 ; 657.6 ; 1.4 ; 0
COM ---------------------- Branch Separator ----------------------
BEM 0.0123 ; 0.0003 ; 14 ; 689.2 ; 1.4 ; 0
COM ---------------------- Branch Separator ----------------------
BEM 0.00217 ; 0.00013 ; 13 ; 788.7 ; 1.4 ; 0
COM ---------------------- Branch Separator ----------------------
BEM 0.00821 ; 0.00014 ; 12 ; 795.3 ; 1.4 ; 0
COM ---------------------- Branch Separator ----------------------
BEM 0.006 ; 0.0003 ; 11 ; 985.8 ; 1.4 ; -1
COM ---------------------- Branch Separator ----------------------
COM ---------------------- Branch Separator ----------------------
COM ---------------------- Branch Separator ----------------------
BEM 0.00074 ; 0.00008 ; 8 ; 1041.4 ; 1.4 ; 0
COM ---------------------- Branch Separator ----------------------
BEM 0.00692 ; 0.00012 ; 7 ; 1073.9 ; 1.4 ; 0
COM ---------------------- Branch Separator ----------------------
COM ---------------------- Branch Separator ----------------------
BEM 0.104 ; 0.004 ; 5 ; 1148.4 ; 1.4 ; 0
COM ---------------------- Branch Separator ----------------------
COM ---------------------- Branch Separator ----------------------
COM ---------------------- Branch Separator ----------------------
COM ---------------------- Branch Separator ----------------------
BEM 0.5 ; 0.06 ; 1 ; 1236.4 ; 1.4 ; 0
COM ---------------------- Branch Separator ----------------------
BEM 0.34 ; 0.06 ; 0 ; 1243.1 ; 1.4 ; 0
COM -------------- Level Separator - T1/2 in seconds -------------
LED 1018.7 ; 0.5 ; 5 ;  ;  ; 20
GA  0.000117 ; 0.000004 ; 433.2 ; 0.4 ; 15
GA  0.000123 ; 0.000005 ; 806.4 ; 0.5 ; 9
GA  0.000095 ; 0.000005 ; 817 ; 0.6 ; 8
GA  0.000039 ; 0.000003 ; 849.5 ; 0.5 ; 7
GA  0.00006 ; 0.000003 ; 948.3 ; 0.5 ; 3
COM -------------- Level Separator - T1/2 in seconds -------------
LED 984.8 ; 0.5 ; 63 ;  ;  ; 19
GA  0.000111 ; 0.000007 ; 398.8 ; 0.5 ; 15
EK  0.0000374 ; 0.0000025 ; 286.2 ; 0.5 ; 15
EL1 0.00000629 ; 0.00000041 ; 377.7 ; 0.5 ; 15
EL2 0.00000077 ; 0.00000005 ; 378.5 ; 0.5 ; 15
EL3 0.0000000323 ; 0.0000000021 ; 382.1 ; 0.5 ; 15
EM  0.00000171 ; 0.00000011 ; 394.5 ; 0.5 ; 15
EN  0.000000567 ; 0.000000037 ; 398 ; 0.5 ; 15
GA  0.000178 ; 0.000004 ; 430.9 ; 0.4 ; 14
EK  0.0000486 ; 0.0000014 ; 318.3 ; 0.4 ; 14
EL1 0.00000817 ; 0.00000022 ; 409.79 ; 0.4 ; 14
EL2 0.000001004 ; 0.000000027 ; 410.59 ; 0.4 ; 14
EL3 0.0000000417 ; 0.0000000012 ; 414.17 ; 0.4 ; 14
EM  0.00000222 ; 0.00000007 ; 426.58 ; 0.4 ; 14
EN  0.000000737 ; 0.00000002 ; 430.07 ; 0.4 ; 14
GA  0.000056 ; 0.000003 ; 783.2 ; 0.5 ; 8
EK  0.00000311 ; 0.00000017 ; 670.6 ; 0.5 ; 8
EL1 0.000000516 ; 0.000000029 ; 762.1 ; 0.5 ; 8
EL2 0.0000000611 ; 0.0000000034 ; 762.9 ; 0.5 ; 8
EL3 0.0000000025 ; 0.00000000014 ; 766.5 ; 0.5 ; 8
EM  0.000000139 ; 0.000000008 ; 778.9 ; 0.5 ; 8
EN  0.0000000462 ; 0.0000000026 ; 782.4 ; 0.5 ; 8
GA  0.000195 ; 0.000006 ; 815.9 ; 0.4 ; 7
EK  0.00000971 ; 0.00000036 ; 703.3 ; 0.4 ; 7
EL1 0.00000161 ; 0.00000005 ; 794.8 ; 0.4 ; 7
EL2 0.00000019 ; 0.000000006 ; 795.59 ; 0.4 ; 7
EL3 0.0000000078 ; 0.00000000027 ; 799.17 ; 0.4 ; 7
EM  0.000000435 ; 0.000000017 ; 811.58 ; 0.4 ; 7
EN  0.0000001441 ; 0.0000000049 ; 815.07 ; 0.4 ; 7
GA  0.000097 ; 0.000004 ; 880.9 ; 0.5 ; 6
EK  0.00000097 ; 0.000000044 ; 768.3 ; 0.5 ; 6
EL1 0.000000159 ; 0.000000007 ; 859.8 ; 0.5 ; 6
EL2 0.0000000761 ; 0.0000000033 ; 860.6 ; 0.5 ; 6
EL3 0.0000000158 ; 0.0000000007 ; 864.2 ; 0.5 ; 6
EM  0.0000000621 ; 0.0000000029 ; 876.6 ; 0.5 ; 6
EN  0.0000000207 ; 0.0000000009 ; 880.1 ; 0.5 ; 6
GA  0.001052 ; 0.000014 ; 890.1 ; 0.5 ; 5
EK  0.0000417 ; 0.000001 ; 777.5 ; 0.5 ; 5
EL1 0.00000689 ; 0.00000014 ; 869 ; 0.5 ; 5
EL2 0.000000807 ; 0.000000016 ; 869.8 ; 0.5 ; 5
EL3 0.0000000335 ; 0.0000000007 ; 873.4 ; 0.5 ; 5
EM  0.000001852 ; 0.000000049 ; 885.8 ; 0.5 ; 5
EN  0.000000617 ; 0.000000012 ; 889.3 ; 0.5 ; 5
GA  0.000022 ; 0.000004 ; 898.3 ; 0.5 ; 4
EK  0.00000085 ; 0.00000016 ; 785.7 ; 0.5 ; 4
EL1 0.000000141 ; 0.000000026 ; 877.2 ; 0.5 ; 4
EL2 0.0000000165 ; 0.000000003 ; 878 ; 0.5 ; 4
EL3 0.00000000068 ; 0.00000000012 ; 881.6 ; 0.5 ; 4
EM  0.000000038 ; 0.000000007 ; 894 ; 0.5 ; 4
EN  0.0000000126 ; 0.0000000023 ; 897.5 ; 0.5 ; 4
GA  0.000058 ; 0.000003 ; 978.2 ; 0.5 ; 1
EK  0.000000177 ; 0.00000001 ; 865.6 ; 0.5 ; 1
EL1 0.0000000254 ; 0.0000000014 ; 957.1 ; 0.5 ; 1
EL2 0.00000000289 ; 0.00000000015 ; 957.9 ; 0.5 ; 1
EL3 0.00000000143 ; 0.00000000008 ; 961.5 ; 0.5 ; 1
EM  0.00000000702 ; 0.00000000038 ; 973.9 ; 0.5 ; 1
EN  0.00000000232 ; 0.00000000013 ; 977.4 ; 0.5 ; 1
GA  0.000102 ; 0.000003 ; 984.8 ; 0.5 ; 0
EK  0.000000309 ; 0.000000011 ; 872.2 ; 0.5 ; 0
EL1 0.0000000442 ; 0.0000000014 ; 963.7 ; 0.5 ; 0
EL2 0.000000005 ; 0.00000000016 ; 964.5 ; 0.5 ; 0
EL3 0.00000000248 ; 0.00000000008 ; 968.1 ; 0.5 ; 0
EM  0.00000001224 ; 0.00000000041 ; 980.5 ; 0.5 ; 0
EN  0.00000000403 ; 0.00000000013 ; 984 ; 0.5 ; 0
COM -------------- Level Separator - T1/2 in seconds -------------
LED 811.6 ; 0.2 ; 77 ;  ;  ; 18
GA  0.000171 ; 0.000007 ; 226.1 ; 0.2 ; 15
EK  0.000275 ; 0.000012 ; 113.5 ; 0.2 ; 15
EL1 0.0000467 ; 0.000002 ; 205 ; 0.2 ; 15
EL2 0.00000575 ; 0.00000025 ; 205.79 ; 0.2 ; 15
EL3 0.000000259 ; 0.000000011 ; 209.37 ; 0.2 ; 15
EM  0.0000127 ; 0.0000006 ; 221.78 ; 0.2 ; 15
EN  0.00000422 ; 0.00000018 ; 225.27 ; 0.2 ; 15
GA  0.000332 ; 0.00001 ; 573.7 ; 0.4 ; 10
EK  0.0000421 ; 0.0000015 ; 461.1 ; 0.4 ; 10
EL1 0.00000704 ; 0.00000023 ; 552.6 ; 0.4 ; 10
EL2 0.000000853 ; 0.000000029 ; 553.39 ; 0.4 ; 10
EL3 0.0000000346 ; 0.0000000012 ; 556.97 ; 0.4 ; 10
EM  0.0000019 ; 0.00000007 ; 569.38 ; 0.4 ; 10
EN  0.000000631 ; 0.000000021 ; 572.87 ; 0.4 ; 10
GA  0.000294 ; 0.000005 ; 599.3 ; 0.2 ; 9
EK  0.0000332 ; 0.0000009 ; 486.7 ; 0.2 ; 9
EL1 0.00000553 ; 0.00000013 ; 578.19 ; 0.2 ; 9
EL2 0.00000067 ; 0.000000016 ; 578.99 ; 0.2 ; 9
EL3 0.0000000272 ; 0.0000000006 ; 582.57 ; 0.2 ; 9
EM  0.000001496 ; 0.000000039 ; 594.98 ; 0.2 ; 9
EN  0.000000497 ; 0.000000011 ; 598.47 ; 0.2 ; 9
GA  0.000567 ; 0.000012 ; 610 ; 0.3 ; 8
EK  0.0000611 ; 0.0000017 ; 497.4 ; 0.3 ; 8
EL1 0.00001015 ; 0.00000027 ; 588.9 ; 0.3 ; 8
EL2 0.00000123 ; 0.000000031 ; 589.69 ; 0.3 ; 8
EL3 0.0000000499 ; 0.0000000013 ; 593.27 ; 0.3 ; 8
EM  0.00000275 ; 0.00000008 ; 605.68 ; 0.3 ; 8
EN  0.000000915 ; 0.000000024 ; 609.17 ; 0.3 ; 8
GA  0.000202 ; 0.000005 ; 642.4 ; 0.2 ; 7
EK  0.0000189 ; 0.0000006 ; 529.8 ; 0.2 ; 7
EL1 0.00000316 ; 0.00000009 ; 621.29 ; 0.2 ; 7
EL2 0.00000038 ; 0.000000011 ; 622.09 ; 0.2 ; 7
EL3 0.00000001541 ; 0.00000000044 ; 625.67 ; 0.2 ; 7
EM  0.000000852 ; 0.000000027 ; 638.08 ; 0.2 ; 7
EN  0.000000283 ; 0.000000008 ; 641.57 ; 0.2 ; 7
GA  0.000091 ; 0.000005 ; 707.8 ; 0.3 ; 6
EK  0.00000135 ; 0.00000008 ; 595.2 ; 0.3 ; 6
EL1 0.000000225 ; 0.000000013 ; 686.7 ; 0.3 ; 6
EL2 0.000000153 ; 0.000000009 ; 687.49 ; 0.3 ; 6
EL3 0.0000000358 ; 0.000000002 ; 691.07 ; 0.3 ; 6
EM  0.000000105 ; 0.000000006 ; 703.48 ; 0.3 ; 6
EN  0.0000000348 ; 0.000000002 ; 706.97 ; 0.3 ; 6
GA  0.000421 ; 0.000009 ; 717 ; 0.2 ; 5
EK  0.0000295 ; 0.0000009 ; 604.4 ; 0.2 ; 5
EL1 0.0000049 ; 0.00000013 ; 695.9 ; 0.2 ; 5
EL2 0.000000586 ; 0.000000015 ; 696.69 ; 0.2 ; 5
EL3 0.0000000238 ; 0.0000000006 ; 700.27 ; 0.2 ; 5
EM  0.000001322 ; 0.000000038 ; 712.68 ; 0.2 ; 5
EN  0.00000044 ; 0.000000011 ; 716.17 ; 0.2 ; 5
GA  0.000633 ; 0.00001 ; 725.1 ; 0.2 ; 4
EK  0.000043 ; 0.0000009 ; 612.5 ; 0.2 ; 4
EL1 0.00000715 ; 0.00000015 ; 704 ; 0.2 ; 4
EL2 0.000000854 ; 0.000000018 ; 704.79 ; 0.2 ; 4
EL3 0.0000000347 ; 0.0000000007 ; 708.37 ; 0.2 ; 4
EM  0.000001931 ; 0.000000049 ; 720.78 ; 0.2 ; 4
EN  0.000000642 ; 0.000000014 ; 724.27 ; 0.2 ; 4
GA  0.000236 ; 0.000005 ; 741.1 ; 0.2 ; 3
EK  0.000001185 ; 0.000000034 ; 628.5 ; 0.2 ; 3
EL1 0.0000001673 ; 0.0000000043 ; 720 ; 0.2 ; 3
EL2 0.0000000232 ; 0.0000000006 ; 720.79 ; 0.2 ; 3
EL3 0.00000001208 ; 0.00000000032 ; 724.37 ; 0.2 ; 3
EM  0.0000000481 ; 0.0000000014 ; 736.78 ; 0.2 ; 3
EN  0.00000001587 ; 0.00000000041 ; 740.27 ; 0.2 ; 3
GA  0.000214 ; 0.000006 ; 805 ; 0.2 ; 1
EK  0.000000924 ; 0.000000032 ; 692.4 ; 0.2 ; 1
EL1 0.0000001312 ; 0.0000000042 ; 783.9 ; 0.2 ; 1
EL2 0.0000000171 ; 0.0000000005 ; 784.69 ; 0.2 ; 1
EL3 0.00000000877 ; 0.00000000028 ; 788.27 ; 0.2 ; 1
EM  0.0000000372 ; 0.0000000014 ; 800.68 ; 0.2 ; 1
EN  0.0000000123 ; 0.00000000039 ; 804.17 ; 0.2 ; 1
GA  0.00006 ; 0.000002 ; 811.6 ; 0.2 ; 0
EK  0.000000256 ; 0.00000001 ; 699 ; 0.2 ; 0
EL1 0.0000000362 ; 0.0000000013 ; 790.5 ; 0.2 ; 0
EL2 0.00000000471 ; 0.00000000017 ; 791.29 ; 0.2 ; 0
EL3 0.00000000241 ; 0.00000000009 ; 794.87 ; 0.2 ; 0
EM  0.00000001026 ; 0.00000000042 ; 807.28 ; 0.2 ; 0
EN  0.0000000034 ; 0.00000000012 ; 810.77 ; 0.2 ; 0
COM -------------- Level Separator - T1/2 in seconds -------------
LED 764.55 ; 0.06 ; 58 ;  ;  ; 17
GA  0.000278 ; 0.000007 ; 179.05 ; 0.08 ; 15
EK  0.00075 ; 0.00022 ; 66.45 ; 0.08 ; 15
EL1 0.000128 ; 0.000036 ; 157.95 ; 0.08 ; 15
EL2 0.000031 ; 0.000025 ; 158.74 ; 0.08 ; 15
EL3 0.000008 ; 0.000017 ; 162.32 ; 0.08 ; 15
EM  0.0000411 ; 0.000003 ; 174.73 ; 0.08 ; 15
EN  0.0000137 ; 0.0000009 ; 178.22 ; 0.08 ; 15
GA  0.000178 ; 0.000011 ; 210.67 ; 0.08 ; 14
EK  0.0002 ; 0.00016 ; 98.07 ; 0.08 ; 14
EL1 0.000032 ; 0.000027 ; 189.56 ; 0.08 ; 14
EL2 0.000021 ; 0.000014 ; 190.36 ; 0.08 ; 14
EL3 0.000009 ; 0.000009 ; 193.94 ; 0.08 ; 14
EM  0.0000158 ; 0.000001 ; 206.35 ; 0.08 ; 14
EN  0.00000525 ; 0.00000035 ; 209.84 ; 0.08 ; 14
GA  0.000463 ; 0.000011 ; 526.69 ; 0.06 ; 10
EK  0.000042 ; 0.000032 ; 414.09 ; 0.06 ; 10
EL1 0.000007 ; 0.000006 ; 505.58 ; 0.06 ; 10
EL2 0.0000019 ; 0.00000042 ; 506.38 ; 0.06 ; 10
EL3 0.00000037 ; 0.00000032 ; 509.96 ; 0.06 ; 10
EM  0.0000023 ; 0.0000014 ; 522.37 ; 0.06 ; 10
EN  0.00000075 ; 0.00000035 ; 525.86 ; 0.06 ; 10
GA  0.000165 ; 0.000005 ; 552.21 ; 0.08 ; 9
EK  0.0000232 ; 0.0000008 ; 439.61 ; 0.08 ; 9
EL1 0.00000386 ; 0.00000013 ; 531.1 ; 0.08 ; 9
EL2 0.00000047 ; 0.000000016 ; 531.9 ; 0.08 ; 9
EL3 0.0000000191 ; 0.0000000006 ; 535.48 ; 0.08 ; 9
EM  0.000001048 ; 0.000000038 ; 547.89 ; 0.08 ; 9
EN  0.000000348 ; 0.000000012 ; 551.38 ; 0.08 ; 9
GA  0.000545 ; 0.000007 ; 562.93 ; 0.08 ; 8
EK  0.0000727 ; 0.0000017 ; 450.33 ; 0.08 ; 8
EL1 0.00001215 ; 0.00000027 ; 541.82 ; 0.08 ; 8
EL2 0.000001477 ; 0.000000029 ; 542.62 ; 0.08 ; 8
EL3 0.00000006 ; 0.0000000012 ; 546.2 ; 0.08 ; 8
EM  0.00000329 ; 0.00000008 ; 558.61 ; 0.08 ; 8
EN  0.000001091 ; 0.000000021 ; 562.1 ; 0.08 ; 8
GA  0.001178 ; 0.000016 ; 595.39 ; 0.06 ; 7
EK  0.0001352 ; 0.0000032 ; 482.79 ; 0.06 ; 7
EL1 0.0000225 ; 0.00000047 ; 574.28 ; 0.06 ; 7
EL2 0.00000273 ; 0.00000006 ; 575.08 ; 0.06 ; 7
EL3 0.0000001108 ; 0.0000000022 ; 578.66 ; 0.06 ; 7
EM  0.0000061 ; 0.00000014 ; 591.07 ; 0.06 ; 7
EN  0.000002027 ; 0.00000004 ; 594.56 ; 0.06 ; 7
GA  0.00504 ; 0.00006 ; 669.901 ; 0.016 ; 5
EK  0.000423 ; 0.00001 ; 557.305 ; 0.016 ; 5
EL1 0.0000704 ; 0.0000013 ; 648.796 ; 0.016 ; 5
EL2 0.00000845 ; 0.00000016 ; 649.587 ; 0.016 ; 5
EL3 0.000000343 ; 0.000000006 ; 653.168 ; 0.016 ; 5
EM  0.000019 ; 0.00000046 ; 665.584 ; 0.016 ; 5
EN  0.00000632 ; 0.00000012 ; 669.076 ; 0.016 ; 5
GA  0.000647 ; 0.000009 ; 678.04 ; 0.1 ; 4
EK  0.000032 ; 0.000026 ; 565.44 ; 0.1 ; 4
EL1 0.0000052 ; 0.0000039 ; 656.94 ; 0.1 ; 4
EL2 0.00000116 ; 0.00000011 ; 657.73 ; 0.1 ; 4
EL3 0.00000017 ; 0.00000014 ; 661.31 ; 0.1 ; 4
EM  0.0000016 ; 0.0000008 ; 673.72 ; 0.1 ; 4
EN  0.00000056 ; 0.00000031 ; 677.21 ; 0.1 ; 4
GA  0.000324 ; 0.000007 ; 757.9 ; 0.07 ; 1
GA  0.000891 ; 0.000013 ; 764.55 ; 0.06 ; 0
COM -------------- Level Separator - T1/2 in seconds -------------
LED 669.9 ; 0.5 ; 15 ;  ;  ; 16
GA  0.000083 ; 0.000007 ; 412.5 ; 0.5 ; 11
EK  0.0000256 ; 0.0000022 ; 299.9 ; 0.5 ; 11
EL1 0.00000429 ; 0.00000037 ; 391.4 ; 0.5 ; 11
EL2 0.000000528 ; 0.000000045 ; 392.2 ; 0.5 ; 11
EL3 0.000000022 ; 0.0000000019 ; 395.8 ; 0.5 ; 11
EM  0.00000116 ; 0.0000001 ; 408.2 ; 0.5 ; 11
EN  0.000000387 ; 0.000000033 ; 411.7 ; 0.5 ; 11
GA  0.000037 ; 0.000005 ; 663.3 ; 0.5 ; 1
EK  0.00000319 ; 0.00000044 ; 550.7 ; 0.5 ; 1
EL1 0.00000053 ; 0.00000007 ; 642.2 ; 0.5 ; 1
EL2 0.000000064 ; 0.000000009 ; 643 ; 0.5 ; 1
EL3 0.00000000259 ; 0.00000000035 ; 646.6 ; 0.5 ; 1
EM  0.000000144 ; 0.00000002 ; 659 ; 0.5 ; 1
EN  0.000000048 ; 0.000000006 ; 662.5 ; 0.5 ; 1
GA  0.000018 ;  ; 669.9 ; 0.5 ; 0
COM -------------- Level Separator - T1/2 in seconds -------------
LED 585.5 ; 0.05 ; 21 ;  ;  ; 15
GA  0.000145 ; 0.000008 ; 347.64 ; 0.06 ; 10
EK  0.0000711 ; 0.0000042 ; 235.04 ; 0.06 ; 10
EL1 0.000012 ; 0.0000007 ; 326.53 ; 0.06 ; 10
EL2 0.00000148 ; 0.00000008 ; 327.33 ; 0.06 ; 10
EL3 0.0000000626 ; 0.0000000036 ; 330.91 ; 0.06 ; 10
EM  0.00000325 ; 0.00000019 ; 343.32 ; 0.06 ; 10
EN  0.00000108 ; 0.00000006 ; 346.81 ; 0.06 ; 10
GA  0.001078 ; 0.000016 ; 490.8 ; 0.06 ; 5
EK  0.000208 ; 0.000005 ; 378.2 ; 0.06 ; 5
EL1 0.0000347 ; 0.0000007 ; 469.7 ; 0.06 ; 5
EL2 0.00000425 ; 0.00000009 ; 470.49 ; 0.06 ; 5
EL3 0.0000001741 ; 0.0000000036 ; 474.07 ; 0.06 ; 5
EM  0.00000942 ; 0.00000024 ; 486.48 ; 0.06 ; 5
EN  0.00000313 ; 0.00000007 ; 489.97 ; 0.06 ; 5
GA  0.001576 ; 0.000021 ; 499.02 ; 0.04 ; 4
EK  0.00029 ; 0.000006 ; 386.424 ; 0.04 ; 4
EL1 0.0000485 ; 0.000001 ; 477.915 ; 0.04 ; 4
EL2 0.00000594 ; 0.00000012 ; 478.706 ; 0.04 ; 4
EL3 0.000000243 ; 0.0000000047 ; 482.287 ; 0.04 ; 4
EM  0.00001316 ; 0.00000026 ; 494.703 ; 0.04 ; 4
EN  0.00000438 ; 0.0000001 ; 498.195 ; 0.04 ; 4
COM -------------- Level Separator - T1/2 in seconds -------------
LED 553.88 ; 0.06 ; 21 ;  ;  ; 14
GA  0.000037 ; 0.000004 ; 316.1 ; 0.04 ; 10
EK  0.00000101 ; 0.00000011 ; 203.504 ; 0.04 ; 10
EL1 0.000000134 ; 0.000000015 ; 294.995 ; 0.04 ; 10
EL2 0.0000000342 ; 0.0000000037 ; 295.786 ; 0.04 ; 10
EL3 0.0000000221 ; 0.0000000024 ; 299.367 ; 0.04 ; 10
EM  0.000000046 ; 0.000000005 ; 311.783 ; 0.04 ; 10
EN  0.000000015 ; 0.0000000016 ; 315.275 ; 0.04 ; 10
GA  0.00989 ; 0.00012 ; 459.222 ; 0.007 ; 5
EK  0.00227 ; 0.00006 ; 346.626 ; 0.007 ; 5
EL1 0.000382 ; 0.000008 ; 438.117 ; 0.007 ; 5
EL2 0.0000469 ; 0.0000009 ; 438.908 ; 0.007 ; 5
EL3 0.000001929 ; 0.000000038 ; 442.489 ; 0.007 ; 5
EM  0.0001035 ; 0.0000024 ; 454.905 ; 0.007 ; 5
EN  0.0000343 ; 0.0000006 ; 458.397 ; 0.007 ; 5
GA  0.000144 ; 0.000004 ; 467.4 ; 0.06 ; 4
EK  0.000019 ; 0.000014 ; 354.8 ; 0.06 ; 4
EL1 0.000003 ; 0.0000023 ; 446.29 ; 0.06 ; 4
EL2 0.00000088 ; 0.00000025 ; 447.09 ; 0.06 ; 4
EL3 0.00000019 ; 0.00000016 ; 450.67 ; 0.06 ; 4
EM  0.00000101 ; 0.00000016 ; 463.08 ; 0.06 ; 4
EN  0.00000034 ; 0.00000014 ; 466.57 ; 0.06 ; 4
COM -------------- Level Separator - T1/2 in seconds -------------
LED 454.4 ; 0.07 ; 35 ;  ;  ; 13
GA  0.00013 ; 0.000007 ; 216.54 ; 0.08 ; 10
EK  0.00013 ; 0.00012 ; 103.94 ; 0.08 ; 10
EL1 0.000022 ; 0.000018 ; 195.44 ; 0.08 ; 10
EL2 0.000014 ; 0.000009 ; 196.23 ; 0.08 ; 10
EL3 0.000005 ; 0.000005 ; 199.81 ; 0.08 ; 10
EM  0.0000105 ; 0.0000008 ; 212.22 ; 0.08 ; 10
EN  0.00000348 ; 0.00000025 ; 215.71 ; 0.08 ; 10
GA  0.000066 ; 0.000003 ; 252.78 ; 0.09 ; 8
EK  0.000066 ; 0.00002 ; 140.18 ; 0.09 ; 8
EL1 0.0000119 ; 0.0000033 ; 231.68 ; 0.09 ; 8
EL2 0.0000022 ; 0.0000011 ; 232.47 ; 0.09 ; 8
EL3 0.0000004 ; 0.0000007 ; 236.05 ; 0.09 ; 8
EM  0.00000343 ; 0.00000031 ; 248.46 ; 0.09 ; 8
EN  0.00000116 ; 0.0000001 ; 251.95 ; 0.09 ; 8
GA  0.000154 ; 0.000009 ; 285.24 ; 0.07 ; 7
EK  0.000114 ; 0.000032 ; 172.64 ; 0.07 ; 7
EL1 0.00002 ; 0.000006 ; 264.14 ; 0.07 ; 7
EL2 0.0000035 ; 0.0000016 ; 264.93 ; 0.07 ; 7
EL3 0.0000006 ; 0.0000009 ; 268.51 ; 0.07 ; 7
EM  0.0000057 ; 0.0000007 ; 280.92 ; 0.07 ; 7
EN  0.00000189 ; 0.00000022 ; 284.41 ; 0.07 ; 7
GA  0.000869 ; 0.000012 ; 359.74 ; 0.04 ; 5
EK  0.000388 ; 0.000009 ; 247.144 ; 0.04 ; 5
EL1 0.0000653 ; 0.0000013 ; 338.635 ; 0.04 ; 5
EL2 0.00000806 ; 0.00000016 ; 339.426 ; 0.04 ; 5
EL3 0.000000341 ; 0.000000007 ; 343.007 ; 0.04 ; 5
EM  0.00001773 ; 0.00000043 ; 355.423 ; 0.04 ; 5
EN  0.00000589 ; 0.00000012 ; 358.915 ; 0.04 ; 5
GA  0.000037 ; 0.000007 ; 367.92 ; 0.07 ; 4
EK  0.0000155 ; 0.000003 ; 255.32 ; 0.07 ; 4
EL1 0.00000261 ; 0.0000005 ; 346.82 ; 0.07 ; 4
EL2 0.00000032 ; 0.00000006 ; 347.61 ; 0.07 ; 4
EL3 0.0000000136 ; 0.0000000026 ; 351.19 ; 0.07 ; 4
EM  0.00000071 ; 0.00000014 ; 363.6 ; 0.07 ; 4
EN  0.000000236 ; 0.000000045 ; 367.09 ; 0.07 ; 4
COM -------------- Level Separator - T1/2 in seconds -------------
LED 447.762 ; 0.02 ; 43 ;  ;  ; 12
GA  0.000861 ; 0.000015 ; 190.552 ; 0.014 ; 11
EK  0.00224 ; 0.00006 ; 77.956 ; 0.014 ; 11
EL1 0.000381 ; 0.000009 ; 169.447 ; 0.014 ; 11
EL2 0.0000467 ; 0.0000011 ; 170.238 ; 0.014 ; 11
EL3 0.00000216 ; 0.00000005 ; 173.819 ; 0.014 ; 11
EM  0.0001037 ; 0.0000027 ; 186.235 ; 0.014 ; 11
EN  0.0000345 ; 0.0000008 ; 189.727 ; 0.014 ; 11
GA  0.000041 ; 0.000006 ; 246.14 ; 0.06 ; 8
EK  0.00000194 ; 0.00000029 ; 133.54 ; 0.06 ; 8
EL1 0.000000252 ; 0.000000037 ; 225.04 ; 0.06 ; 8
EL2 0.000000076 ; 0.000000011 ; 225.83 ; 0.06 ; 8
EL3 0.000000053 ; 0.000000008 ; 229.41 ; 0.06 ; 8
EM  0.000000092 ; 0.000000014 ; 241.82 ; 0.06 ; 8
EN  0.0000000301 ; 0.0000000044 ; 245.31 ; 0.06 ; 8
GA  0.000047 ; 0.000006 ; 278.7 ; 0.4 ; 7
GA  0.000218 ; 0.000006 ; 361.285 ; 0.022 ; 4
EK  0.00000447 ; 0.00000015 ; 248.689 ; 0.022 ; 4
EL1 0.000000602 ; 0.000000019 ; 340.18 ; 0.022 ; 4
EL2 0.0000001397 ; 0.0000000043 ; 340.971 ; 0.022 ; 4
EL3 0.000000087 ; 0.0000000027 ; 344.552 ; 0.022 ; 4
EM  0.000000199 ; 0.000000005 ; 356.968 ; 0.022 ; 4
EN  0.0000000655 ; 0.0000000021 ; 360.46 ; 0.022 ; 4
GA  0.000275 ; 0.000009 ; 377.27 ; 0.11 ; 3
EK  0.000099 ; 0.00002 ; 264.67 ; 0.11 ; 3
EL1 0.0000168 ; 0.0000031 ; 356.16 ; 0.11 ; 3
EL2 0.0000024 ; 0.0000005 ; 356.96 ; 0.11 ; 3
EL3 0.00000022 ; 0.0000003 ; 360.54 ; 0.11 ; 3
EM  0.00000473 ; 0.00000049 ; 372.95 ; 0.11 ; 3
EN  0.00000157 ; 0.00000018 ; 376.44 ; 0.11 ; 3
GA  0.001912 ; 0.000023 ; 440.94 ; 0.04 ; 1
EK  0.00046 ; 0.00008 ; 328.344 ; 0.04 ; 1
EL1 0.000076 ; 0.000013 ; 419.835 ; 0.04 ; 1
EL2 0.0000109 ; 0.0000015 ; 420.626 ; 0.04 ; 1
EL3 0.000001 ; 0.0000011 ; 424.207 ; 0.04 ; 1
EM  0.0000212 ; 0.0000025 ; 436.623 ; 0.04 ; 1
EN  0.0000071 ; 0.0000009 ; 440.115 ; 0.04 ; 1
GA  0.001043 ; 0.000014 ; 447.762 ; 0.02 ; 0
EK  0.00024 ; 0.000042 ; 335.166 ; 0.02 ; 0
EL1 0.000041 ; 0.000006 ; 426.657 ; 0.02 ; 0
EL2 0.0000056 ; 0.0000007 ; 427.448 ; 0.02 ; 0
EL3 0.0000004 ; 0.0000005 ; 431.029 ; 0.02 ; 0
EM  0.0000113 ; 0.0000012 ; 443.445 ; 0.02 ; 0
EN  0.00000374 ; 0.00000039 ; 446.937 ; 0.02 ; 0
COM -------------- Level Separator - T1/2 in seconds -------------
LED 257.3 ; 0.15 ; 42 ;  ;  ; 11
GA  0.000407 ; 0.000007 ; 153.49 ; 0.18 ; 6
EK  0.000057 ; 0.0000016 ; 40.89 ; 0.18 ; 6
EL1 0.00000699 ; 0.00000016 ; 132.39 ; 0.18 ; 6
EL2 0.00000293 ; 0.00000007 ; 133.18 ; 0.18 ; 6
EL3 0.00000231 ; 0.00000005 ; 136.76 ; 0.18 ; 6
EM  0.00000296 ; 0.00000008 ; 149.17 ; 0.18 ; 6
EN  0.000000968 ; 0.000000022 ; 152.66 ; 0.18 ; 6
GA  0.0016 ;  ; 162.504 ; 0.18 ; 5
EK  0.0001968 ; 0.0000029 ; 49.91 ; 0.18 ; 5
EL1 0.00002426 ; 0.00000035 ; 141.4 ; 0.18 ; 5
EL2 0.00000976 ; 0.00000014 ; 142.19 ; 0.18 ; 5
EL3 0.00000758 ; 0.00000011 ; 145.77 ; 0.18 ; 5
EM  0.00001008 ; 0.00000016 ; 158.19 ; 0.18 ; 5
EN  0.000003294 ; 0.000000048 ; 161.68 ; 0.18 ; 5
GA  0.00507 ; 0.00009 ; 170.6 ; 0.06 ; 4
EK  0.000557 ; 0.000014 ; 58 ; 0.06 ; 4
EL1 0.0000691 ; 0.0000016 ; 149.5 ; 0.06 ; 4
EL2 0.0000269 ; 0.0000006 ; 150.29 ; 0.06 ; 4
EL3 0.00002058 ; 0.00000048 ; 153.87 ; 0.06 ; 4
EM  0.0000282 ; 0.0000007 ; 166.28 ; 0.06 ; 4
EN  0.00000923 ; 0.00000021 ; 169.77 ; 0.06 ; 4
GA  0.000209 ; 0.000009 ; 186.8 ; 0.18 ; 3
EK  0.00031 ; 0.00027 ; 74.2 ; 0.18 ; 3
EL1 0.000054 ; 0.000046 ; 165.7 ; 0.18 ; 3
EL2 0.00004 ; 0.000029 ; 166.49 ; 0.18 ; 3
EL3 0.000019 ; 0.000019 ; 170.07 ; 0.18 ; 3
EM  0.0000286 ; 0.0000024 ; 182.48 ; 0.18 ; 3
EN  0.0000095 ; 0.0000008 ; 185.97 ; 0.18 ; 3
GA  0.000047 ; 0.000003 ; 250.65 ; 0.16 ; 1
EK  0.0000049 ; 0.00000033 ; 138.05 ; 0.16 ; 1
EL1 0.000001 ; 0.00000007 ; 229.54 ; 0.16 ; 1
EL2 0.00000438 ; 0.00000029 ; 230.34 ; 0.16 ; 1
EL3 0.00000194 ; 0.00000013 ; 233.92 ; 0.16 ; 1
EM  0.00000199 ; 0.00000013 ; 246.33 ; 0.16 ; 1
EN  0.000000658 ; 0.000000043 ; 249.82 ; 0.16 ; 1
GA  0.000524 ; 0.000012 ; 257.3 ; 0.15 ; 0
EK  0.00031 ; 0.00031 ; 144.7 ; 0.15 ; 0
EL1 0.000058 ; 0.000047 ; 236.2 ; 0.15 ; 0
EL2 0.000026 ; 0.000016 ; 236.99 ; 0.15 ; 0
EL3 0.00001 ; 0.000009 ; 240.57 ; 0.15 ; 0
EM  0.0000236 ; 0.0000037 ; 252.98 ; 0.15 ; 0
EN  0.0000078 ; 0.0000013 ; 256.47 ; 0.15 ; 0
COM -------------- Level Separator - T1/2 in seconds -------------
LED 237.86 ; 0.02 ; 35 ;  ;  ; 10
GA  0.000018 ; 0.000005 ; 134.285 ; 0.02 ; 6
EK  0.00011 ; 0.000043 ; 21.689 ; 0.02 ; 6
EL1 0.000018 ; 0.000007 ; 113.18 ; 0.02 ; 6
EL2 0.000005 ; 0.000006 ; 113.971 ; 0.02 ; 6
EL3 0.0000022 ; 0.0000038 ; 117.552 ; 0.02 ; 6
EM  0.0000067 ; 0.0000023 ; 129.968 ; 0.02 ; 6
EN  0.0000022 ; 0.0000008 ; 133.46 ; 0.02 ; 6
GA  0.000114 ; 0.000007 ; 143.23 ; 0.02 ; 5
EK  0.00057 ; 0.00016 ; 30.634 ; 0.02 ; 5
EL1 0.000099 ; 0.000027 ; 122.125 ; 0.02 ; 5
EL2 0.000028 ; 0.000026 ; 122.916 ; 0.02 ; 5
EL3 0.00001 ; 0.000018 ; 126.497 ; 0.02 ; 5
EM  0.000034 ; 0.000007 ; 138.913 ; 0.02 ; 5
EN  0.0000113 ; 0.0000021 ; 142.405 ; 0.02 ; 5
GA  0.000067 ; 0.000003 ; 151.409 ; 0.02 ; 4
EK  0.000228 ; 0.000048 ; 38.813 ; 0.02 ; 4
EL1 0.00004 ; 0.000007 ; 130.304 ; 0.02 ; 4
EL2 0.000022 ; 0.000006 ; 131.095 ; 0.02 ; 4
EL3 0.00001 ; 0.000004 ; 134.676 ; 0.02 ; 4
EM  0.0000185 ; 0.0000015 ; 147.092 ; 0.02 ; 4
EN  0.00000612 ; 0.00000049 ; 150.584 ; 0.02 ; 4
GA  0.0000011 ; 0.0000003 ; 180.76 ; 0.03 ; 2
EK  0.000000106 ; 0.000000029 ; 68.164 ; 0.03 ; 2
EL1 0.0000000132 ; 0.0000000036 ; 159.655 ; 0.03 ; 2
EL2 0.0000000049 ; 0.0000000013 ; 160.446 ; 0.03 ; 2
EL3 0.0000000037 ; 0.000000001 ; 164.027 ; 0.03 ; 2
EM  0.0000000053 ; 0.0000000014 ; 176.443 ; 0.03 ; 2
EN  0.00000000173 ; 0.00000000047 ; 179.935 ; 0.03 ; 2
GA  0.000019 ; 0.000004 ; 237.86 ; 0.06 ; 0
EK  0.00000097 ; 0.00000021 ; 125.26 ; 0.06 ; 0
EL1 0.000000126 ; 0.000000027 ; 216.76 ; 0.06 ; 0
EL2 0.000000039 ; 0.000000008 ; 217.55 ; 0.06 ; 0
EL3 0.000000027 ; 0.000000006 ; 221.13 ; 0.06 ; 0
EM  0.000000046 ; 0.00000001 ; 233.54 ; 0.06 ; 0
EN  0.0000000152 ; 0.0000000032 ; 237.03 ; 0.06 ; 0
COM -------------- Level Separator - T1/2 in seconds -------------
LED 212.34 ; 0.05 ; 29 ;  ;  ; 9
GA  0.000006 ;  ; 108.5 ; 0.1 ; 6
EK  0.00000001818 ; 0.0000000003 ; -4.1 ; 0.1 ; 6
EL1 0.0000127 ; 0.0000014 ; 87.4 ; 0.1 ; 6
EL2 0.0000024 ; 0.0000024 ; 88.19 ; 0.1 ; 6
EL3 0.0000006 ; 0.0000018 ; 91.77 ; 0.1 ; 6
EM  0.0000039 ; 0.0000008 ; 104.18 ; 0.1 ; 6
EN  0.00000133 ; 0.00000029 ; 107.67 ; 0.1 ; 6
GA  0.000029 ; 0.000003 ; 117.692 ; 0.02 ; 5
EK  0.00027 ; 0.000031 ; 5.096 ; 0.02 ; 5
EL1 0.000047 ; 0.000006 ; 96.587 ; 0.02 ; 5
EL2 0.0000116 ; 0.0000037 ; 97.378 ; 0.02 ; 5
EL3 0.0000041 ; 0.0000024 ; 100.959 ; 0.02 ; 5
EM  0.0000154 ; 0.000002 ; 113.375 ; 0.02 ; 5
EN  0.0000051 ; 0.0000006 ; 116.867 ; 0.02 ; 5
GA   ;  ; 141.74 ; 0.1 ; 3
GA  0.0000023 ; 0.0000003 ; 155.239 ; 0.02 ; 2
EK  0.000000315 ; 0.000000042 ; 42.643 ; 0.02 ; 2
EL1 0.000000039 ; 0.000000005 ; 134.134 ; 0.02 ; 2
EL2 0.000000016 ; 0.0000000021 ; 134.925 ; 0.02 ; 2
EL3 0.0000000126 ; 0.0000000017 ; 138.506 ; 0.02 ; 2
EM  0.0000000163 ; 0.0000000021 ; 150.922 ; 0.02 ; 2
EN  0.0000000053 ; 0.0000000007 ; 154.414 ; 0.02 ; 2
GA  0.000065 ; 0.000006 ; 212.34 ; 0.05 ; 0
EK  0.0000043 ; 0.0000004 ; 99.74 ; 0.05 ; 0
EL1 0.00000055 ; 0.00000005 ; 191.24 ; 0.05 ; 0
EL2 0.000000184 ; 0.000000017 ; 192.03 ; 0.05 ; 0
EL3 0.000000133 ; 0.000000012 ; 195.61 ; 0.05 ; 0
EM  0.000000209 ; 0.00000002 ; 208.02 ; 0.05 ; 0
EN  0.000000069 ; 0.000000006 ; 211.51 ; 0.05 ; 0
COM -------------- Level Separator - T1/2 in seconds -------------
LED 201.62 ; 0.05 ; 28 ;  ;  ; 8
GA  0.00003 ; 0.00007 ; 115.14 ; 0.05 ; 4
EK  0.00015 ; 0.00039 ; 2.54 ; 0.05 ; 4
EL1 0.00003 ; 0.00008 ; 94.04 ; 0.05 ; 4
EL2 0.00004 ; 0.00011 ; 94.83 ; 0.05 ; 4
EL3 0.00003 ; 0.00007 ; 98.41 ; 0.05 ; 4
EM  0.00003 ; 0.00006 ; 110.82 ; 0.05 ; 4
EN  0.000009 ; 0.000021 ; 114.31 ; 0.05 ; 4
GA  0.000508 ; 0.000013 ; 131.101 ; 0.025 ; 3
EK  0.0001026 ; 0.0000033 ; 18.505 ; 0.025 ; 3
EL1 0.00001234 ; 0.00000038 ; 109.996 ; 0.025 ; 3
EL2 0.00000578 ; 0.00000017 ; 110.787 ; 0.025 ; 3
EL3 0.00000477 ; 0.00000014 ; 114.368 ; 0.025 ; 3
EM  0.00000556 ; 0.00000018 ; 126.784 ; 0.025 ; 3
EN  0.00000181 ; 0.00000005 ; 130.276 ; 0.025 ; 3
GA  0.001073 ; 0.000017 ; 194.97 ; 0.07 ; 1
EK  0.0000865 ; 0.0000022 ; 82.37 ; 0.07 ; 1
EL1 0.00001091 ; 0.00000024 ; 173.86 ; 0.07 ; 1
EL2 0.00000387 ; 0.00000008 ; 174.66 ; 0.07 ; 1
EL3 0.00000286 ; 0.00000006 ; 178.24 ; 0.07 ; 1
EM  0.00000426 ; 0.00000011 ; 190.65 ; 0.07 ; 1
EN  0.000001397 ; 0.00000003 ; 194.14 ; 0.07 ; 1
GA  0.000221 ; 0.000008 ; 201.62 ; 0.05 ; 0
EK  0.0000165 ; 0.0000007 ; 89.02 ; 0.05 ; 0
EL1 0.00000209 ; 0.00000008 ; 180.52 ; 0.05 ; 0
EL2 0.000000725 ; 0.000000028 ; 181.31 ; 0.05 ; 0
EL3 0.00000053 ; 0.000000021 ; 184.89 ; 0.05 ; 0
EM  0.000000807 ; 0.000000033 ; 197.3 ; 0.05 ; 0
EN  0.000000265 ; 0.00000001 ; 200.79 ; 0.05 ; 0
COM -------------- Level Separator - T1/2 in seconds -------------
LED 169.159 ; 0.01 ; 20 ;  ;  ; 7
GA  0.000402 ; 0.000017 ; 74.51 ; 0.05 ; 5
EL1 0.00266 ; 0.00012 ; 53.4 ; 0.05 ; 5
EL2 0.000315 ; 0.000014 ; 54.2 ; 0.05 ; 5
EL3 0.0000167 ; 0.0000007 ; 57.78 ; 0.05 ; 5
EM  0.00072 ; 0.000034 ; 70.19 ; 0.05 ; 5
EN  0.00024 ; 0.000011 ; 73.68 ; 0.05 ; 5
GA  0.001674 ; 0.000026 ; 162.504 ; 0.012 ; 1
EK  0.000206 ; 0.000006 ; 49.908 ; 0.012 ; 1
EL1 0.0000254 ; 0.0000005 ; 141.399 ; 0.012 ; 1
EL2 0.00001021 ; 0.00000022 ; 142.19 ; 0.012 ; 1
EL3 0.00000793 ; 0.00000017 ; 145.771 ; 0.012 ; 1
EM  0.00001055 ; 0.00000023 ; 158.187 ; 0.012 ; 1
EN  0.00000345 ; 0.00000007 ; 161.679 ; 0.012 ; 1
GA  0.00251 ; 0.00004 ; 169.162 ; 0.01 ; 0
EK  0.000281 ; 0.000007 ; 56.566 ; 0.01 ; 0
EL1 0.0000348 ; 0.0000007 ; 148.057 ; 0.01 ; 0
EL2 0.00001363 ; 0.0000003 ; 148.848 ; 0.01 ; 0
EL3 0.00001047 ; 0.00000022 ; 152.429 ; 0.01 ; 0
EM  0.00001426 ; 0.00000038 ; 164.845 ; 0.01 ; 0
EN  0.00000467 ; 0.0000001 ; 168.337 ; 0.01 ; 0
COM -------------- Level Separator - T1/2 in seconds -------------
LED 103.8 ; 0.1 ; 2 ;  ;  ; 6
GA   ;  ; 17.4 ; 0.05 ; 4
GA   ;  ; 46.53 ; 0.04 ; 2
COM -------------- Level Separator - T1/2 in seconds -------------
LED 94.65 ; 0.05 ; 13 ;  ;  ; 5
GA   ;  ; 8.22 ; 0.05 ; 4
GA  0.001698 ; 0.00002 ; 87.99 ; 0.03 ; 1
EL1 0.0000983 ; 0.0000019 ; 66.885 ; 0.03 ; 1
EL2 0.0000616 ; 0.0000011 ; 67.676 ; 0.03 ; 1
EL3 0.0000569 ; 0.0000011 ; 71.257 ; 0.03 ; 1
EM  0.000053 ; 0.0000012 ; 83.673 ; 0.03 ; 1
EN  0.0000172 ; 0.00000033 ; 87.165 ; 0.03 ; 1
GA  0.00775 ; 0.00009 ; 94.65 ; 0.05 ; 0
EL1 0.000384 ; 0.000007 ; 73.54 ; 0.05 ; 0
EL2 0.0002278 ; 0.0000047 ; 74.34 ; 0.05 ; 0
EL3 0.0002054 ; 0.0000039 ; 77.92 ; 0.05 ; 0
EM  0.0001992 ; 0.0000045 ; 90.33 ; 0.05 ; 0
EN  0.0000647 ; 0.0000012 ; 93.82 ; 0.05 ; 0
COM -------------- Level Separator - T1/2 in seconds -------------
LED 86.477 ; 0.01 ; 9 ;  ;  ; 4
GA  0.0217 ; 0.0007 ; 29.373 ; 0.01 ; 2
EL1 0.01057 ; 0.00037 ; 8.268 ; 0.01 ; 2
EL2 0.0173 ; 0.0006 ; 9.059 ; 0.01 ; 2
EL3 0.0219 ; 0.0008 ; 12.64 ; 0.01 ; 2
EM  0.01272 ; 0.00049 ; 25.056 ; 0.01 ; 2
EN  0.00403 ; 0.00014 ; 28.548 ; 0.01 ; 2
GA  0.01843 ; 0.00022 ; 86.477 ; 0.01 ; 0
EL  0.0208 ; 0.0008 ; 67.093 ; 0.01 ; 0
EM  0.0041 ; 0.0011 ; 82.16 ; 0.01 ; 0
COM -------------- Level Separator - T1/2 in seconds -------------
LED 70.49 ; 0.1 ; 12 ;  ;  ; 3
GA  0.000007 ; 0.000003 ; 63.92 ; 0.06 ; 1
EL1 0.00001 ; 0.0000043 ; 42.82 ; 0.06 ; 1
EL2 0.00028 ; 0.00012 ; 43.61 ; 0.06 ; 1
EL3 0.00023 ; 0.0001 ; 47.19 ; 0.06 ; 1
EM  0.00014 ; 0.00006 ; 59.6 ; 0.06 ; 1
EN  0.000048 ; 0.00002 ; 63.09 ; 0.06 ; 1
GA  0.000007 ; 0.000004 ; 70.49 ; 0.1 ; 0
EL1 0.000028 ; 0.000032 ; 49.38 ; 0.1 ; 0
EL2 0.00009 ; 0.0001 ; 50.18 ; 0.1 ; 0
EL3 0.00007 ; 0.00008 ; 53.76 ; 0.1 ; 0
EM  0.00005 ; 0.00005 ; 66.17 ; 0.1 ; 0
EN  0.000018 ; 0.000017 ; 69.66 ; 0.1 ; 0
COM -------------- Level Separator - T1/2 in seconds -------------
LED 57.1 ; 0.02 ; 6 ;  ;  ; 2
GA  0.000498 ; 0.000015 ; 57.1 ; 0.02 ; 0
EL1 0.00117 ; 0.00004 ; 35.995 ; 0.02 ; 0
EL2 0.0342 ; 0.0011 ; 36.786 ; 0.02 ; 0
EL3 0.0285 ; 0.0009 ; 40.367 ; 0.02 ; 0
EM  0.0176 ; 0.0006 ; 52.783 ; 0.02 ; 0
EN  0.00582 ; 0.00019 ; 56.275 ; 0.02 ; 0
COM -------------- Level Separator - T1/2 in seconds -------------
LED 6.65 ; 0.05 ; 3 ;  ;  ; 1
GA  0.000165 ; 0.000018 ; 6.65 ; 0.05 ; 0
EM  0.376 ; 0.042 ; 2.33 ; 0.05 ; 0
EN  0.126 ; 0.014 ; 5.82 ; 0.05 ; 0
