PAR TL208
AZP 208 ; 81
NDA 1
COM ***************** Evaluation Date: 28/07/2010 ****************
COM ===================== Daughter Separator =====================
DAU PB208
DDE 1 ;  ; 16 ; 15
Q   4999 ; 1.7
COM ---------------------- Branch Separator ----------------------
BEM 0.00052 ; 0.00005 ; 23 ; 518.3 ; 1.7 ; 0
COM ---------------------- Branch Separator ----------------------
BEM 0.00017 ; 0.00005 ; 21 ; 615.7 ; 1.7 ; 0
COM ---------------------- Branch Separator ----------------------
BEM 0.00045 ; 0.00004 ; 20 ; 640.3 ; 1.7 ; 0
COM ---------------------- Branch Separator ----------------------
BEM 0.00005 ; 0.00002 ; 19 ; 675.1 ; 1.7 ; 0
COM ---------------------- Branch Separator ----------------------
BEM 0.00102 ; 0.00011 ; 18 ; 702.4 ; 1.7 ; 0
COM ---------------------- Branch Separator ----------------------
BEM 0.00002 ; 0.00001 ; 17 ; 737.1 ; 1.7 ; 0
COM ---------------------- Branch Separator ----------------------
BEM 0.00231 ; 0.00009 ; 13 ; 818.6 ; 1.7 ; 0
COM ---------------------- Branch Separator ----------------------
BEM 0.00174 ; 0.00009 ; 12 ; 873.7 ; 1.7 ; 0
COM ---------------------- Branch Separator ----------------------
BEM 0.00007 ; 0.00003 ; 8 ; 1003.6 ; 1.7 ; 0
COM ---------------------- Branch Separator ----------------------
BEM 0.0317 ; 0.0004 ; 7 ; 1037.8 ; 1.7 ; 0
COM ---------------------- Branch Separator ----------------------
BEM 0.00048 ; 0.00003 ; 6 ; 1052.4 ; 1.7 ; 0
COM ---------------------- Branch Separator ----------------------
BEM 0.0063 ; 0.0004 ; 5 ; 1079 ; 1.7 ; 0
COM ---------------------- Branch Separator ----------------------
BEM 0.241 ; 0.002 ; 4 ; 1290.5 ; 1.7 ; 0
COM ---------------------- Branch Separator ----------------------
BEM 0.221 ; 0.005 ; 3 ; 1523.9 ; 1.7 ; 0
COM ---------------------- Branch Separator ----------------------
BEM 0.492 ; 0.006 ; 2 ; 1801.3 ; 1.7 ; 0
COM ---------------------- Branch Separator ----------------------
COM ---------------------- Branch Separator ----------------------
COM -------------- Level Separator - T1/2 in seconds -------------
LED 4480.746 ; 0.016 ; 7 ;  ;  ; 23
GA  0.00052 ; 0.00005 ; 1283.04 ; 0.02 ; 2
EK  0.00000403 ; 0.00000039 ; 1195.036 ; 0.02 ; 2
EL1 0.00000061 ; 0.00000006 ; 1267.179 ; 0.02 ; 2
EL2 0.0000000504 ; 0.0000000049 ; 1267.84 ; 0.02 ; 2
EL3 0.00000000421 ; 0.00000000041 ; 1270.005 ; 0.02 ; 2
EM  0.000000153 ; 0.000000015 ; 1279.932 ; 0.02 ; 2
EN  0.0000000468 ; 0.0000000046 ; 1282.55 ; 0.02 ; 2
COM -------------- Level Separator - T1/2 in seconds -------------
LED 4383.285 ; 0.017 ; 7 ;  ;  ; 21
GA  0.00017 ; 0.00005 ; 1185.57 ; 0.02 ; 2
EK  0.00000161 ; 0.00000047 ; 1097.566 ; 0.02 ; 2
EL1 0.00000024 ; 0.00000007 ; 1169.709 ; 0.02 ; 2
EL2 0.000000021 ; 0.000000006 ; 1170.37 ; 0.02 ; 2
EL3 0.00000000166 ; 0.00000000049 ; 1172.535 ; 0.02 ; 2
EM  0.000000062 ; 0.000000018 ; 1182.462 ; 0.02 ; 2
EN  0.000000019 ; 0.000000006 ; 1185.08 ; 0.02 ; 2
COM -------------- Level Separator - T1/2 in seconds -------------
LED 4358.67 ; 0.013 ; 21 ;  ;  ; 20
GA  0.00031 ; 0.00003 ; 883.59 ; 0.02 ; 3
EK  0.0000062 ; 0.0000006 ; 795.586 ; 0.02 ; 3
EL1 0.00000094 ; 0.00000009 ; 867.729 ; 0.02 ; 3
EL2 0.000000085 ; 0.000000008 ; 868.39 ; 0.02 ; 3
EL3 0.0000000063 ; 0.0000000006 ; 870.555 ; 0.02 ; 3
EM  0.000000241 ; 0.000000024 ; 880.482 ; 0.02 ; 3
EN  0.000000073 ; 0.000000007 ; 883.1 ; 0.02 ; 3
GA  0.00011 ; 0.00003 ; 1160.96 ; 0.02 ; 2
EK  0.0000011 ; 0.0000003 ; 1072.956 ; 0.02 ; 2
EL1 0.000000165 ; 0.000000045 ; 1145.099 ; 0.02 ; 2
EL2 0.0000000141 ; 0.0000000039 ; 1145.76 ; 0.02 ; 2
EL3 0.00000000113 ; 0.00000000031 ; 1147.925 ; 0.02 ; 2
EM  0.000000042 ; 0.000000011 ; 1157.852 ; 0.02 ; 2
EN  0.0000000128 ; 0.0000000035 ; 1160.47 ; 0.02 ; 2
GA  0.00002 ; 0.00001 ; 1744.12 ; 0.016 ; 1
EK  0.000000071 ; 0.000000036 ; 1656.114 ; 0.016 ; 1
EL1 0.000000011 ; 0.000000005 ; 1728.257 ; 0.016 ; 1
EL2 0.00000000082 ; 0.00000000041 ; 1728.918 ; 0.016 ; 1
EL3 0.000000000081 ; 0.000000000041 ; 1731.083 ; 0.016 ; 1
EM  0.0000000027 ; 0.0000000013 ; 1741.01 ; 0.016 ; 1
EN  0.00000000082 ; 0.00000000041 ; 1743.628 ; 0.016 ; 1
COM -------------- Level Separator - T1/2 in seconds -------------
LED 4323.946 ; 0.014 ; 7 ;  ;  ; 19
GA  0.00005 ; 0.00002 ; 1126.24 ; 0.02 ; 2
EK  0.000000085 ; 0.000000034 ; 1038.236 ; 0.02 ; 2
EL1 0.0000000114 ; 0.0000000046 ; 1110.379 ; 0.02 ; 2
EL2 0.00000000083 ; 0.00000000033 ; 1111.04 ; 0.02 ; 2
EL3 0.00000000056 ; 0.00000000022 ; 1113.205 ; 0.02 ; 2
EM  0.000000003 ; 0.0000000012 ; 1123.132 ; 0.02 ; 2
EN  0.00000000089 ; 0.00000000036 ; 1125.75 ; 0.02 ; 2
COM -------------- Level Separator - T1/2 in seconds -------------
LED 4296.56 ; 0.013 ; 14 ;  ;  ; 18
GA  0.0006 ; 0.0001 ; 588.108 ; 0.018 ; 4
EK  0.000035 ; 0.000006 ; 500.105 ; 0.018 ; 4
EL1 0.0000053 ; 0.0000009 ; 572.248 ; 0.018 ; 4
EL2 0.00000051 ; 0.00000008 ; 572.909 ; 0.018 ; 4
EL3 0.000000036 ; 0.000000006 ; 575.074 ; 0.018 ; 4
EM  0.00000136 ; 0.00000023 ; 585.001 ; 0.018 ; 4
EN  0.00000041 ; 0.00000007 ; 587.619 ; 0.018 ; 4
GA  0.00041 ; 0.00004 ; 821.48 ; 0.02 ; 3
EK  0.0000099 ; 0.000001 ; 733.476 ; 0.02 ; 3
EL1 0.0000015 ; 0.00000015 ; 805.619 ; 0.02 ; 3
EL2 0.000000137 ; 0.000000014 ; 806.28 ; 0.02 ; 3
EL3 0.00000001 ; 0.000000001 ; 808.445 ; 0.02 ; 3
EM  0.000000385 ; 0.000000038 ; 818.372 ; 0.02 ; 3
EN  0.000000117 ; 0.000000012 ; 820.99 ; 0.02 ; 3
COM -------------- Level Separator - T1/2 in seconds -------------
LED 4261.871 ; 0.013 ; 7 ;  ;  ; 17
GA  0.00002 ; 0.00001 ; 1647.32 ; 0.02 ; 1
EK  0.000000082 ; 0.000000041 ; 1559.316 ; 0.02 ; 1
EL1 0.000000012 ; 0.000000006 ; 1631.459 ; 0.02 ; 1
EL2 0.00000000097 ; 0.00000000048 ; 1632.12 ; 0.02 ; 1
EL3 0.000000000092 ; 0.000000000046 ; 1634.285 ; 0.02 ; 1
EM  0.0000000031 ; 0.0000000016 ; 1644.212 ; 0.02 ; 1
EN  0.00000000095 ; 0.00000000047 ; 1646.83 ; 0.02 ; 1
COM -------------- Level Separator - T1/2 in seconds -------------
LED 4180.414 ; 0.014 ; 14 ;  ;  ; 13
GA  0.00022 ; 0.00004 ; 705.34 ; 0.02 ; 3
EK  0.0000079 ; 0.0000014 ; 617.336 ; 0.02 ; 3
EL1 0.0000012 ; 0.00000022 ; 689.479 ; 0.02 ; 3
EL2 0.000000112 ; 0.000000021 ; 690.14 ; 0.02 ; 3
EL3 0.0000000081 ; 0.0000000015 ; 692.305 ; 0.02 ; 3
EM  0.00000031 ; 0.00000006 ; 702.232 ; 0.02 ; 3
EN  0.000000094 ; 0.000000017 ; 704.85 ; 0.02 ; 3
GA  0.00204 ; 0.00008 ; 982.7 ; 0.02 ; 2
EK  0.0000312 ; 0.0000013 ; 894.696 ; 0.02 ; 2
EL1 0.00000471 ; 0.0000002 ; 966.839 ; 0.02 ; 2
EL2 0.000000416 ; 0.000000017 ; 967.5 ; 0.02 ; 2
EL3 0.0000000316 ; 0.0000000013 ; 969.665 ; 0.02 ; 2
EM  0.0000012 ; 0.00000005 ; 979.592 ; 0.02 ; 2
EN  0.000000366 ; 0.000000015 ; 982.21 ; 0.02 ; 2
COM -------------- Level Separator - T1/2 in seconds -------------
LED 4125.347 ; 0.012 ; 14 ;  ;  ; 12
GA  0.00041 ; 0.00005 ; 650.27 ; 0.02 ; 3
EK  0.0000182 ; 0.0000022 ; 562.266 ; 0.02 ; 3
EL1 0.00000276 ; 0.00000034 ; 634.409 ; 0.02 ; 3
EL2 0.000000262 ; 0.000000032 ; 635.07 ; 0.02 ; 3
EL3 0.0000000187 ; 0.0000000023 ; 637.235 ; 0.02 ; 3
EM  0.00000071 ; 0.00000009 ; 647.162 ; 0.02 ; 3
EN  0.000000216 ; 0.000000027 ; 649.78 ; 0.02 ; 3
GA  0.00128 ; 0.00007 ; 927.64 ; 0.02 ; 2
EK  0.0000227 ; 0.0000013 ; 839.636 ; 0.02 ; 2
EL1 0.00000343 ; 0.00000019 ; 911.779 ; 0.02 ; 2
EL2 0.000000306 ; 0.000000017 ; 912.44 ; 0.02 ; 2
EL3 0.0000000229 ; 0.0000000013 ; 914.605 ; 0.02 ; 2
EM  0.000000876 ; 0.00000005 ; 924.532 ; 0.02 ; 2
EN  0.000000267 ; 0.000000015 ; 927.15 ; 0.02 ; 2
COM -------------- Level Separator - T1/2 in seconds -------------
LED 3995.438 ; 0.013 ; 7 ;  ;  ; 8
GA  0.00007 ; 0.00003 ; 1380.89 ; 0.02 ; 1
EK  0.00000045 ; 0.00000019 ; 1292.886 ; 0.02 ; 1
EL1 0.000000067 ; 0.000000029 ; 1365.029 ; 0.02 ; 1
EL2 0.0000000055 ; 0.0000000024 ; 1365.69 ; 0.02 ; 1
EL3 0.00000000048 ; 0.0000000002 ; 1367.855 ; 0.02 ; 1
EM  0.000000017 ; 0.000000007 ; 1377.782 ; 0.02 ; 1
EN  0.0000000052 ; 0.0000000022 ; 1380.4 ; 0.02 ; 1
COM -------------- Level Separator - T1/2 in seconds -------------
LED 3961.162 ; 0.013 ; 21 ;  ;  ; 7
GA  0.0078 ; 0.0002 ; 252.71 ; 0.02 ; 4
EK  0.00386 ; 0.00015 ; 164.706 ; 0.02 ; 4
EL1 0.000594 ; 0.000022 ; 236.849 ; 0.02 ; 4
EL2 0.000102 ; 0.000007 ; 237.51 ; 0.02 ; 4
EL3 0.0000273 ; 0.000004 ; 239.675 ; 0.02 ; 4
EM  0.000172 ; 0.000005 ; 249.602 ; 0.02 ; 4
EN  0.000052 ; 0.0000016 ; 252.22 ; 0.02 ; 4
GA  0.00049 ; 0.00004 ; 486.08 ; 0.02 ; 3
EK  0.0000467 ; 0.0000039 ; 398.076 ; 0.02 ; 3
EL1 0.0000071 ; 0.0000006 ; 470.219 ; 0.02 ; 3
EL2 0.0000007 ; 0.00000006 ; 470.88 ; 0.02 ; 3
EL3 0.0000000498 ; 0.0000000041 ; 473.045 ; 0.02 ; 3
EM  0.00000184 ; 0.00000015 ; 482.972 ; 0.02 ; 3
EN  0.000000561 ; 0.000000047 ; 485.59 ; 0.02 ; 3
GA  0.018 ; 0.0002 ; 763.45 ; 0.02 ; 2
EK  0.000524 ; 0.000009 ; 675.446 ; 0.02 ; 2
EL1 0.0000792 ; 0.0000015 ; 747.589 ; 0.02 ; 2
EL2 0.0000074 ; 0.00000014 ; 748.25 ; 0.02 ; 2
EL3 0.000000558 ; 0.000000012 ; 750.415 ; 0.02 ; 2
EM  0.00002034 ; 0.00000037 ; 760.342 ; 0.02 ; 2
EN  0.0000062 ; 0.00000011 ; 762.96 ; 0.02 ; 2
COM -------------- Level Separator - T1/2 in seconds -------------
LED 3946.578 ; 0.014 ; 7 ;  ;  ; 6
GA  0.00046 ; 0.00003 ; 748.87 ; 0.02 ; 2
EK  0.0000142 ; 0.000001 ; 660.866 ; 0.02 ; 2
EL1 0.00000214 ; 0.00000014 ; 733.009 ; 0.02 ; 2
EL2 0.000000199 ; 0.000000013 ; 733.67 ; 0.02 ; 2
EL3 0.0000000144 ; 0.000000001 ; 735.835 ; 0.02 ; 2
EM  0.00000055 ; 0.000000037 ; 745.762 ; 0.02 ; 2
EN  0.000000168 ; 0.000000011 ; 748.38 ; 0.02 ; 2
COM -------------- Level Separator - T1/2 in seconds -------------
LED 3919.966 ; 0.013 ; 14 ;  ;  ; 5
GA  0.0018 ; 0.0001 ; 211.52 ; 0.02 ; 4
EK  0.0016 ; 0.00009 ; 123.516 ; 0.02 ; 4
EL1 0.000248 ; 0.000014 ; 195.659 ; 0.02 ; 4
EL2 0.0000304 ; 0.000002 ; 196.32 ; 0.02 ; 4
EL3 0.0000047 ; 0.0000008 ; 198.485 ; 0.02 ; 4
EM  0.0000664 ; 0.0000038 ; 208.412 ; 0.02 ; 4
EN  0.0000202 ; 0.0000012 ; 211.03 ; 0.02 ; 4
GA  0.0024 ; 0.0004 ; 722.26 ; 0.02 ; 2
EK  0.000076 ; 0.000013 ; 634.256 ; 0.02 ; 2
EL1 0.0000115 ; 0.0000019 ; 706.399 ; 0.02 ; 2
EL2 0.00000118 ; 0.0000002 ; 707.06 ; 0.02 ; 2
EL3 0.000000118 ; 0.000000021 ; 709.225 ; 0.02 ; 2
EM  0.000003 ; 0.0000005 ; 719.152 ; 0.02 ; 2
EN  0.00000091 ; 0.00000015 ; 721.77 ; 0.02 ; 2
COM -------------- Level Separator - T1/2 in seconds -------------
LED 3708.451 ; 0.012 ; 21 ;  ;  ; 4
GA  0.0031 ; 0.0001 ; 233.37 ; 0.02 ; 3
EK  0.00158 ; 0.00011 ; 145.366 ; 0.02 ; 3
EL1 0.000239 ; 0.000017 ; 217.509 ; 0.02 ; 3
EL2 0.000079 ; 0.000007 ; 218.17 ; 0.02 ; 3
EL3 0.0000329 ; 0.0000045 ; 220.335 ; 0.02 ; 3
EM  0.0000852 ; 0.000003 ; 230.262 ; 0.02 ; 3
EN  0.0000258 ; 0.0000009 ; 232.88 ; 0.02 ; 3
GA  0.225 ; 0.002 ; 510.74 ; 0.02 ; 2
EK  0.01879 ; 0.00034 ; 422.736 ; 0.02 ; 2
EL1 0.00286 ; 0.00005 ; 494.879 ; 0.02 ; 2
EL2 0.000282 ; 0.000005 ; 495.54 ; 0.02 ; 2
EL3 0.0000202 ; 0.0000014 ; 497.705 ; 0.02 ; 2
EM  0.00074 ; 0.000013 ; 507.632 ; 0.02 ; 2
EN  0.0002254 ; 0.000004 ; 510.25 ; 0.02 ; 2
GA  0.0044 ; 0.0001 ; 1093.9 ; 0.02 ; 1
EK  0.0000198 ; 0.0000005 ; 1005.896 ; 0.02 ; 1
EL1 0.00000285 ; 0.00000008 ; 1078.039 ; 0.02 ; 1
EL2 0.000000677 ; 0.000000018 ; 1078.7 ; 0.02 ; 1
EL3 0.0000001813 ; 0.0000000049 ; 1080.865 ; 0.02 ; 1
EM  0.00000088 ; 0.000000024 ; 1090.792 ; 0.02 ; 1
EN  0.000000267 ; 0.000000007 ; 1093.41 ; 0.02 ; 1
COM -------------- Level Separator - T1/2 in seconds -------------
LED 3475.078 ; 0.011 ; 14 ;  ;  ; 3
GA  0.066 ; 0.003 ; 277.37 ; 0.02 ; 2
EK  0.0285 ; 0.0014 ; 189.366 ; 0.02 ; 2
EL1 0.00439 ; 0.00021 ; 261.509 ; 0.02 ; 2
EL2 0.000454 ; 0.000022 ; 262.17 ; 0.02 ; 2
EL3 0.0000337 ; 0.0000017 ; 264.335 ; 0.02 ; 2
EM  0.00114 ; 0.00005 ; 274.262 ; 0.02 ; 2
EN  0.000348 ; 0.000017 ; 276.88 ; 0.02 ; 2
GA  0.124 ; 0.001 ; 860.53 ; 0.02 ; 1
EK  0.002666 ; 0.000043 ; 772.526 ; 0.02 ; 1
EL1 0.000403 ; 0.000007 ; 844.669 ; 0.02 ; 1
EL2 0.0000365 ; 0.0000007 ; 845.33 ; 0.02 ; 1
EL3 0.000002691 ; 0.000000043 ; 847.495 ; 0.02 ; 1
EM  0.000103 ; 0.0000017 ; 857.422 ; 0.02 ; 1
EN  0.0000314 ; 0.0000005 ; 860.04 ; 0.02 ; 1
COM -------------- Level Separator - T1/2 in seconds -------------
LED 3197.711 ; 0.01 ; 7 ;  ;  ; 2
GA  0.85 ; 0.003 ; 583.187 ; 0.002 ; 1
EK  0.01283 ; 0.00019 ; 495.1825 ; 0.002 ; 1
EL1 0.001879 ; 0.000026 ; 567.3262 ; 0.002 ; 1
EL2 0.001196 ; 0.000018 ; 567.987 ; 0.002 ; 1
EL3 0.000412 ; 0.000006 ; 570.1518 ; 0.002 ; 1
EM  0.000858 ; 0.000013 ; 580.0788 ; 0.002 ; 1
EN  0.0002581 ; 0.0000041 ; 582.6973 ; 0.002 ; 1
COM -------------- Level Separator - T1/2 in seconds -------------
LED 2614.552 ; 0.01 ; 7 ;  ;  ; 1
GA  0.99755 ; 0.00004 ; 2614.511 ; 0.01 ; 0
EK  0.001704 ; 0.000024 ; 2526.506 ; 0.01 ; 0
EL1 0.0002524 ; 0.000004 ; 2598.65 ; 0.01 ; 0
EL2 0.00003471 ; 0.0000005 ; 2599.311 ; 0.01 ; 0
EL3 0.00000474 ; 0.00000007 ; 2601.476 ; 0.01 ; 0
EM  0.0000683 ; 0.000001 ; 2611.403 ; 0.01 ; 0
EN  0.00002078 ; 0.0000003 ; 2614.021 ; 0.01 ; 0
