PAR U235
AZP 235 ; 92
NDA 1
COM ***************** Evaluation Date: 05/02/2014 ****************
COM ===================== Daughter Separator =====================
DAU TH231
DDE 1 ;  ; 22 ; 23
Q   4678.3 ; 0.7
COM ---------------------- Branch Separator ----------------------
ALP 0.000011 ; 0 ; 22 ; 3976 ; 5 ; 0
COM ---------------------- Branch Separator ----------------------
ALP 0.000396 ; 0.00001 ; 21 ; 4013.2 ; 0.8 ; 0
COM ---------------------- Branch Separator ----------------------
ALP 0.00016 ; 0.00012 ; 20 ; 4077.5 ; 0.7 ; 0
COM ---------------------- Branch Separator ----------------------
ALP 0.00294 ; 0.00013 ; 19 ; 4152 ; 5 ; 0
COM ---------------------- Branch Separator ----------------------
ALP 0.0595 ; 0.0012 ; 18 ; 4214.7 ; 1.9 ; 0
COM ---------------------- Branch Separator ----------------------
ALP 0.0001732 ; 0.0000012 ; 17 ; 4219.5 ; 0.7 ; 0
COM ---------------------- Branch Separator ----------------------
ALP 0.00122 ; 0.00006 ; 16 ; 4227.6 ; 0.7 ; 0
COM ---------------------- Branch Separator ----------------------
ALP 0.00069 ; 0.0001 ; 15 ; 4248 ; 5 ; 0
COM ---------------------- Branch Separator ----------------------
ALP 0.0022 ; 0.0003 ; 14 ; 4266 ; 5 ; 0
COM ---------------------- Branch Separator ----------------------
ALP 0.000329 ; 0.000005 ; 13 ; 4279.3 ; 0.7 ; 0
COM ---------------------- Branch Separator ----------------------
ALP 0.00065 ; 0.00013 ; 12 ; 4286.9 ; 0.7 ; 0
COM ---------------------- Branch Separator ----------------------
ALP 0.0000959 ; 0.0000013 ; 11 ; 4302.1 ; 0.7 ; 0
COM ---------------------- Branch Separator ----------------------
ALP 0.0333 ; 0.0006 ; 10 ; 4322 ; 4 ; 0
COM ---------------------- Branch Separator ----------------------
ALP 0.00405 ; 0.00013 ; 9 ; 4327.9 ; 0.7 ; 0
COM ---------------------- Branch Separator ----------------------
ALP 0.00206 ; 0.00021 ; 8 ; 4361.9 ; 0.7 ; 0
COM ---------------------- Branch Separator ----------------------
ALP 0.188 ; 0.0013 ; 7 ; 4366.1 ; 2 ; 0
COM ---------------------- Branch Separator ----------------------
ALP 0.00106 ; 0.00016 ; 6 ; 4381.1 ; 0.7 ; 0
COM ---------------------- Branch Separator ----------------------
ALP 0.5719 ; 0.002 ; 5 ; 4397.8 ; 1.3 ; 0
COM ---------------------- Branch Separator ----------------------
ALP 0.0301 ; 0.0016 ; 4 ; 4414.9 ; 0.5 ; 0
COM ---------------------- Branch Separator ----------------------
ALP 0.00236 ; 0.00025 ; 3 ; 4437.9 ; 4 ; 0
COM ---------------------- Branch Separator ----------------------
ALP 0.0128 ; 0.0005 ; 2 ; 4502.4 ; 0.7 ; 0
COM ---------------------- Branch Separator ----------------------
ALP 0.0379 ; 0.0006 ; 1 ; 4556 ; 0.4 ; 0
COM ---------------------- Branch Separator ----------------------
ALP 0.0474 ; 0.0006 ; 0 ; 4596.4 ; 1.3 ; 0
COM -------------- Level Separator - T1/2 in seconds -------------
LED 634.12 ; 0.06 ; 1 ;  ;  ; 22
GA  0.000011 ;  ; 448.4 ; 0.06 ; 4
COM -------------- Level Separator - T1/2 in seconds -------------
LED 595.58 ; 0.2 ; 1 ;  ;  ; 21
GA  0.0004 ; 0.00001 ; 390.27 ; 0.2 ; 5
COM -------------- Level Separator - T1/2 in seconds -------------
LED 530.24 ; 0.05 ; 7 ;  ;  ; 20
GA  0.000051 ;  ; 142.4 ; 0.05 ; 18
EK  0.0000129 ; 0.0000002 ; 32.75 ; 0.05 ; 18
EL1 0.000004 ; 0.00000006 ; 121.93 ; 0.05 ; 18
EL2 0.0000492 ; 0.0000007 ; 122.71 ; 0.05 ; 18
EL3 0.00002973 ; 0.00000046 ; 126.1 ; 0.05 ; 18
EM  0.00002275 ; 0.00000036 ; 138.22 ; 0.05 ; 18
EN  0.00000746 ; 0.00000011 ; 141.61 ; 0.05 ; 18
COM -------------- Level Separator - T1/2 in seconds -------------
LED 452.182 ; 0.015 ; 42 ;  ;  ; 19
GA  0.00018 ;  ; 64.45 ; 0.05 ; 18
EL1 0.001647 ; 0.000023 ; 43.98 ; 0.05 ; 18
EL2 0.0001919 ; 0.0000029 ; 44.76 ; 0.05 ; 18
EL3 0.00001096 ; 0.00000016 ; 48.15 ; 0.05 ; 18
EM  0.000445 ; 0.000007 ; 60.27 ; 0.05 ; 18
EN  0.000147 ; 0.0000022 ; 63.66 ; 0.05 ; 18
GA  0.00029 ; 0.00003 ; 215.28 ; 0.04 ; 7
EK  0.00049 ; 0.00005 ; 105.63 ; 0.04 ; 7
EL1 0.000082 ; 0.000009 ; 194.808 ; 0.04 ; 7
EL2 0.00001 ; 0.000001 ; 195.587 ; 0.04 ; 7
EL3 0.00000048 ; 0.00000005 ; 198.98 ; 0.04 ; 7
EM  0.0000223 ; 0.0000023 ; 211.104 ; 0.04 ; 7
EN  0.0000074 ; 0.0000008 ; 214.489 ; 0.04 ; 7
GA  0.00055 ; 0.00003 ; 246.83 ; 0.02 ; 5
EK  0.000636 ; 0.000036 ; 137.215 ; 0.02 ; 5
EL1 0.000107 ; 0.000006 ; 226.393 ; 0.02 ; 5
EL2 0.0000129 ; 0.0000007 ; 227.172 ; 0.02 ; 5
EL3 0.000000611 ; 0.000000034 ; 230.565 ; 0.02 ; 5
EM  0.0000289 ; 0.0000016 ; 242.689 ; 0.02 ; 5
EN  0.0000095 ; 0.0000005 ; 246.074 ; 0.02 ; 5
GA  0.000078 ; 0.000006 ; 266.47 ; 0.04 ; 4
EK  0.0000072 ; 0.0000006 ; 156.82 ; 0.04 ; 4
EL1 0.00000137 ; 0.00000011 ; 245.998 ; 0.04 ; 4
EL2 0.00000514 ; 0.0000004 ; 246.777 ; 0.04 ; 4
EL3 0.00000224 ; 0.00000018 ; 250.17 ; 0.04 ; 4
EM  0.00000236 ; 0.00000019 ; 262.294 ; 0.04 ; 4
EN  0.00000077 ; 0.00000006 ; 265.679 ; 0.04 ; 4
GA   ;  ; 291.2 ; 0.04 ; 3
GA  0.000053 ;  ; 356.03 ; 0.05 ; 2
EK  0.000001092 ; 0.000000016 ; 246.4 ; 0.05 ; 2
EL1 0.0000001458 ; 0.0000000021 ; 335.58 ; 0.05 ; 2
EL2 0.00000003302 ; 0.00000000048 ; 336.36 ; 0.05 ; 2
EL3 0.00000002115 ; 0.00000000032 ; 339.75 ; 0.05 ; 2
EM  0.0000000479 ; 0.0000000007 ; 351.87 ; 0.05 ; 2
EN  0.00000001562 ; 0.00000000025 ; 355.26 ; 0.05 ; 2
GA  0.000032 ;  ; 410.29 ; 0.04 ; 1
EK  0.000000489 ; 0.000000007 ; 300.64 ; 0.04 ; 1
EL1 0.0000000662 ; 0.000000001 ; 389.818 ; 0.04 ; 1
EL2 0.00000001357 ; 0.00000000019 ; 390.597 ; 0.04 ; 1
EL3 0.00000000835 ; 0.00000000013 ; 393.99 ; 0.04 ; 1
EM  0.00000002102 ; 0.00000000032 ; 406.114 ; 0.04 ; 1
EN  0.00000000687 ; 0.0000000001 ; 409.499 ; 0.04 ; 1
COM -------------- Level Separator - T1/2 in seconds -------------
LED 387.841 ; 0.008 ; 43 ;  ;  ; 18
GA   ;  ; 147 ; 0.04 ; 8
GA  0.0009 ; 0.0003 ; 150.936 ; 0.015 ; 7
EK  0.0041 ; 0.0014 ; 41.286 ; 0.015 ; 7
EL1 0.0007 ; 0.00023 ; 130.464 ; 0.015 ; 7
EL2 0.000084 ; 0.000028 ; 131.243 ; 0.015 ; 7
EL3 0.0000043 ; 0.0000014 ; 134.636 ; 0.015 ; 7
EM  0.00019 ; 0.00006 ; 146.76 ; 0.015 ; 7
EN  0.000063 ; 0.000021 ; 150.145 ; 0.015 ; 7
GA  0.0039 ; 0.0005 ; 182.62 ; 0.05 ; 5
EK  0.0105 ; 0.0014 ; 72.98 ; 0.05 ; 5
EL1 0.00177 ; 0.00023 ; 162.16 ; 0.05 ; 5
EL2 0.000213 ; 0.000027 ; 162.94 ; 0.05 ; 5
EL3 0.0000105 ; 0.0000014 ; 166.33 ; 0.05 ; 5
EM  0.00048 ; 0.00006 ; 178.45 ; 0.05 ; 5
EN  0.000158 ; 0.00002 ; 181.84 ; 0.05 ; 5
GA  0.0108 ; 0.0002 ; 202.12 ; 0.01 ; 4
EK  0.0218 ; 0.0005 ; 92.47 ; 0.01 ; 4
EL1 0.00367 ; 0.00009 ; 181.648 ; 0.01 ; 4
EL2 0.000443 ; 0.00001 ; 182.427 ; 0.01 ; 4
EL3 0.0000216 ; 0.0000005 ; 185.82 ; 0.01 ; 4
EM  0.000994 ; 0.000023 ; 197.944 ; 0.01 ; 4
EN  0.000327 ; 0.000008 ; 201.329 ; 0.01 ; 4
GA  0.0004 ; 0.00006 ; 291.65 ; 0.03 ; 2
EK  0.0000127 ; 0.0000019 ; 182.06 ; 0.03 ; 2
EL1 0.00000166 ; 0.00000025 ; 271.238 ; 0.03 ; 2
EL2 0.00000043 ; 0.00000007 ; 272.017 ; 0.03 ; 2
EL3 0.000000292 ; 0.000000044 ; 275.41 ; 0.03 ; 2
EM  0.00000057 ; 0.00000009 ; 287.534 ; 0.03 ; 2
EN  0.000000187 ; 0.000000028 ; 290.919 ; 0.03 ; 2
GA  0.0004 ; 0.00006 ; 345.92 ; 0.03 ; 1
EK  0.0000088 ; 0.0000013 ; 236.28 ; 0.03 ; 1
EL1 0.00000117 ; 0.00000018 ; 325.458 ; 0.03 ; 1
EL2 0.00000027 ; 0.000000041 ; 326.237 ; 0.03 ; 1
EL3 0.000000174 ; 0.000000026 ; 329.63 ; 0.03 ; 1
EM  0.00000039 ; 0.00000006 ; 341.754 ; 0.03 ; 1
EN  0.000000126 ; 0.000000019 ; 345.139 ; 0.03 ; 1
GA  0.0004 ; 0.00006 ; 387.84 ; 0.03 ; 0
EK  0.0000069 ; 0.000001 ; 278.19 ; 0.03 ; 0
EL1 0.00000093 ; 0.00000014 ; 367.368 ; 0.03 ; 0
EL2 0.000000198 ; 0.00000003 ; 368.147 ; 0.03 ; 0
EL3 0.000000124 ; 0.000000019 ; 371.54 ; 0.03 ; 0
EM  0.000000298 ; 0.000000045 ; 383.664 ; 0.03 ; 0
EN  0.000000097 ; 0.000000015 ; 387.049 ; 0.03 ; 0
COM -------------- Level Separator - T1/2 in seconds -------------
LED 385.72 ; 0.04 ; 8 ;  ;  ; 17
GA  0.000074 ;  ; 289.56 ; 0.04 ; 2
EK  0.000055 ; 0.0000008 ; 179.91 ; 0.04 ; 2
EL1 0.00000919 ; 0.00000013 ; 269.088 ; 0.04 ; 2
EL2 0.000001114 ; 0.000000016 ; 269.867 ; 0.04 ; 2
EL3 0.0000000515 ; 0.0000000007 ; 273.26 ; 0.04 ; 2
EM  0.000002486 ; 0.000000037 ; 285.384 ; 0.04 ; 2
EN  0.000000821 ; 0.000000012 ; 288.769 ; 0.04 ; 2
GA  0.000032 ;  ; 343.5 ; 0.2 ; 1
COM -------------- Level Separator - T1/2 in seconds -------------
LED 377.5 ; 0.04 ; 21 ;  ;  ; 16
GA  0.00012 ;  ; 136.55 ; 0.05 ; 8
EK  0.000733 ; 0.000011 ; 26.97 ; 0.05 ; 8
EL1 0.0001246 ; 0.0000018 ; 116.15 ; 0.05 ; 8
EL2 0.00001486 ; 0.00000022 ; 116.93 ; 0.05 ; 8
EL3 0.000000767 ; 0.000000011 ; 120.32 ; 0.05 ; 8
EM  0.00003372 ; 0.00000048 ; 132.44 ; 0.05 ; 8
EN  0.00001112 ; 0.00000016 ; 135.83 ; 0.05 ; 8
GA  0.00006 ; 0.00005 ; 173 ; 1 ; 5
EK  0.000006 ; 0.000005 ; 63.4 ; 1 ; 5
EL1 0.0000008 ; 0.0000006 ; 152.5 ; 1 ; 5
EL2 0.00000029 ; 0.00000024 ; 153.3 ; 1 ; 5
EL3 0.00000022 ; 0.00000019 ; 156.7 ; 1 ; 5
EM  0.00000031 ; 0.00000026 ; 168.8 ; 1 ; 5
EN  0.0000001 ; 0.00000008 ; 172.2 ; 1 ; 5
GA  0.000063 ;  ; 281.42 ; 0.05 ; 2
EK  0.0000507 ; 0.0000008 ; 171.77 ; 0.05 ; 2
EL1 0.00000847 ; 0.00000012 ; 260.95 ; 0.05 ; 2
EL2 0.000001026 ; 0.000000014 ; 261.73 ; 0.05 ; 2
EL3 0.0000000477 ; 0.0000000007 ; 265.12 ; 0.05 ; 2
EM  0.000002293 ; 0.000000031 ; 277.24 ; 0.05 ; 2
EN  0.000000757 ; 0.000000011 ; 280.63 ; 0.05 ; 2
COM -------------- Level Separator - T1/2 in seconds -------------
LED 351.565 ; 0.016 ; 21 ;  ;  ; 15
GA  0.000074 ;  ; 255.365 ; 0.01 ; 2
EK  0.0000778 ; 0.0000011 ; 145.745 ; 0.02 ; 2
EL1 0.00001305 ; 0.00000019 ; 234.923 ; 0.02 ; 2
EL2 0.000001576 ; 0.000000022 ; 235.702 ; 0.02 ; 2
EL3 0.0000000744 ; 0.000000001 ; 239.095 ; 0.02 ; 2
EM  0.00000353 ; 0.00000005 ; 251.219 ; 0.02 ; 2
EN  0.000001165 ; 0.000000017 ; 254.604 ; 0.02 ; 2
GA  0.000094 ;  ; 310.69 ; 0.06 ; 1
EK  0.00000639 ; 0.00000009 ; 201.04 ; 0.06 ; 1
EL1 0.000001176 ; 0.000000017 ; 290.22 ; 0.06 ; 1
EL2 0.000003299 ; 0.000000047 ; 291 ; 0.06 ; 1
EL3 0.000001315 ; 0.000000019 ; 294.39 ; 0.06 ; 1
EM  0.000001551 ; 0.000000023 ; 306.51 ; 0.06 ; 1
EN  0.000000509 ; 0.000000008 ; 309.9 ; 0.06 ; 1
GA  0.00006 ;  ; 350 ; 5 ; 0
EK  0.0000265 ; 0.0000011 ; 240 ; 5 ; 0
EL1 0.00000444 ; 0.00000024 ; 330 ; 5 ; 0
EL2 0.000000534 ; 0.000000024 ; 330 ; 5 ; 0
EL3 0.0000000241 ; 0.0000000011 ; 334 ; 5 ; 0
EM  0.00000119 ; 0.00000005 ; 346 ; 5 ; 0
EN  0.000000394 ; 0.000000017 ; 349 ; 5 ; 0
COM -------------- Level Separator - T1/2 in seconds -------------
LED 334 ; 4 ; 6 ;  ;  ; 14
GA  0.00016 ; 0.00004 ; 97 ; 4 ; 7
EL1 0.00004 ; 0.000012 ; 76.5 ; 4 ; 7
EL2 0.00086 ; 0.00029 ; 77.3 ; 4 ; 7
EL3 0.00061 ; 0.00021 ; 80.7 ; 4 ; 7
EM  0.00042 ; 0.00014 ; 92.8 ; 4 ; 7
EN  0.000138 ; 0.000047 ; 96.2 ; 4 ; 7
COM -------------- Level Separator - T1/2 in seconds -------------
LED 324.91 ; 0.04 ; 14 ;  ;  ; 13
GA  0.000074 ;  ; 228.76 ; 0.05 ; 2
EK  0.0001057 ; 0.0000015 ; 119.11 ; 0.05 ; 2
EL1 0.00001776 ; 0.0000003 ; 208.29 ; 0.05 ; 2
EL2 0.000002146 ; 0.00000003 ; 209.07 ; 0.05 ; 2
EL3 0.0000001026 ; 0.0000000015 ; 212.46 ; 0.05 ; 2
EM  0.0000048 ; 0.00000007 ; 224.58 ; 0.05 ; 2
EN  0.000001585 ; 0.000000023 ; 227.97 ; 0.05 ; 2
GA  0.000063 ;  ; 282.94 ; 0.05 ; 1
EK  0.0000499 ; 0.0000008 ; 173.29 ; 0.05 ; 1
EL1 0.00000835 ; 0.00000012 ; 262.47 ; 0.05 ; 1
EL2 0.000001011 ; 0.000000014 ; 263.25 ; 0.05 ; 1
EL3 0.0000000469 ; 0.0000000007 ; 266.64 ; 0.05 ; 1
EM  0.000002262 ; 0.000000031 ; 278.76 ; 0.05 ; 1
EN  0.000000745 ; 0.000000011 ; 282.15 ; 0.05 ; 1
COM -------------- Level Separator - T1/2 in seconds -------------
LED 317.15 ; 0.07 ; 15 ;  ;  ; 12
GA   ;  ; 95.7 ; 0.05 ; 6
GA  0.00051 ; 0.00006 ; 275.35 ; 0.15 ; 1
EK  0.000332 ; 0.000047 ; 165.7 ; 0.15 ; 1
EL1 0.000056 ; 0.000008 ; 254.88 ; 0.15 ; 1
EL2 0.0000143 ; 0.0000023 ; 255.66 ; 0.15 ; 1
EL3 0.0000036 ; 0.0000009 ; 259.05 ; 0.15 ; 1
EM  0.0000181 ; 0.0000022 ; 271.17 ; 0.15 ; 1
EN  0.000006 ; 0.0000007 ; 274.56 ; 0.15 ; 1
GA  0.000011 ;  ; 317.1 ; 0.08 ; 0
EK  0.00000637 ; 0.0000001 ; 207.5 ; 0.08 ; 0
EL1 0.000001063 ; 0.000000015 ; 296.68 ; 0.08 ; 0
EL2 0.0000001287 ; 0.0000000019 ; 297.46 ; 0.08 ; 0
EL3 0.00000000589 ; 0.00000000009 ; 300.85 ; 0.08 ; 0
EM  0.0000002871 ; 0.0000000044 ; 312.97 ; 0.08 ; 0
EN  0.0000000948 ; 0.0000000014 ; 316.36 ; 0.08 ; 0
COM -------------- Level Separator - T1/2 in seconds -------------
LED 301.7 ; 0.1 ; 7 ;  ;  ; 11
GA  0.000053 ;  ; 301.7 ; 0.1 ; 0
EK  0.0000352 ; 0.0000005 ; 192.05 ; 0.1 ; 0
EL1 0.00000588 ; 0.00000008 ; 281.23 ; 0.1 ; 0
EL2 0.000000712 ; 0.00000001 ; 282.01 ; 0.1 ; 0
EL3 0.00000003275 ; 0.00000000048 ; 285.4 ; 0.1 ; 0
EM  0.00000159 ; 0.000000026 ; 297.52 ; 0.1 ; 0
EN  0.000000524 ; 0.000000008 ; 300.91 ; 0.1 ; 0
COM -------------- Level Separator - T1/2 in seconds -------------
LED 277.56 ; 0.06 ; 20 ;  ;  ; 10
GA  0.00029 ; 0.00011 ; 41.4 ; 0.3 ; 7
EL1 0.0097 ; 0.0037 ; 20.93 ; 0.3 ; 7
EL2 0.00113 ; 0.00043 ; 21.71 ; 0.3 ; 7
EL3 0.000068 ; 0.000026 ; 25.1 ; 0.3 ; 7
EM  0.0026 ; 0.001 ; 37.22 ; 0.3 ; 7
EN  0.00087 ; 0.00033 ; 40.61 ; 0.3 ; 7
GA  0.00116 ; 0.0002 ; 72.7 ; 0.2 ; 5
EL1 0.0065 ; 0.0012 ; 52.23 ; 0.2 ; 5
EL2 0.0041 ; 0.0017 ; 53.01 ; 0.2 ; 5
EL3 0.0026 ; 0.0012 ; 56.4 ; 0.2 ; 5
EM  0.0034 ; 0.0009 ; 68.52 ; 0.2 ; 5
EN  0.00111 ; 0.00029 ; 71.91 ; 0.2 ; 5
GA  0.0003 ; 0.0001 ; 115.45 ; 0.05 ; 3
EK  0.00008 ; 0.000027 ; 5.83 ; 0.06 ; 3
EL1 0.0000095 ; 0.0000032 ; 95.01 ; 0.06 ; 3
EL2 0.0000047 ; 0.0000016 ; 95.79 ; 0.06 ; 3
EL3 0.0000041 ; 0.0000014 ; 99.18 ; 0.06 ; 3
EM  0.0000044 ; 0.0000015 ; 111.3 ; 0.06 ; 3
EN  0.00000143 ; 0.00000048 ; 114.69 ; 0.06 ; 3
GA   ;  ; 182.1 ; 0.05 ; 2
COM -------------- Level Separator - T1/2 in seconds -------------
LED 275.459 ; 0.019 ; 20 ;  ;  ; 9
GA  0.0000115 ;  ; 54.1 ; 0.1 ; 6
EL1 0.0000304 ; 0.0000006 ; 33.63 ; 0.1 ; 6
EL2 0.000935 ; 0.000016 ; 34.41 ; 0.1 ; 6
EL3 0.000804 ; 0.000014 ; 37.8 ; 0.1 ; 6
EM  0.000484 ; 0.000008 ; 49.92 ; 0.1 ; 6
EN  0.0001585 ; 0.0000028 ; 53.31 ; 0.1 ; 6
GA  0.00038 ; 0.00004 ; 233.5 ; 0.02 ; 1
EK  0.00051 ; 0.00005 ; 123.854 ; 0.02 ; 1
EL1 0.000086 ; 0.000009 ; 213.032 ; 0.02 ; 1
EL2 0.0000104 ; 0.0000011 ; 213.811 ; 0.02 ; 1
EL3 0.0000005 ; 0.00000005 ; 217.204 ; 0.02 ; 1
EM  0.0000233 ; 0.0000025 ; 229.328 ; 0.02 ; 1
EN  0.0000077 ; 0.0000008 ; 232.713 ; 0.02 ; 1
GA  0.00032 ;  ; 275.49 ; 0.06 ; 0
EK  0.000259 ; 0.000035 ; 165.84 ; 0.06 ; 0
EL1 0.000043 ; 0.000006 ; 255.02 ; 0.06 ; 0
EL2 0.0000064 ; 0.0000019 ; 255.8 ; 0.06 ; 0
EL3 0.0000006 ; 0.0000013 ; 259.19 ; 0.06 ; 0
EM  0.0000121 ; 0.0000006 ; 271.31 ; 0.06 ; 0
EN  0.000004 ; 0.0000002 ; 274.7 ; 0.06 ; 0
COM -------------- Level Separator - T1/2 in seconds -------------
LED 240.858 ; 0.014 ; 14 ;  ;  ; 8
GA  0.00036 ; 0.00002 ; 198.894 ; 0.014 ; 1
EK  0.00076 ; 0.000044 ; 89.252 ; 0.015 ; 1
EL1 0.000128 ; 0.000007 ; 178.43 ; 0.015 ; 1
EL2 0.0000154 ; 0.0000009 ; 179.209 ; 0.015 ; 1
EL3 0.000000752 ; 0.000000043 ; 182.602 ; 0.015 ; 1
EM  0.0000347 ; 0.000002 ; 194.726 ; 0.015 ; 1
EN  0.0000114 ; 0.0000007 ; 198.111 ; 0.015 ; 1
GA  0.00074 ; 0.00004 ; 240.88 ; 0.04 ; 0
EK  0.00084 ; 0.00016 ; 131.23 ; 0.04 ; 0
EL1 0.000141 ; 0.000031 ; 220.408 ; 0.04 ; 0
EL2 0.000023 ; 0.00001 ; 221.187 ; 0.04 ; 0
EL3 0.000004 ; 0.000007 ; 224.58 ; 0.04 ; 0
EM  0.0000409 ; 0.0000027 ; 236.704 ; 0.04 ; 0
EN  0.0000135 ; 0.0000009 ; 240.089 ; 0.04 ; 0
COM -------------- Level Separator - T1/2 in seconds -------------
LED 236.902 ; 0.007 ; 32 ;  ;  ; 7
GA  0.00017 ; 0.00006 ; 31.6 ; 0.05 ; 5
EL1 0.0112 ; 0.004 ; 11.14 ; 0.05 ; 5
EL2 0.037 ; 0.013 ; 11.92 ; 0.05 ; 5
EL3 0.035 ; 0.012 ; 15.31 ; 0.05 ; 5
EM  0.022 ; 0.008 ; 27.43 ; 0.05 ; 5
EN  0.0073 ; 0.0026 ; 30.82 ; 0.05 ; 5
GA  0.00034 ; 0.00007 ; 51.21 ; 0.04 ; 4
EL1 0.00115 ; 0.00024 ; 30.738 ; 0.04 ; 4
EL2 0.036 ; 0.007 ; 31.517 ; 0.04 ; 4
EL3 0.031 ; 0.006 ; 34.91 ; 0.04 ; 4
EM  0.0187 ; 0.0039 ; 47.034 ; 0.04 ; 4
EN  0.0061 ; 0.0013 ; 50.419 ; 0.04 ; 4
GA  0.00051 ; 0.00006 ; 74.94 ; 0.03 ; 3
EL1 0.0000412 ; 0.0000049 ; 54.468 ; 0.03 ; 3
EL2 0.0000282 ; 0.0000033 ; 55.247 ; 0.03 ; 3
EL3 0.0000275 ; 0.0000033 ; 58.64 ; 0.03 ; 3
EM  0.0000237 ; 0.0000028 ; 70.764 ; 0.03 ; 3
EN  0.0000076 ; 0.0000009 ; 74.149 ; 0.03 ; 3
GA  0.002 ; 0.0001 ; 140.76 ; 0.02 ; 2
EK  0.000339 ; 0.000018 ; 31.12 ; 0.02 ; 2
EL1 0.0000408 ; 0.0000021 ; 120.298 ; 0.02 ; 2
EL2 0.0000175 ; 0.0000009 ; 121.077 ; 0.02 ; 2
EL3 0.0000144 ; 0.0000007 ; 124.47 ; 0.02 ; 2
EM  0.0000176 ; 0.0000009 ; 136.594 ; 0.02 ; 2
EN  0.0000057 ; 0.0000003 ; 139.979 ; 0.02 ; 2
GA  0.0063 ; 0.0001 ; 194.94 ; 0.006 ; 1
EK  0.000499 ; 0.000011 ; 85.297 ; 0.008 ; 1
EL1 0.0000626 ; 0.0000013 ; 174.475 ; 0.008 ; 1
EL2 0.00002142 ; 0.00000046 ; 175.254 ; 0.008 ; 1
EL3 0.00001613 ; 0.00000036 ; 178.647 ; 0.008 ; 1
EM  0.0000241 ; 0.0000005 ; 190.771 ; 0.008 ; 1
EN  0.00000784 ; 0.00000017 ; 194.156 ; 0.008 ; 1
COM -------------- Level Separator - T1/2 in seconds -------------
LED 221.386 ; 0.014 ; 7 ;  ;  ; 6
GA  0.00118 ; 0.00005 ; 221.386 ; 0.014 ; 0
EK  0.00185 ; 0.00008 ; 111.736 ; 0.014 ; 0
EL1 0.00031 ; 0.000014 ; 200.914 ; 0.014 ; 0
EL2 0.0000375 ; 0.0000017 ; 201.693 ; 0.014 ; 0
EL3 0.0000018 ; 0.00000008 ; 205.086 ; 0.014 ; 0
EM  0.000084 ; 0.0000038 ; 217.21 ; 0.014 ; 0
EN  0.0000277 ; 0.0000013 ; 220.595 ; 0.014 ; 0
COM -------------- Level Separator - T1/2 in seconds -------------
LED 205.313 ; 0.004 ; 24 ;  ;  ; 5
GA  0.00006 ; 0.00006 ; 19.592 ; 0.006 ; 4
EL3 0.4 ; 0.5 ; 3.292 ; 0.006 ; 4
EM  0.18 ; 0.25 ; 15.416 ; 0.006 ; 4
EN  0.06 ; 0.08 ; 18.801 ; 0.006 ; 4
GA  0.0166 ; 0.0013 ; 109.19 ; 0.07 ; 2
EL1 0.000594 ; 0.000047 ; 88.72 ; 0.07 ; 2
EL2 0.000305 ; 0.000024 ; 89.5 ; 0.07 ; 2
EL3 0.000269 ; 0.000021 ; 92.89 ; 0.07 ; 2
EM  0.000284 ; 0.000023 ; 105.01 ; 0.07 ; 2
EN  0.000092 ; 0.000007 ; 108.4 ; 0.07 ; 2
GA  0.0508 ; 0.0003 ; 163.356 ; 0.003 ; 1
EK  0.00608 ; 0.00009 ; 53.708 ; 0.003 ; 1
EL1 0.000745 ; 0.000012 ; 142.886 ; 0.003 ; 1
EL2 0.0002885 ; 0.0000044 ; 143.665 ; 0.003 ; 1
EL3 0.0002276 ; 0.0000038 ; 147.058 ; 0.003 ; 1
EM  0.0003043 ; 0.0000049 ; 159.1816 ; 0.003 ; 1
EN  0.0000988 ; 0.0000015 ; 162.5674 ; 0.003 ; 1
GA  0.0502 ; 0.0003 ; 205.316 ; 0.004 ; 0
EK  0.00353 ; 0.00005 ; 95.666 ; 0.004 ; 0
EL1 0.000445 ; 0.000007 ; 184.844 ; 0.004 ; 0
EL2 0.0001471 ; 0.0000027 ; 185.623 ; 0.004 ; 0
EL3 0.0001089 ; 0.0000016 ; 189.016 ; 0.004 ; 0
EM  0.0001687 ; 0.0000027 ; 201.1396 ; 0.004 ; 0
EN  0.0000549 ; 0.0000009 ; 204.5254 ; 0.004 ; 0
COM -------------- Level Separator - T1/2 in seconds -------------
LED 185.721 ; 0.004 ; 14 ; 7.7E-10 ; 1.2E-10 ; 4
GA  0.1094 ; 0.0006 ; 143.767 ; 0.003 ; 1
EK  0.01767 ; 0.00027 ; 34.118 ; 0.003 ; 1
EL1 0.002133 ; 0.000035 ; 123.296 ; 0.003 ; 1
EL2 0.000901 ; 0.000014 ; 124.075 ; 0.003 ; 1
EL3 0.000736 ; 0.000012 ; 127.468 ; 0.003 ; 1
EM  0.000911 ; 0.000014 ; 139.5916 ; 0.003 ; 1
EN  0.0002957 ; 0.0000044 ; 142.9774 ; 0.003 ; 1
GA  0.57 ; 0.003 ; 185.72 ; 0.004 ; 0
EK  0.0506 ; 0.0008 ; 76.072 ; 0.004 ; 0
EL1 0.0063 ; 0.0001 ; 165.25 ; 0.004 ; 0
EL2 0.002229 ; 0.000036 ; 166.029 ; 0.004 ; 0
EL3 0.001699 ; 0.00003 ; 169.422 ; 0.004 ; 0
EM  0.002468 ; 0.000037 ; 181.5456 ; 0.004 ; 0
EN  0.000801 ; 0.000012 ; 184.9314 ; 0.004 ; 0
COM -------------- Level Separator - T1/2 in seconds -------------
LED 162.06 ; 0.03 ; 7 ;  ;  ; 3
GA  0.00026 ;  ; 120.35 ; 0.05 ; 1
EK  0.00227 ; 0.000034 ; 10.7 ; 0.05 ; 1
EL1 0.000388 ; 0.000005 ; 99.88 ; 0.05 ; 1
EL2 0.000046 ; 0.0000006 ; 100.66 ; 0.05 ; 1
EL3 0.000002421 ; 0.000000034 ; 104.05 ; 0.05 ; 1
EM  0.000105 ; 0.0000016 ; 116.17 ; 0.05 ; 1
EN  0.0000346 ; 0.0000005 ; 119.56 ; 0.05 ; 1
COM -------------- Level Separator - T1/2 in seconds -------------
LED 96.17 ; 0.012 ; 12 ;  ;  ; 2
GA  0.000285 ;  ; 54.25 ; 0.05 ; 1
EL1 0.00337 ; 0.00007 ; 33.78 ; 0.05 ; 1
EL2 0.00641 ; 0.00031 ; 34.56 ; 0.05 ; 1
EL3 0.00522 ; 0.00028 ; 37.95 ; 0.05 ; 1
EM  0.00399 ; 0.00017 ; 50.07 ; 0.05 ; 1
EN  0.00131 ; 0.00005 ; 53.46 ; 0.05 ; 1
GA  0.00091 ; 0.00011 ; 96.09 ; 0.02 ; 0
EL1 0.000231 ; 0.000028 ; 75.658 ; 0.02 ; 0
EL2 0.0051 ; 0.0006 ; 76.437 ; 0.02 ; 0
EL3 0.00367 ; 0.00045 ; 79.83 ; 0.02 ; 0
EM  0.00248 ; 0.0003 ; 91.954 ; 0.02 ; 0
EN  0.00081 ; 0.0001 ; 95.339 ; 0.02 ; 0
COM -------------- Level Separator - T1/2 in seconds -------------
LED 41.954 ; 0.004 ; 6 ;  ;  ; 1
GA  0.00056 ; 0.00009 ; 42.01 ; 0.06 ; 0
EL1 0.0102 ; 0.0018 ; 21.54 ; 0.06 ; 0
EL2 0.09 ; 0.016 ; 22.32 ; 0.06 ; 0
EL3 0.082 ; 0.015 ; 25.71 ; 0.06 ; 0
EM  0.049 ; 0.009 ; 37.83 ; 0.06 ; 0
EN  0.0162 ; 0.0028 ; 41.22 ; 0.06 ; 0
