PAR U232
AZP 232 ; 92
NDA 1
COM ***************** Evaluation Date: 12/08/2008 ****************
COM ===================== Daughter Separator =====================
DAU TH228
DDE 1 ;  ; 8 ; 9
Q   5413.63 ; 0.09
COM ---------------------- Branch Separator ----------------------
ALP 0.000000033 ; 0.000000009 ; 8 ; 4460.86 ; 0.09 ; 0
COM ---------------------- Branch Separator ----------------------
ALP 0.000000214 ; 0.000000016 ; 7 ; 4502.77 ; 0.09 ; 0
COM ---------------------- Branch Separator ----------------------
ALP 0.00000054 ; 0.00000004 ; 6 ; 4810.01 ; 0.09 ; 0
COM ---------------------- Branch Separator ----------------------
ALP 0.00000048 ; 0.00000004 ; 5 ; 4931 ; 0.09 ; 0
COM ---------------------- Branch Separator ----------------------
ALP 0.00000051 ; 0.00000006 ; 4 ; 4948.59 ; 0.09 ; 0
COM ---------------------- Branch Separator ----------------------
ALP 0.0000622 ; 0.0000009 ; 3 ; 4997.9 ; 0.09 ; 0
COM ---------------------- Branch Separator ----------------------
ALP 0.00325 ; 0.00006 ; 2 ; 5136.64 ; 0.09 ; 0
COM ---------------------- Branch Separator ----------------------
ALP 0.306 ; 0.006 ; 1 ; 5263.48 ; 0.09 ; 0
COM ---------------------- Branch Separator ----------------------
ALP 0.691 ; 0.006 ; 0 ; 5320.24 ; 0.09 ; 0
COM -------------- Level Separator - T1/2 in seconds -------------
LED 874.473 ; 0.018 ; 21 ;  ;  ; 8
GA  0.000000014 ; 0.000000006 ; 478.41 ; 0.05 ; 5
EK  0.00000000016 ; 0.00000000007 ; 368.745 ; 0.021 ; 5
EL1 0.000000000021 ; 0.000000000009 ; 457.923 ; 0.021 ; 5
EL2 0.0000000000039 ; 0.0000000000017 ; 458.702 ; 0.021 ; 5
EL3 0.0000000000023 ; 0.000000000001 ; 462.095 ; 0.021 ; 5
EM  0.0000000000066 ; 0.0000000000028 ; 474.219 ; 0.021 ; 5
EN  0.0000000000022 ; 0.0000000000009 ; 477.604 ; 0.021 ; 5
GA  0.00000001 ; 0.000000006 ; 546.454 ; 0.021 ; 3
EK  0.00000000009 ; 0.00000000005 ; 436.82 ; 0.018 ; 3
EL1 0.000000000012 ; 0.000000000007 ; 525.998 ; 0.018 ; 3
EL2 2E-17 ; 1.2E-17 ; 526.777 ; 0.018 ; 3
EL3 0.0000000000011 ; 0.0000000000007 ; 530.17 ; 0.018 ; 3
EM  0.0000000000036 ; 0.0000000000021 ; 542.294 ; 0.018 ; 3
EN  0.0000000000012 ; 0.0000000000007 ; 545.679 ; 0.018 ; 3
GA  0.000000008 ; 0.000000003 ; 817 ; 7 ; 1
EK  0.00000000023 ; 0.00000000009 ; 707.064 ; 0.018 ; 1
EL1 0.000000000037 ; 0.000000000014 ; 796.242 ; 0.018 ; 1
EL2 0.0000000000071 ; 0.0000000000027 ; 797.021 ; 0.018 ; 1
EL3 0.00000000000098 ; 0.00000000000037 ; 800.414 ; 0.018 ; 1
EM  0.000000000011 ; 0.0000000000041 ; 812.538 ; 0.018 ; 1
EN  0.0000000000036 ; 0.0000000000014 ; 815.923 ; 0.018 ; 1
COM -------------- Level Separator - T1/2 in seconds -------------
LED 831.823 ; 0.01 ; 15 ;  ;  ; 7
GA  0.000000145 ; 0.000000009 ; 503.819 ; 0.023 ; 3
EK  0.00000000146 ; 0.00000000009 ; 394.17 ; 0.011 ; 3
EL1 0.000000000201 ; 0.000000000013 ; 483.348 ; 0.011 ; 3
EL2 0.0000000000355 ; 0.0000000000023 ; 484.127 ; 0.011 ; 3
EL3 0.0000000000208 ; 0.0000000000013 ; 487.52 ; 0.011 ; 3
EM  0.0000000000612 ; 0.0000000000039 ; 499.644 ; 0.011 ; 3
EN  0.00000000002 ; 0.0000000000013 ; 503.029 ; 0.011 ; 3
GA  0.000000047 ; 0.000000008 ; 774.05 ; 0.09 ; 1
EK  0.00000000057 ; 0.0000000001 ; 664.414 ; 0.011 ; 1
EL1 0.000000000092 ; 0.000000000016 ; 753.592 ; 0.011 ; 1
EL2 0.000000000052 ; 0.000000000009 ; 754.371 ; 0.011 ; 1
EL3 0.000000000012 ; 0.0000000000021 ; 757.764 ; 0.011 ; 1
EM  0.000000000039 ; 0.000000000007 ; 769.888 ; 0.011 ; 1
EN  0.0000000000129 ; 0.0000000000022 ; 773.273 ; 0.011 ; 1
GA   ;  ; 831.823 ; 0.01 ; 0
COM -------------- Level Separator - T1/2 in seconds -------------
LED 519.192 ; 0.006 ; 14 ;  ;  ; 6
GA  0.000000031 ; 0.000000013 ; 140.999 ; 0.02 ; 4
EK  0.0000000052 ; 0.0000000022 ; 31.363 ; 0.012 ; 4
EL1 0.00000000063 ; 0.00000000026 ; 120.541 ; 0.012 ; 4
EL2 0.00000000027 ; 0.00000000011 ; 121.32 ; 0.012 ; 4
EL3 0.00000000022 ; 0.00000000009 ; 124.713 ; 0.012 ; 4
EM  0.00000000027 ; 0.00000000011 ; 136.837 ; 0.012 ; 4
EN  0.000000000088 ; 0.000000000037 ; 140.222 ; 0.012 ; 4
GA  0.00000049 ; 0.00000003 ; 332.371 ; 0.006 ; 2
EK  0.0000000117 ; 0.0000000007 ; 222.719 ; 0.007 ; 2
EL1 0.00000000155 ; 0.0000000001 ; 311.897 ; 0.007 ; 2
EL2 0.000000000369 ; 0.000000000023 ; 312.676 ; 0.007 ; 2
EL3 0.00000000024 ; 0.000000000015 ; 316.069 ; 0.007 ; 2
EM  0.000000000517 ; 0.000000000033 ; 328.193 ; 0.007 ; 2
EN  0.000000000169 ; 0.000000000011 ; 331.578 ; 0.007 ; 2
COM -------------- Level Separator - T1/2 in seconds -------------
LED 396.078 ; 0.01 ; 14 ;  ;  ; 5
GA  0.00000011 ; 0.00000003 ; 209.252 ; 0.006 ; 2
EK  0.0000000074 ; 0.000000002 ; 99.605 ; 0.011 ; 2
EL1 0.00000000094 ; 0.00000000026 ; 188.783 ; 0.011 ; 2
EL2 0.00000000031 ; 0.00000000008 ; 189.562 ; 0.011 ; 2
EL3 0.00000000023 ; 0.00000000006 ; 192.955 ; 0.011 ; 2
EM  0.00000000035 ; 0.0000000001 ; 205.079 ; 0.011 ; 2
EN  0.000000000115 ; 0.000000000031 ; 208.464 ; 0.011 ; 2
GA  0.00000037 ; 0.000000018 ; 338.32 ; 0.005 ; 1
EK  0.00000000847 ; 0.00000000044 ; 228.669 ; 0.011 ; 1
EL1 0.00000000113 ; 0.00000000006 ; 317.847 ; 0.011 ; 1
EL2 0.000000000265 ; 0.000000000013 ; 318.626 ; 0.011 ; 1
EL3 0.000000000172 ; 0.000000000009 ; 322.019 ; 0.011 ; 1
EM  0.000000000375 ; 0.000000000019 ; 334.143 ; 0.011 ; 1
EN  0.000000000123 ; 0.000000000006 ; 337.528 ; 0.011 ; 1
COM -------------- Level Separator - T1/2 in seconds -------------
LED 378.179 ; 0.01 ; 7 ;  ;  ; 4
GA  0.00000031 ; 0.00000003 ; 191.351 ; 0.011 ; 2
EK  0.000000053 ; 0.000000005 ; 81.706 ; 0.011 ; 2
EL1 0.0000000116 ; 0.0000000011 ; 170.884 ; 0.011 ; 2
EL2 0.000000082 ; 0.000000008 ; 171.663 ; 0.011 ; 2
EL3 0.0000000432 ; 0.0000000042 ; 175.056 ; 0.011 ; 2
EM  0.0000000375 ; 0.0000000037 ; 187.18 ; 0.011 ; 2
EN  0.0000000123 ; 0.0000000012 ; 190.565 ; 0.011 ; 2
COM -------------- Level Separator - T1/2 in seconds -------------
LED 328.003 ; 0.004 ; 14 ;  ;  ; 3
GA  0.0000317 ; 0.0000007 ; 270.245 ; 0.007 ; 1
EK  0.000001192 ; 0.000000032 ; 160.594 ; 0.006 ; 1
EL1 0.000000155 ; 0.0000000041 ; 249.772 ; 0.006 ; 1
EL2 0.0000000425 ; 0.0000000011 ; 250.551 ; 0.006 ; 1
EL3 0.0000000293 ; 0.0000000008 ; 253.944 ; 0.006 ; 1
EM  0.0000000544 ; 0.0000000014 ; 266.068 ; 0.006 ; 1
EN  0.00000001773 ; 0.00000000048 ; 269.453 ; 0.006 ; 1
GA  0.0000283 ; 0.0000007 ; 328.004 ; 0.007 ; 0
EK  0.000000693 ; 0.000000021 ; 218.353 ; 0.004 ; 0
EL1 0.0000000923 ; 0.0000000027 ; 307.531 ; 0.004 ; 0
EL2 0.0000000221 ; 0.0000000006 ; 308.31 ; 0.004 ; 0
EL3 0.00000001443 ; 0.00000000042 ; 311.703 ; 0.004 ; 0
EM  0.0000000308 ; 0.0000000009 ; 323.8266 ; 0.004 ; 0
EN  0.00000001005 ; 0.00000000029 ; 327.2124 ; 0.004 ; 0
COM -------------- Level Separator - T1/2 in seconds -------------
LED 186.823 ; 0.004 ; 7 ; 1.64E-10 ; 4.E-12 ; 2
GA  0.000686 ; 0.000007 ; 129.065 ; 0.003 ; 1
EK  0.0001811 ; 0.0000033 ; 19.414 ; 0.006 ; 1
EL1 0.0000703 ; 0.0000013 ; 108.592 ; 0.006 ; 1
EL2 0.001025 ; 0.000018 ; 109.371 ; 0.006 ; 1
EL3 0.000647 ; 0.000012 ; 112.764 ; 0.006 ; 1
EM  0.000478 ; 0.000008 ; 124.888 ; 0.006 ; 1
EN  0.0001569 ; 0.0000029 ; 128.273 ; 0.006 ; 1
COM -------------- Level Separator - T1/2 in seconds -------------
LED 57.759 ; 0.004 ; 7 ; 4.05E-10 ; 7.E-12 ; 1
GA  0.002 ; 0.00004 ; 57.752 ; 0.013 ; 0
EK  0 ; 0.0000029 ; -51.898 ; 0.013 ; 0
EL1 0.00392 ; 0.0001 ; 37.28 ; 0.013 ; 0
EL2 0.1196 ; 0.003 ; 38.059 ; 0.013 ; 0
EL3 0.1008 ; 0.0025 ; 41.452 ; 0.013 ; 0
EM  0.0614 ; 0.0016 ; 53.576 ; 0.013 ; 0
EN  0.0201 ; 0.0005 ; 56.961 ; 0.013 ; 0
