PAR XE127
AZP 127 ; 54
NDA 1
COM ***************** Evaluation Date: 16/04/2013 ****************
COM ===================== Daughter Separator =====================
DAU I127
DDE 1 ;  ; 4 ; 15
Q   662.3 ; 2
COM ---------------------- Branch Separator ----------------------
CK  0.000044 ; 0.000009 ; 4 ; 43.9 ; 2 ; 0
CL1 0.000072 ; 0.000008 ; 4 ; 43.9 ; 2 ; 0
CL2 0.000002 ; 0.000006 ; 4 ; 43.9 ; 2 ; 0
CM  0.0000195 ; 0.0000021 ; 4 ; 43.9 ; 2 ; 0
CN  0.0000046 ; 0.0000005 ; 4 ; 43.9 ; 2 ; 0
COM ---------------------- Branch Separator ----------------------
CK  0.393 ; 0.007 ; 3 ; 287.308 ; 2 ; 0
CL1 0.0615 ; 0.001 ; 3 ; 287.308 ; 2 ; 0
CL2 0.00189 ; 0.00047 ; 3 ; 287.308 ; 2 ; 0
CM  0.01391 ; 0.00035 ; 3 ; 287.308 ; 2 ; 0
CN  0.00317 ; 0.00019 ; 3 ; 287.308 ; 2 ; 0
COM ---------------------- Branch Separator ----------------------
CK  0.444 ; 0.013 ; 2 ; 459.44 ; 2 ; 0
CL1 0.0643 ; 0.0018 ; 2 ; 459.44 ; 2 ; 0
CL2 0.0016 ; 0.0005 ; 2 ; 459.44 ; 2 ; 0
CM  0.01433 ; 0.00046 ; 2 ; 459.44 ; 2 ; 0
CN  0.00327 ; 0.00018 ; 2 ; 459.44 ; 2 ; 0
COM ---------------------- Branch Separator ----------------------
COM ---------------------- Branch Separator ----------------------
COM -------------- Level Separator - T1/2 in seconds -------------
LED 618.4 ; 0.3 ; 7 ;  ;  ; 4
GA  0.000141 ; 0.000009 ; 618.41 ; 0.14 ; 0
EK  0.000000744 ; 0.000000049 ; 585.23 ; 0.3 ; 0
EL1 0.000000088 ; 0.000000006 ; 613.21 ; 0.3 ; 0
EL2 0.00000000354 ; 0.00000000023 ; 613.55 ; 0.3 ; 0
EL3 0.000000001 ; 0.00000000007 ; 613.84 ; 0.3 ; 0
EM  0.0000000186 ; 0.0000000012 ; 617.57 ; 0.3 ; 0
EN  0.00000000421 ; 0.00000000028 ; 618.29 ; 0.3 ; 0
COM -------------- Level Separator - T1/2 in seconds -------------
LED 374.992 ; 0.009 ; 14 ; 3.1E-11 ; 8.E-12 ; 3
GA  0.2553 ; 0.0038 ; 172.132 ; 0.01 ; 2
EK  0.0362 ; 0.0007 ; 138.963 ; 0.012 ; 2
EL1 0.00434 ; 0.00009 ; 166.944 ; 0.012 ; 2
EL2 0.000293 ; 0.000007 ; 167.28 ; 0.012 ; 2
EL3 0.0000888 ; 0.0000038 ; 167.575 ; 0.012 ; 2
EM  0.000952 ; 0.000021 ; 171.306 ; 0.012 ; 2
EN  0.000215 ; 0.0000045 ; 172.026 ; 0.012 ; 2
GA  0.1726 ; 0.0027 ; 374.991 ; 0.012 ; 0
EK  0.00288 ; 0.00006 ; 341.823 ; 0.009 ; 0
EL1 0.000316 ; 0.000007 ; 369.804 ; 0.009 ; 0
EL2 0.0000721 ; 0.0000015 ; 370.14 ; 0.009 ; 0
EL3 0.0000564 ; 0.0000012 ; 370.435 ; 0.009 ; 0
EM  0.0000904 ; 0.000002 ; 374.166 ; 0.009 ; 0
EN  0.00001999 ; 0.00000042 ; 374.886 ; 0.009 ; 0
COM -------------- Level Separator - T1/2 in seconds -------------
LED 202.86 ; 0.008 ; 14 ; 3.87E-10 ; 6.E-12 ; 2
GA  0.0423 ; 0.0007 ; 145.252 ; 0.01 ; 1
EK  0.0151 ; 0.00033 ; 112.082 ; 0.014 ; 1
EL1 0.001455 ; 0.000032 ; 140.063 ; 0.014 ; 1
EL2 0.001159 ; 0.000026 ; 140.399 ; 0.014 ; 1
EL3 0.001218 ; 0.000026 ; 140.694 ; 0.014 ; 1
EM  0.000799 ; 0.000018 ; 144.425 ; 0.014 ; 1
EN  0.0001714 ; 0.000004 ; 145.145 ; 0.014 ; 1
GA  0.6845 ; 0.0045 ; 202.86 ; 0.01 ; 0
EK  0.066 ; 0.0011 ; 169.691 ; 0.008 ; 0
EL1 0.0076 ; 0.00012 ; 197.672 ; 0.008 ; 0
EL2 0.00122 ; 0.00007 ; 198.008 ; 0.008 ; 0
EL3 0.00091 ; 0.00007 ; 198.303 ; 0.008 ; 0
EM  0.001978 ; 0.000043 ; 202.034 ; 0.008 ; 0
EN  0.000441 ; 0.000009 ; 202.754 ; 0.008 ; 0
COM -------------- Level Separator - T1/2 in seconds -------------
LED 57.609 ; 0.011 ; 7 ; 1.95E-9 ; 1.E-11 ; 1
GA  0.01272 ; 0.00035 ; 57.61 ; 0.02 ; 0
EK  0.0402 ; 0.0013 ; 24.44 ; 0.011 ; 0
EL1 0.00482 ; 0.00015 ; 52.421 ; 0.011 ; 0
EL2 0.000555 ; 0.000029 ; 52.757 ; 0.011 ; 0
EL3 0.000336 ; 0.000032 ; 53.052 ; 0.011 ; 0
EM  0.001158 ; 0.000038 ; 56.783 ; 0.011 ; 0
EN  0.000259 ; 0.000009 ; 57.503 ; 0.011 ; 0
