PAR Y88
AZP 88 ; 39
NDA 1
COM ***************** Evaluation Date: 27/07/2015 ****************
COM ===================== Daughter Separator =====================
DAU SR88
DDE 1 ;  ; 4 ; 16
Q   3622.6 ; 1.5
COM ---------------------- Branch Separator ----------------------
CK  0.00035 ; 0.00013 ; 4 ; 37.8159999999998 ; 1.5 ; 0
CL1 0.000108 ; 0.000041 ; 4 ; 37.8159999999998 ; 1.5 ; 0
CM  0.000026 ; 0.00001 ; 4 ; 37.8159999999998 ; 1.5 ; 0
CN  0.0000035 ; 0.0000013 ; 4 ; 37.8159999999998 ; 1.5 ; 0
COM ---------------------- Branch Separator ----------------------
CK  0.000196 ; 0.000034 ; 3 ; 404.111 ; 1.5 ; -1
CL1 0.0000278 ; 0.0000048 ; 3 ; 404.111 ; 1.5 ; -1
CM  0.0000062 ; 0.0000011 ; 3 ; 404.111 ; 1.5 ; -1
CN  0.00000071 ; 0.00000013 ; 3 ; 404.111 ; 1.5 ; -1
COM ---------------------- Branch Separator ----------------------
CK  0.8229 ; 0.003 ; 2 ; 888.463 ; 1.5 ; 0
CL1 0.0986 ; 0.0014 ; 2 ; 888.463 ; 1.5 ; 0
CM  0.0216 ; 0.0006 ; 2 ; 888.463 ; 1.5 ; 0
CN  0.00283 ; 0.00019 ; 2 ; 888.463 ; 1.5 ; 0
COM ---------------------- Branch Separator ----------------------
BEP 0.0021 ; 0.0001 ; 1 ; 764.51 ; 1.5 ; -1
CK  0.0478 ; 0.0025 ; 1 ; 1786.51 ; 1.5 ; -1
CL1 0.0057 ; 0.0003 ; 1 ; 1786.51 ; 1.5 ; -1
CM  0.00126 ; 0.00007 ; 1 ; 1786.51 ; 1.5 ; -1
COM ---------------------- Branch Separator ----------------------
COM -------------- Level Separator - T1/2 in seconds -------------
LED 3584.784 ; 0.019 ; 7 ; 1.4E-10 ; 4.E-11 ; 4
GA  0.00048 ; 0.00018 ; 850.643 ; 0.021 ; 2
EK  0.00000036 ; 0.00000014 ; 834.542 ; 0.021 ; 2
EL1 0.000000038 ; 0.000000014 ; 848.431 ; 0.021 ; 2
EL2 0.00000000112 ; 0.00000000042 ; 848.64 ; 0.021 ; 2
EL3 0.00000000102 ; 0.00000000038 ; 848.707 ; 0.021 ; 2
EM  0.0000000067 ; 0.0000000025 ; 850.412 ; 0.021 ; 2
EN  0.00000000089 ; 0.00000000033 ; 850.627 ; 0.021 ; 2
COM -------------- Level Separator - T1/2 in seconds -------------
LED 3218.489 ; 0.022 ; 21 ; 1.54E-13 ; 1.E-14 ; 3
GA  0.000009 ; 0.000009 ; 484.352 ; 0.023 ; 2
EK  0.00000001 ; 0.00000001 ; 468.247 ; 0.023 ; 2
EL1 0.000000001 ; 0.000000001 ; 482.136 ; 0.023 ; 2
EL2 0.000000000019 ; 0.000000000019 ; 482.345 ; 0.023 ; 2
EL3 0.000000000031 ; 0.000000000031 ; 482.412 ; 0.023 ; 2
EM  0.00000000018 ; 0.00000000018 ; 484.117 ; 0.023 ; 2
EN  0.000000000023 ; 0.000000000023 ; 484.332 ; 0.023 ; 2
GA  0.00016 ; 0.00003 ; 1382.387 ; 0.023 ; 1
EK  0.000000041 ; 0.000000008 ; 1366.294 ; 0.023 ; 1
EL1 0.0000000043 ; 0.0000000008 ; 1380.183 ; 0.023 ; 1
EL2 0.000000000049 ; 0.000000000009 ; 1380.392 ; 0.023 ; 1
EL3 0.000000000034 ; 0.000000000006 ; 1380.459 ; 0.023 ; 1
EM  0.00000000073 ; 0.00000000014 ; 1382.164 ; 0.023 ; 1
EN  0.000000000098 ; 0.000000000019 ; 1382.379 ; 0.023 ; 1
GA  0.000071 ; 0.00002 ; 3218.426 ; 0.022 ; 0
EK  0.0000000039 ; 0.0000000011 ; 3202.384 ; 0.022 ; 0
EL1 0.0000000004 ; 0.00000000011 ; 3216.273 ; 0.022 ; 0
EL2 0.0000000000026 ; 0.0000000000007 ; 3216.482 ; 0.022 ; 0
EL3 0.000000000004 ; 0.0000000000011 ; 3216.549 ; 0.022 ; 0
EM  0.000000000069 ; 0.000000000019 ; 3218.254 ; 0.022 ; 0
EN  0.0000000000092 ; 0.0000000000026 ; 3218.469 ; 0.022 ; 0
COM -------------- Level Separator - T1/2 in seconds -------------
LED 2734.137 ; 0.008 ; 14 ; 7.E-13 ; 5.E-14 ; 2
GA  0.937 ; 0.003 ; 898.042 ; 0.011 ; 1
EK  0.0002558 ; 0.0000038 ; 881.942 ; 0.011 ; 1
EL1 0.00002642 ; 0.00000038 ; 895.831 ; 0.011 ; 1
EL2 0.0000003008 ; 0.0000000048 ; 896.04 ; 0.011 ; 1
EL3 0.000000575 ; 0.000000009 ; 896.107 ; 0.011 ; 1
EM  0.00000458 ; 0.00000007 ; 897.812 ; 0.011 ; 1
EN  0.000000613 ; 0.000000009 ; 898.027 ; 0.011 ; 1
GA  0.00608 ; 0.00025 ; 2734.092 ; 0.008 ; 0
EK  0.000000668 ; 0.000000029 ; 2718.032 ; 0.008 ; 0
EL1 0.00000007 ; 0.0000000031 ; 2731.921 ; 0.008 ; 0
EL2 0.000000000888 ; 0.000000000039 ; 2732.13 ; 0.008 ; 0
EL3 0.000000000637 ; 0.000000000028 ; 2732.197 ; 0.008 ; 0
EM  0.000000012 ; 0.0000000005 ; 2733.902 ; 0.008 ; 0
EN  0.00000000161 ; 0.00000000007 ; 2734.117 ; 0.008 ; 0
COM -------------- Level Separator - T1/2 in seconds -------------
LED 1836.09 ; 0.008 ; 7 ; 1.54E-13 ; 8.E-15 ; 1
GA  0.99346 ; 0.00025 ; 1836.07 ; 0.008 ; 0
EK  0.000144 ; 0.0000021 ; 1819.985 ; 0.008 ; 0
EL1 0.00001502 ; 0.00000022 ; 1833.874 ; 0.008 ; 0
EL2 0.0000001778 ; 0.000000003 ; 1834.083 ; 0.008 ; 0
EL3 0.0000001957 ; 0.000000003 ; 1834.15 ; 0.008 ; 0
EM  0.000002583 ; 0.00000004 ; 1835.855 ; 0.008 ; 0
EN  0.000000346 ; 0.000000005 ; 1836.07 ; 0.008 ; 0
