--------------------------------------------------------------------------------------

BetaShape
Version: 2.2 (05/2021)
Author: X. Mougeot (xavier.mougeot@cea.fr)
CEA, LIST, Laboratoire National Henri Becquerel (LNHB), Gif-sur-Yvette F-91191, France
Please cite: X. Mougeot, Applied Radiation and Isotopes 154 (2019) 108884

--------------------------------------------------------------------------------------

Parent nucleus: 79-Au-195 [3/2+] g.s.  -->  Daughter nucleus: 78-Pt-195 [3/2-] 98.8820 (40) keV
The 1st forbidden non-unique transition from the electron capture decay of Au-195 is calculated as allowed

Transition energy: 127.9 (10) keV


----------------------------------------
Ratios of relative capture probabilities

PL1/PK =  0.794 (19)
PL2/PK =  0.0565 (14)
PM1/PK =  0.220 (6)
PM2/PK =  0.01700 (48)
PN1/PK =  0.0638 (20)
PN2/PK =  0.00484 (15)
PO1/PK =  0.0148 (5)
PO2/PK =  9.93E-4 (35)
PP1/PK =  4.38E-4 (15)

L/K =  0.850 (20)
M/K =  0.237 (6)
N/K =  0.0686 (21)
O/K =  0.0158 (5)
P/K =  4.38E-4 (15)


------------------------------
Relative capture probabilities

PK  =  0.460 (6)
PL1 =  0.3654 (37)
PL2 =  0.02603 (29)
PM1 =  0.1012 (14)
PM2 =  0.00783 (11)
PN1 =  0.02937 (49)
PN2 =  0.002230 (39)
PO1 =  0.00683 (14)
PO2 =  4.57E-4 (10)
PP1 =  2.019E-4 (41)

K =  0.460 (6)
L =  0.3915 (40)
M =  0.1090 (15)
N =  0.0316 (5)
O =  0.00729 (15)
P =  2.019E-4 (41)


------------------------------
Capture branch from input data

Iec =   57.6 (35) %


---------------------
Capture probabilities

PK  =  0.460 (6)
PL1  =  0.3654 (37)
PL2  =  0.02603 (29)
PM1  =  0.1012 (14)
PM2  =  0.00783 (11)
PN1  =  0.02937 (49)
PN2  =  0.002230 (39)
PO1  =  0.00683 (14)
PO2  =  4.57E-4 (10)
PP1  =  2.019E-4 (41)

K =  0.460 (6)
L =  0.3915 (40)
M =  0.1090 (15)
N =  0.0316 (5)
O =  0.00729 (15)
P =  2.019E-4 (41)


------------------------------------------------------------
Input log ft value (ec): 6.5

Log ft value (ec)    =  6.590 (30)
with log f           =  -0.852 (13)
and log partial T1/2 =  7.443 (27)

