--------------------------------------------------------------------------------------

BetaShape
Version: 2.2 (05/2021)
Author: X. Mougeot (xavier.mougeot@cea.fr)
CEA, LIST, Laboratoire National Henri Becquerel (LNHB), Gif-sur-Yvette F-91191, France
Please cite: X. Mougeot, Applied Radiation and Isotopes 154 (2019) 108884

--------------------------------------------------------------------------------------

Parent nucleus: 79-Au-195 [3/2+] g.s.  -->  Daughter nucleus: 78-Pt-195 [1/2-] g.s.
The 1st forbidden non-unique transition from the electron capture decay of Au-195 is calculated as allowed

Transition energy: 226.8 (10) keV


----------------------------------------
Ratios of relative capture probabilities

PL1/PK =  0.3129 (15)
PL2/PK =  0.02220 (13)
PM1/PK =  0.0801 (6)
PM2/PK =  0.00618 (5)
PN1/PK =  0.02283 (23)
PN2/PK =  0.001733 (19)
PO1/PK =  0.00529 (7)
PO2/PK =  3.54E-4 (5)
PP1/PK =  1.561E-4 (21)

L/K =  0.3351 (17)
M/K =  0.0862 (6)
N/K =  0.02456 (25)
O/K =  0.00564 (8)
P/K =  1.561E-4 (21)


------------------------------
Relative capture probabilities

PK  =  0.6889 (12)
PL1 =  0.2155 (7)
PL2 =  0.01529 (6)
PM1 =  0.05514 (30)
PM2 =  0.004259 (27)
PN1 =  0.01572 (13)
PN2 =  0.001193 (11)
PO1 =  0.003641 (42)
PO2 =  2.438E-4 (30)
PP1 =  1.076E-4 (13)

K =  0.6889 (12)
L =  0.2308 (7)
M =  0.05940 (33)
N =  0.01692 (14)
O =  0.003885 (45)
P =  1.076E-4 (13)


------------------------------
Capture branch from input data

Iec =   9.50 (40) %


---------------------
Capture probabilities

PK  =  0.6889 (12)
PL1  =  0.2155 (7)
PL2  =  0.01529 (6)
PM1  =  0.05514 (30)
PM2  =  0.004259 (27)
PN1  =  0.01572 (13)
PN2  =  0.001193 (11)
PO1  =  0.003641 (42)
PO2  =  2.438E-4 (30)
PP1  =  1.076E-4 (13)

K =  0.6889 (12)
L =  0.2308 (7)
M =  0.05940 (33)
N =  0.01692 (14)
O =  0.003885 (45)
P =  1.076E-4 (13)


------------------------------------------------------------
Input log ft value (ec): 8.1

Log ft value (ec)    =  8.144 (20)
with log f           =  -0.081 (7)
and log partial T1/2 =  8.225 (19)

