--------------------------------------------------------------------------------------

BetaShape
Version: 2.2 (05/2021)
Author: X. Mougeot (xavier.mougeot@cea.fr)
CEA, LIST, Laboratoire National Henri Becquerel (LNHB), Gif-sur-Yvette F-91191, France
Please cite: X. Mougeot, Applied Radiation and Isotopes 154 (2019) 108884

--------------------------------------------------------------------------------------

Parent nucleus: 69-Tm-170 [1-] g.s.  -->  Daughter nucleus: 68-Er-170 [2+] 78.590 (20) keV
The 1st forbidden non-unique transition from the electron capture decay of Tm-170 is calculated as allowed

Transition energy: 235.8 (18) keV


----------------------------------------
Ratios of relative capture probabilities

PL1/PK =  0.2240 (12)
PL2/PK =  0.01093 (7)
PM1/PK =  0.05724 (46)
PM2/PK =  0.003096 (27)
PN1/PK =  0.01515 (17)
PN2/PK =  8.06E-4 (10)
PO1/PK =  0.002466 (32)
PO2/PK =  1.003E-4 (14)
PP1/PK =  2.110E-4 (27)

L/K =  0.2349 (12)
M/K =  0.06034 (49)
N/K =  0.01596 (18)
O/K =  0.002566 (33)
P/K =  2.110E-4 (27)


------------------------------
Relative capture probabilities

PK  =  0.7610 (11)
PL1 =  0.1705 (6)
PL2 =  0.008320 (38)
PM1 =  0.04356 (28)
PM2 =  0.002356 (17)
PN1 =  0.01153 (11)
PN2 =  6.13E-4 (6)
PO1 =  0.001877 (22)
PO2 =  7.63E-5 (9)
PP1 =  1.605E-4 (18)

K =  0.7610 (11)
L =  0.1788 (7)
M =  0.04592 (30)
N =  0.01214 (12)
O =  0.001953 (22)
P =  1.605E-4 (18)


------------------------------
Capture branch from input data

Iec =   0.0290 (30) %


---------------------
Capture probabilities

PK  =  0.7610 (11)
PL1  =  0.1705 (6)
PL2  =  0.008320 (38)
PM1  =  0.04356 (28)
PM2  =  0.002356 (17)
PN1  =  0.01153 (11)
PN2  =  6.13E-4 (6)
PO1  =  0.001877 (22)
PO2  =  7.63E-5 (9)
PP1  =  1.605E-4 (18)

K =  0.7610 (11)
L =  0.1788 (7)
M =  0.04592 (30)
N =  0.01214 (12)
O =  0.001953 (22)
P =  1.605E-4 (18)


------------------------------------------------------------
Input log ft value (ec): 10.21

Log ft value (ec)    =  10.270 (46)
with log f           =  -0.311 (9)
and log partial T1/2 =  10.581 (45)

