--------------------------------------------------------------------------------------

BetaShape
Version: 2.2 (05/2021)
Author: X. Mougeot (xavier.mougeot@cea.fr)
CEA, LIST, Laboratoire National Henri Becquerel (LNHB), Gif-sur-Yvette F-91191, France
Please cite: X. Mougeot, Applied Radiation and Isotopes 154 (2019) 108884

--------------------------------------------------------------------------------------

Parent nucleus: 69-Tm-170 [1-] g.s.  -->  Daughter nucleus: 68-Er-170 [0+] g.s.
The 1st forbidden non-unique transition from the electron capture decay of Tm-170 is calculated as allowed

Transition energy: 314.4 (18) keV


----------------------------------------
Ratios of relative capture probabilities

PL1/PK =  0.1963 (6)
PL2/PK =  0.009578 (38)
PM1/PK =  0.04934 (28)
PM2/PK =  0.002669 (17)
PN1/PK =  0.01301 (12)
PN2/PK =  6.92E-4 (7)
PO1/PK =  0.002116 (22)
PO2/PK =  8.61E-5 (10)
PP1/PK =  1.810E-4 (19)

L/K =  0.2059 (7)
M/K =  0.05201 (30)
N/K =  0.01370 (12)
O/K =  0.002202 (23)
P/K =  1.810E-4 (19)


------------------------------
Relative capture probabilities

PK  =  0.7849 (7)
PL1 =  0.15409 (36)
PL2 =  0.007518 (23)
PM1 =  0.03873 (19)
PM2 =  0.002095 (12)
PN1 =  0.01021 (8)
PN2 =  5.435E-4 (48)
PO1 =  0.001661 (16)
PO2 =  6.76E-5 (7)
PP1 =  1.421E-4 (14)

K =  0.7849 (7)
L =  0.16161 (38)
M =  0.04083 (20)
N =  0.01076 (9)
O =  0.001729 (17)
P =  1.421E-4 (14)


------------------------------
Capture branch from input data

Iec =   0.118 (7) %


---------------------
Capture probabilities

PK  =  0.7849 (7)
PL1  =  0.15409 (36)
PL2  =  0.007518 (23)
PM1  =  0.03873 (19)
PM2  =  0.002095 (12)
PN1  =  0.01021 (8)
PN2  =  5.435E-4 (48)
PO1  =  0.001661 (16)
PO2  =  6.76E-5 (7)
PP1  =  1.421E-4 (14)

K =  0.7849 (7)
L =  0.16161 (38)
M =  0.04083 (20)
N =  0.01076 (9)
O =  0.001729 (17)
P =  1.421E-4 (14)


------------------------------------------------------------
Input log ft value (ec): 9.906

Log ft value (ec)    =  9.963 (27)
with log f           =  -0.008 (7)
and log partial T1/2 =  9.971 (26)

