--------------------------------------------------------------------------------------

BetaShape
Version: 2.2 (05/2021)
Author: X. Mougeot (xavier.mougeot@cea.fr)
CEA, LIST, Laboratoire National Henri Becquerel (LNHB), Gif-sur-Yvette F-91191, France
Please cite: X. Mougeot, Applied Radiation and Isotopes 154 (2019) 108884

--------------------------------------------------------------------------------------

Parent nucleus: 58-Ce-139 [3/2+] g.s.  -->  Daughter nucleus: 57-La-139 [7/2+] g.s.
The 2nd forbidden non-unique transition from the electron capture decay of Ce-139 is calculated as 1st forbidden unique

Transition energy: 270.0 (30) keV


----------------------------------------
Ratios of relative capture probabilities

PL1/PK =  0.2158 (17)
PL2/PK =  0.00694 (6)
PL3/PK =  0.0526 (17)
PM1/PK =  0.0522 (6)
PM2/PK =  0.001813 (24)
PM3/PK =  0.01286 (48)
PN1/PK =  0.01348 (24)
PM4/PK =  3.99E-5 (15)
PN2/PK =  4.56E-4 (9)
PN3/PK =  0.00292 (13)
PO1/PK =  0.00261 (6)
PN4/PK =  9.35E-6 (42)
PO2/PK =  7.43E-5 (17)
PO3/PK =  3.99E-4 (19)
PP1/PK =  2.93E-4 (6)
PO4/PK =  7.39E-8 (35)

L/K =  0.2754 (35)
M/K =  0.0669 (11)
N/K =  0.01686 (37)
O/K =  0.00309 (8)
P/K =  2.93E-4 (6)


------------------------------
Relative capture probabilities

PK  =  0.7340 (27)
PL1 =  0.1584 (7)
PL2 =  0.005093 (27)
PL3 =  0.0386 (11)
PM1 =  0.03828 (32)
PM2 =  0.001331 (13)
PM3 =  0.00944 (31)
PN1 =  0.00989 (14)
PM4 =  2.93E-5 (10)
PN2 =  3.34E-4 (5)
PN3 =  0.00214 (8)
PO1 =  0.001918 (34)
PN4 =  6.87E-6 (28)
PO2 =  5.45E-5 (10)
PO3 =  2.93E-4 (13)
PP1 =  2.154E-4 (37)
PO4 =  5.42E-8 (24)

K =  0.7340 (27)
L =  0.2021 (18)
M =  0.0491 (6)
N =  0.01238 (22)
O =  0.002266 (47)
P =  2.154E-4 (37)


------------------------------
Capture branch from input data

Iec =   0.008 %


---------------------
Capture probabilities

PK  =  0.7340 (27)
PL1  =  0.1584 (7)
PL2  =  0.005093 (27)
PL3  =  0.0386 (11)
PM1  =  0.03828 (32)
PM2  =  0.001331 (13)
PM3  =  0.00944 (31)
PN1  =  0.00989 (14)
PM4  =  2.93E-5 (10)
PN2  =  3.34E-4 (5)
PN3  =  0.00214 (8)
PO1  =  0.001918 (34)
PN4  =  6.87E-6 (28)
PO2  =  5.45E-5 (10)
PO3  =  2.93E-4 (13)
PP1  =  2.154E-4 (37)
PO4  =  5.42E-8 (24)

K =  0.7340 (27)
L =  0.2021 (18)
M =  0.0491 (6)
N =  0.01238 (22)
O =  0.002266 (47)
P =  2.154E-4 (37)


------------------------------------------------------------
Input log ft value (ec): 10.6

Log ft value (ec)    =  10.027 (23)
with log f           =  -1.145 (23)
and log partial T1/2 =  11.17217 (6)

