--------------------------------------------------------------------------------------

BetaShape
Version: 2.2 (05/2021)
Author: X. Mougeot (xavier.mougeot@cea.fr)
CEA, LIST, Laboratoire National Henri Becquerel (LNHB), Gif-sur-Yvette F-91191, France
Please cite: X. Mougeot, Applied Radiation and Isotopes 154 (2019) 108884

--------------------------------------------------------------------------------------

Parent nucleus: 56-Ba-133 [1/2+] g.s.  -->  Daughter nucleus: 55-Cs-133 [1/2+] 437.0113 (13) keV
Calculation of the allowed transition from the electron capture decay of Ba-133

Transition energy: 80.3 (10) keV


----------------------------------------
Ratios of relative capture probabilities

PL1/PK =  0.352 (7)
PL2/PK =  0.0104 (16)
PM1/PK =  0.0892 (22)
PM2/PK =  0.00285 (45)
PN1/PK =  0.0227 (7)
PN2/PK =  7.0E-4 (12)
PO1/PK =  0.00407 (15)
PO2/PK =  1.03E-4 (18)
PP1/PK =  5.2E-4 (6)

L/K =  0.362 (8)
M/K =  0.0921 (27)
N/K =  0.0234 (8)
O/K =  0.00418 (17)
P/K =  5.2E-4 (6)


------------------------------
Relative capture probabilities

PK  =  0.675 (5)
PL1 =  0.2373 (31)
PL2 =  0.0070 (10)
PM1 =  0.0602 (10)
PM2 =  0.00192 (28)
PN1 =  0.01530 (33)
PN2 =  4.7E-4 (7)
PO1 =  0.00275 (8)
PO2 =  7.0E-5 (12)
PP1 =  3.53E-4 (35)

K =  0.675 (5)
L =  0.2443 (37)
M =  0.0621 (13)
N =  0.01577 (40)
O =  0.00282 (9)
P =  3.53E-4 (35)


------------------------------
Capture branch from input data

Iec =   85.4 (5) %


---------------------
Capture probabilities

PK  =  0.675 (5)
PL1  =  0.2373 (31)
PL2  =  0.0070 (10)
PM1  =  0.0602 (10)
PM2  =  0.00192 (28)
PN1  =  0.01530 (33)
PN2  =  4.7E-4 (7)
PO1  =  0.00275 (8)
PO2  =  7.0E-5 (12)
PP1  =  3.53E-4 (35)

K =  0.675 (5)
L =  0.2443 (37)
M =  0.0621 (13)
N =  0.01577 (40)
O =  0.00282 (9)
P =  3.53E-4 (35)


------------------------------------------------------------
Input log ft value (ec): 6.63

Log ft value (ec)    =  6.64 (6)
with log f           =  -1.95 (6)
and log partial T1/2 =  8.5904 (26)

