--------------------------------------------------------------------------------------

BetaShape
Version: 2.2 (05/2021)
Author: X. Mougeot (xavier.mougeot@cea.fr)
CEA, LIST, Laboratoire National Henri Becquerel (LNHB), Gif-sur-Yvette F-91191, France
Please cite: X. Mougeot, Applied Radiation and Isotopes 154 (2019) 108884

--------------------------------------------------------------------------------------

Parent nucleus: 56-Ba-133 [1/2+] g.s.  -->  Daughter nucleus: 55-Cs-133 [5/2+] 160.6121 (16) keV
The 2nd forbidden non-unique transition from the electron capture decay of Ba-133 is calculated as 1st forbidden unique

Transition energy: 356.7 (10) keV


----------------------------------------
Ratios of relative capture probabilities

PL1/PK =  0.18017 (40)
PL2/PK =  0.0053 (7)
PL3/PK =  0.0236 (32)
PM1/PK =  0.04283 (25)
PM2/PK =  0.00136 (18)
PM3/PK =  0.0057 (8)
PN1/PK =  0.01075 (11)
PM4/PK =  1.65E-5 (26)
PN2/PK =  3.31E-4 (47)
PN3/PK =  0.00125 (18)
PO1/PK =  0.001925 (32)
PN4/PK =  3.7E-6 (6)
PO2/PK =  4.9E-5 (7)
PO3/PK =  1.52E-4 (25)
PP1/PK =  2.47E-4 (21)

L/K =  0.2090 (43)
M/K =  0.0499 (12)
N/K =  0.01233 (34)
O/K =  0.00213 (6)
P/K =  2.47E-4 (21)


------------------------------
Relative capture probabilities

PK  =  0.7851 (36)
PL1 =  0.1415 (5)
PL2 =  0.0041 (5)
PL3 =  0.0185 (24)
PM1 =  0.033627 (40)
PM2 =  0.00107 (14)
PM3 =  0.0045 (6)
PN1 =  0.00844 (5)
PM4 =  1.30E-5 (20)
PN2 =  2.60E-4 (35)
PN3 =  9.8E-4 (14)
PO1 =  0.001511 (18)
PN4 =  2.94E-6 (47)
PO2 =  3.8E-5 (6)
PO3 =  1.19E-4 (19)
PP1 =  1.94E-4 (16)

K =  0.7851 (36)
L =  0.1641 (26)
M =  0.0392 (8)
N =  0.00968 (22)
O =  0.001669 (43)
P =  1.94E-4 (16)


------------------------------
Capture branch from input data

Iec =   0.3 %


---------------------
Capture probabilities

PK  =  0.7851 (36)
PL1  =  0.1415 (5)
PL2  =  0.0041 (5)
PL3  =  0.0185 (24)
PM1  =  0.033627 (40)
PM2  =  0.00107 (14)
PM3  =  0.0045 (6)
PN1  =  0.00844 (5)
PM4  =  1.30E-5 (20)
PN2  =  2.60E-4 (35)
PN3  =  9.8E-4 (14)
PO1  =  0.001511 (18)
PN4  =  2.94E-6 (47)
PO2  =  3.8E-5 (6)
PO3  =  1.19E-4 (19)
PP1  =  1.94E-4 (16)

K =  0.7851 (36)
L =  0.1641 (26)
M =  0.0392 (8)
N =  0.00968 (22)
O =  0.001669 (43)
P =  1.94E-4 (16)


------------------------------------------------------------
Input log ft value (ec): 10.6

Log ft value (ec)    =  10.335 (45)
with log f           =  -0.710 (45)
and log partial T1/2 =  11.04477 (25)

