--------------------------------------------------------------------------------------

BetaShape
Version: 2.2 (05/2021)
Author: X. Mougeot (xavier.mougeot@cea.fr)
CEA, LIST, Laboratoire National Henri Becquerel (LNHB), Gif-sur-Yvette F-91191, France
Please cite: X. Mougeot, Applied Radiation and Isotopes 154 (2019) 108884

--------------------------------------------------------------------------------------

Parent nucleus: 84-Po-209 [1/2-] g.s.  -->  Daughter nucleus: 83-Bi-209 [7/2-] 896.29 (5) keV
Calculation of the 2nd forbidden unique transition from the electron capture decay of Po-209

Transition energy: 996.2 (16) keV


----------------------------------------
Ratios of relative capture probabilities

PL1/PK =  0.25605 (42)
PL2/PK =  0.02138 (13)
PL3/PK =  0.01967 (23)
PM1/PK =  0.06547 (25)
PM2/PK =  0.005988 (26)
PM3/PK =  0.00546 (5)
PN1/PK =  0.01894 (13)
PM4/PK =  4.44E-5 (5)
PM5/PK =  7.54E-6 (12)
PN2/PK =  0.0017145 (17)
PN3/PK =  0.001469 (9)
PO1/PK =  0.00473 (5)
PN4/PK =  1.323E-5 (21)
PN5/PK =  2.186E-6 (42)
PO2/PK =  3.942E-4 (21)
PO3/PK =  2.911E-4 (19)
PP1/PK =  7.12E-4 (12)
PN6/PK =  2.59E-9 (6)
PO4/PK =  1.826E-6 (40)
PO5/PK =  3.24E-7 (8)
PP2/PK =  3.60E-5 (5)
PP3/PK =  7.35E-6 (15)

L/K =  0.29710 (35)
M/K =  0.07698 (23)
N/K =  0.02214 (14)
O/K =  0.00542 (6)
P/K =  7.55E-4 (13)


------------------------------
Relative capture probabilities

PK  =  0.71307 (35)
PL1 =  0.18258 (21)
PL2 =  0.01524 (9)
PL3 =  0.01403 (16)
PM1 =  0.04669 (15)
PM2 =  0.004270 (18)
PM3 =  0.003896 (37)
PN1 =  0.01351 (9)
PM4 =  3.168E-5 (37)
PM5 =  5.37E-6 (8)
PN2 =  0.0012226 (11)
PN3 =  0.001047 (7)
PO1 =  0.003374 (37)
PN4 =  9.43E-6 (15)
PN5 =  1.559E-6 (29)
PO2 =  2.811E-4 (13)
PO3 =  2.076E-4 (13)
PP1 =  5.07E-4 (9)
PN6 =  1.846E-9 (42)
PO4 =  1.302E-6 (28)
PO5 =  2.31E-7 (6)
PP2 =  2.565E-5 (35)
PP3 =  5.24E-6 (11)

K =  0.71307 (35)
L =  0.21185 (23)
M =  0.05489 (13)
N =  0.01579 (9)
O =  0.003864 (39)
P =  5.38E-4 (9)


------------------------------
Capture branch from input data

Iec =   0.454 (7) %


---------------------
Capture probabilities

PK  =  0.71307 (35)
PL1  =  0.18258 (21)
PL2  =  0.01524 (9)
PL3  =  0.01403 (16)
PM1  =  0.04669 (15)
PM2  =  0.004270 (18)
PM3  =  0.003896 (37)
PN1  =  0.01351 (9)
PM4  =  3.168E-5 (37)
PM5  =  5.37E-6 (8)
PN2  =  0.0012226 (11)
PN3  =  0.001047 (7)
PO1  =  0.003374 (37)
PN4  =  9.43E-6 (15)
PN5  =  1.559E-6 (29)
PO2  =  2.811E-4 (13)
PO3  =  2.076E-4 (13)
PP1  =  5.07E-4 (9)
PN6  =  1.846E-9 (42)
PO4  =  1.302E-6 (28)
PO5  =  2.31E-7 (6)
PP2  =  2.565E-5 (35)
PP3  =  5.24E-6 (11)

K =  0.71307 (35)
L =  0.21185 (23)
M =  0.05489 (13)
N =  0.01579 (9)
O =  0.003864 (39)
P =  5.38E-4 (9)


------------------------------------------------------------
Input log ft value (ec): 14.36

Log ft value (ec)    =  14.54 (5)
with log f           =  2.636 (8)
and log partial T1/2 =  11.90 (5)

