--------------------------------------------------------------------------------------

BetaShape
Version: 2.2 (05/2021)
Author: X. Mougeot (xavier.mougeot@cea.fr)
CEA, LIST, Laboratoire National Henri Becquerel (LNHB), Gif-sur-Yvette F-91191, France
Please cite: X. Mougeot, Applied Radiation and Isotopes 154 (2019) 108884

--------------------------------------------------------------------------------------

Parent nucleus: 70-Yb-169 [7/2+] g.s.  -->  Daughter nucleus: 69-Tm-169 [9/2+] 433.52 keV
Calculation of the allowed transition from the electron capture decay of Yb-169

Transition energy: 475.5 (40) keV


----------------------------------------
Ratios of relative capture probabilities

PL1/PK =  0.1764 (5)
PL2/PK =  0.008924 (33)
PM1/PK =  0.04380 (23)
PM2/PK =  0.002461 (15)
PN1/PK =  0.01155 (10)
PN2/PK =  6.38E-4 (6)
PO1/PK =  0.001865 (19)
PO2/PK =  7.83E-5 (8)
PP1/PK =  1.562E-4 (16)

L/K =  0.1853 (6)
M/K =  0.04626 (25)
N/K =  0.01218 (10)
O/K =  0.001943 (20)
P/K =  1.562E-4 (16)


------------------------------
Relative capture probabilities

PK  =  0.8027 (6)
PL1 =  0.14156 (32)
PL2 =  0.007163 (21)
PM1 =  0.03516 (16)
PM2 =  0.001976 (10)
PN1 =  0.00927 (7)
PN2 =  5.121E-4 (43)
PO1 =  0.001497 (14)
PO2 =  6.29E-5 (6)
PP1 =  1.254E-4 (12)

K =  0.8027 (6)
L =  0.14872 (34)
M =  0.03713 (17)
N =  0.00978 (8)
O =  0.001560 (15)
P =  1.254E-4 (12)


------------------------------
Capture branch from input data

Iec =   0.121 (14) %


---------------------
Capture probabilities

PK  =  0.8027 (6)
PL1  =  0.14156 (32)
PL2  =  0.007163 (21)
PM1  =  0.03516 (16)
PM2  =  0.001976 (10)
PN1  =  0.00927 (7)
PN2  =  5.121E-4 (43)
PO1  =  0.001497 (14)
PO2  =  6.29E-5 (6)
PP1  =  1.254E-4 (12)

K =  0.8027 (6)
L =  0.14872 (34)
M =  0.03713 (17)
N =  0.00978 (8)
O =  0.001560 (15)
P =  1.254E-4 (12)


------------------------------------------------------------
Input log ft value (ec): 9.9

Log ft value (ec)    =  9.79 (5)
with log f           =  0.435 (9)
and log partial T1/2 =  9.36 (5)

