--------------------------------------------------------------------------------------

BetaShape
Version: 2.2 (05/2021)
Author: X. Mougeot (xavier.mougeot@cea.fr)
CEA, LIST, Laboratoire National Henri Becquerel (LNHB), Gif-sur-Yvette F-91191, France
Please cite: X. Mougeot, Applied Radiation and Isotopes 154 (2019) 108884

--------------------------------------------------------------------------------------

Parent nucleus: 70-Yb-169 [7/2+] g.s.  -->  Daughter nucleus: 69-Tm-169 [5/2-] 345.03 keV
The 1st forbidden non-unique transition from the electron capture decay of Yb-169 is calculated as allowed

Transition energy: 564.0 (40) keV


----------------------------------------
Ratios of relative capture probabilities

PL1/PK =  0.16993 (41)
PL2/PK =  0.008603 (27)
PM1/PK =  0.04199 (19)
PM2/PK =  0.002361 (13)
PN1/PK =  0.01105 (9)
PN2/PK =  6.11E-4 (5)
PO1/PK =  0.001785 (17)
PO2/PK =  7.50E-5 (8)
PP1/PK =  1.495E-4 (14)

L/K =  0.17853 (43)
M/K =  0.04435 (21)
N/K =  0.01167 (9)
O/K =  0.001860 (17)
P/K =  1.495E-4 (14)


------------------------------
Relative capture probabilities

PK  =  0.80870 (49)
PL1 =  0.13742 (25)
PL2 =  0.006957 (17)
PM1 =  0.03395 (14)
PM2 =  0.001909 (9)
PN1 =  0.00894 (6)
PN2 =  4.943E-4 (39)
PO1 =  0.001444 (13)
PO2 =  6.07E-5 (6)
PP1 =  1.209E-4 (10)

K =  0.80870 (49)
L =  0.14438 (26)
M =  0.03586 (15)
N =  0.00943 (7)
O =  0.001504 (13)
P =  1.209E-4 (10)


------------------------------
Capture branch from input data

Iec =   0.0138 (13) %


---------------------
Capture probabilities

PK  =  0.80870 (49)
PL1  =  0.13742 (25)
PL2  =  0.006957 (17)
PM1  =  0.03395 (14)
PM2  =  0.001909 (9)
PN1  =  0.00894 (6)
PN2  =  4.943E-4 (39)
PO1  =  0.001444 (13)
PO2  =  6.07E-5 (6)
PP1  =  1.209E-4 (10)

K =  0.80870 (49)
L =  0.14438 (26)
M =  0.03586 (15)
N =  0.00943 (7)
O =  0.001504 (13)
P =  1.209E-4 (10)


------------------------------------------------------------
Input log ft value (ec): 11.

Log ft value (ec)    =  10.901 (42)
with log f           =  0.599 (8)
and log partial T1/2 =  10.302 (41)

