--------------------------------------------------------------------------------------

BetaShape
Version: 2.2 (05/2021)
Author: X. Mougeot (xavier.mougeot@cea.fr)
CEA, LIST, Laboratoire National Henri Becquerel (LNHB), Gif-sur-Yvette F-91191, France
Please cite: X. Mougeot, Applied Radiation and Isotopes 154 (2019) 108884

--------------------------------------------------------------------------------------

Parent nucleus: 70-Yb-169 [7/2+] g.s.  -->  Daughter nucleus: 69-Tm-169 [5/2+] 781.8 keV
Calculation of the allowed transition from the electron capture decay of Yb-169

Transition energy: 127.2 (40) keV


----------------------------------------
Ratios of relative capture probabilities

PL1/PK =  0.415 (22)
PL2/PK =  0.0211 (12)
PM1/PK =  0.113 (7)
PM2/PK =  0.00637 (39)
PN1/PK =  0.0305 (20)
PN2/PK =  0.00168 (11)
PO1/PK =  0.00495 (33)
PO2/PK =  2.07E-4 (14)
PP1/PK =  4.15E-4 (28)

L/K =  0.437 (23)
M/K =  0.120 (7)
N/K =  0.0322 (21)
O/K =  0.00516 (35)
P/K =  4.15E-4 (28)


------------------------------
Relative capture probabilities

PK  =  0.627 (13)
PL1 =  0.261 (8)
PL2 =  0.01323 (44)
PM1 =  0.0711 (28)
PM2 =  0.00400 (16)
PN1 =  0.0191 (8)
PN2 =  0.001056 (46)
PO1 =  0.00311 (14)
PO2 =  1.30E-4 (6)
PP1 =  2.60E-4 (12)

K =  0.627 (13)
L =  0.274 (9)
M =  0.0751 (29)
N =  0.0202 (9)
O =  0.00324 (15)
P =  2.60E-4 (12)


------------------------------
Capture branch from input data

Iec =   0.00450 (30) %


---------------------
Capture probabilities

PK  =  0.627 (13)
PL1  =  0.261 (8)
PL2  =  0.01323 (44)
PM1  =  0.0711 (28)
PM2  =  0.00400 (16)
PN1  =  0.0191 (8)
PN2  =  0.001056 (46)
PO1  =  0.00311 (14)
PO2  =  1.30E-4 (6)
PP1  =  2.60E-4 (12)

K =  0.627 (13)
L =  0.274 (9)
M =  0.0751 (29)
N =  0.0202 (9)
O =  0.00324 (15)
P =  2.60E-4 (12)


------------------------------------------------------------
Input log ft value (ec): 10.5

Log ft value (ec)    =  9.76 (5)
with log f           =  -1.028 (45)
and log partial T1/2 =  10.789 (29)

