--------------------------------------------------------------------------------------

BetaShape
Version: 2.2 (05/2021)
Author: X. Mougeot (xavier.mougeot@cea.fr)
CEA, LIST, Laboratoire National Henri Becquerel (LNHB), Gif-sur-Yvette F-91191, France
Please cite: X. Mougeot, Applied Radiation and Isotopes 154 (2019) 108884

--------------------------------------------------------------------------------------

Parent nucleus: 70-Yb-169 [7/2+] g.s.  -->  Daughter nucleus: 69-Tm-169 [5/2+] 633.3 keV
Calculation of the allowed transition from the electron capture decay of Yb-169

Transition energy: 275.7 (40) keV


----------------------------------------
Ratios of relative capture probabilities

PL1/PK =  0.2121 (17)
PL2/PK =  0.01073 (9)
PM1/PK =  0.0540 (6)
PM2/PK =  0.003030 (35)
PN1/PK =  0.01431 (20)
PN2/PK =  7.89E-4 (12)
PO1/PK =  0.002314 (37)
PO2/PK =  9.70E-5 (16)
PP1/PK =  1.938E-4 (30)

L/K =  0.2229 (18)
M/K =  0.0570 (6)
N/K =  0.01510 (21)
O/K =  0.002411 (38)
P/K =  1.938E-4 (30)


------------------------------
Relative capture probabilities

PK  =  0.7707 (16)
PL1 =  0.1635 (10)
PL2 =  0.00827 (5)
PM1 =  0.04160 (37)
PM2 =  0.002335 (22)
PN1 =  0.01103 (13)
PN2 =  6.08E-4 (8)
PO1 =  0.001783 (25)
PO2 =  7.48E-5 (11)
PP1 =  1.494E-4 (20)

K =  0.7707 (16)
L =  0.1717 (10)
M =  0.04394 (39)
N =  0.01163 (14)
O =  0.001858 (26)
P =  1.494E-4 (20)


------------------------------
Capture branch from input data

Iec =   0.01090 (40) %


---------------------
Capture probabilities

PK  =  0.7707 (16)
PL1  =  0.1635 (10)
PL2  =  0.00827 (5)
PM1  =  0.04160 (37)
PM2  =  0.002335 (22)
PN1  =  0.01103 (13)
PN2  =  6.08E-4 (8)
PO1  =  0.001783 (25)
PO2  =  7.48E-5 (11)
PP1  =  1.494E-4 (20)

K =  0.7707 (16)
L =  0.1717 (10)
M =  0.04394 (39)
N =  0.01163 (14)
O =  0.001858 (26)
P =  1.494E-4 (20)


------------------------------------------------------------
Input log ft value (ec): 10.3

Log ft value (ec)    =  10.290 (23)
with log f           =  -0.115 (17)
and log partial T1/2 =  10.404 (16)

