--------------------------------------------------------------------------------------

BetaShape
Version: 2.2 (05/2021)
Author: X. Mougeot (xavier.mougeot@cea.fr)
CEA, LIST, Laboratoire National Henri Becquerel (LNHB), Gif-sur-Yvette F-91191, France
Please cite: X. Mougeot, Applied Radiation and Isotopes 154 (2019) 108884

--------------------------------------------------------------------------------------

Parent nucleus: 70-Yb-169 [7/2+] g.s.  -->  Daughter nucleus: 69-Tm-169 [9/2-] 472.88 keV
The 1st forbidden non-unique transition from the electron capture decay of Yb-169 is calculated as allowed

Transition energy: 436.1 (40) keV


----------------------------------------
Ratios of relative capture probabilities

PL1/PK =  0.1802 (6)
PL2/PK =  0.009119 (38)
PM1/PK =  0.04490 (26)
PM2/PK =  0.002523 (17)
PN1/PK =  0.01184 (11)
PN2/PK =  6.54E-4 (6)
PO1/PK =  0.001913 (20)
PO2/PK =  8.03E-5 (9)
PP1/PK =  1.602E-4 (17)

L/K =  0.1894 (7)
M/K =  0.04742 (28)
N/K =  0.01250 (11)
O/K =  0.001994 (21)
P/K =  1.602E-4 (17)


------------------------------
Relative capture probabilities

PK  =  0.7991 (7)
PL1 =  0.14403 (37)
PL2 =  0.007287 (24)
PM1 =  0.03588 (18)
PM2 =  0.002016 (11)
PN1 =  0.00946 (8)
PN2 =  5.227E-4 (46)
PO1 =  0.001529 (15)
PO2 =  6.42E-5 (7)
PP1 =  1.280E-4 (12)

K =  0.7991 (7)
L =  0.15131 (40)
M =  0.03789 (19)
N =  0.00999 (8)
O =  0.001593 (16)
P =  1.280E-4 (12)


------------------------------
Capture branch from input data

Iec =   12.60 (30) %


---------------------
Capture probabilities

PK  =  0.7991 (7)
PL1  =  0.14403 (37)
PL2  =  0.007287 (24)
PM1  =  0.03588 (18)
PM2  =  0.002016 (11)
PN1  =  0.00946 (8)
PN2  =  5.227E-4 (46)
PO1  =  0.001529 (15)
PO2  =  6.42E-5 (7)
PP1  =  1.280E-4 (12)

K =  0.7991 (7)
L =  0.15131 (40)
M =  0.03789 (19)
N =  0.00999 (8)
O =  0.001593 (16)
P =  1.280E-4 (12)


------------------------------------------------------------
Input log ft value (ec): 7.6

Log ft value (ec)    =  7.692 (14)
with log f           =  0.351 (10)
and log partial T1/2 =  7.342 (10)

