--------------------------------------------------------------------------------------

BetaShape
Version: 2.2 (05/2021)
Author: X. Mougeot (xavier.mougeot@cea.fr)
CEA, LIST, Laboratoire National Henri Becquerel (LNHB), Gif-sur-Yvette F-91191, France
Please cite: X. Mougeot, Applied Radiation and Isotopes 154 (2019) 108884

--------------------------------------------------------------------------------------

Parent nucleus: 70-Yb-169 [7/2+] g.s.  -->  Daughter nucleus: 69-Tm-169 [7/2-] 379.27 keV
The 1st forbidden non-unique transition from the electron capture decay of Yb-169 is calculated as allowed

Transition energy: 529.7 (40) keV


----------------------------------------
Ratios of relative capture probabilities

PL1/PK =  0.17211 (45)
PL2/PK =  0.008712 (29)
PM1/PK =  0.04260 (21)
PM2/PK =  0.002395 (13)
PN1/PK =  0.01122 (9)
PN2/PK =  6.20E-4 (5)
PO1/PK =  0.001812 (17)
PO2/PK =  7.61E-5 (8)
PP1/PK =  1.518E-4 (14)

L/K =  0.18082 (48)
M/K =  0.04500 (22)
N/K =  0.01184 (9)
O/K =  0.001888 (18)
P/K =  1.518E-4 (14)


------------------------------
Relative capture probabilities

PK  =  0.8066 (5)
PL1 =  0.13883 (27)
PL2 =  0.007028 (18)
PM1 =  0.03436 (14)
PM2 =  0.001932 (9)
PN1 =  0.00905 (7)
PN2 =  5.004E-4 (40)
PO1 =  0.001462 (13)
PO2 =  6.14E-5 (6)
PP1 =  1.224E-4 (11)

K =  0.8066 (5)
L =  0.14586 (29)
M =  0.03630 (15)
N =  0.00955 (7)
O =  0.001523 (14)
P =  1.224E-4 (11)


------------------------------
Capture branch from input data

Iec =   82.2 (18) %


---------------------
Capture probabilities

PK  =  0.8066 (5)
PL1  =  0.13883 (27)
PL2  =  0.007028 (18)
PM1  =  0.03436 (14)
PM2  =  0.001932 (9)
PN1  =  0.00905 (7)
PN2  =  5.004E-4 (40)
PO1  =  0.001462 (13)
PO2  =  6.14E-5 (6)
PP1  =  1.224E-4 (11)

K =  0.8066 (5)
L =  0.14586 (29)
M =  0.03630 (15)
N =  0.00955 (7)
O =  0.001523 (14)
P =  1.224E-4 (11)


------------------------------------------------------------
Input log ft value (ec): 7.

Log ft value (ec)    =  7.066 (13)
with log f           =  0.539 (8)
and log partial T1/2 =  6.527 (10)

