--------------------------------------------------------------------------------------

BetaShape
Version: 2.2 (05/2021)
Author: X. Mougeot (xavier.mougeot@cea.fr)
CEA, LIST, Laboratoire National Henri Becquerel (LNHB), Gif-sur-Yvette F-91191, France
Please cite: X. Mougeot, Applied Radiation and Isotopes 154 (2019) 108884

--------------------------------------------------------------------------------------

Parent nucleus: 70-Yb-169 [7/2+] g.s.  -->  Daughter nucleus: 69-Tm-169 [9/2-] 430.12 keV
The 1st forbidden non-unique transition from the electron capture decay of Yb-169 is calculated as allowed

Transition energy: 478.9 (40) keV


----------------------------------------
Ratios of relative capture probabilities

PL1/PK =  0.1761 (5)
PL2/PK =  0.008909 (33)
PM1/PK =  0.04372 (23)
PM2/PK =  0.002457 (15)
PN1/PK =  0.01152 (10)
PN2/PK =  6.37E-4 (6)
PO1/PK =  0.001861 (19)
PO2/PK =  7.82E-5 (8)
PP1/PK =  1.559E-4 (16)

L/K =  0.1850 (6)
M/K =  0.04617 (25)
N/K =  0.01216 (10)
O/K =  0.001939 (20)
P/K =  1.559E-4 (16)


------------------------------
Relative capture probabilities

PK  =  0.8030 (6)
PL1 =  0.14136 (32)
PL2 =  0.007154 (21)
PM1 =  0.03510 (16)
PM2 =  0.001973 (10)
PN1 =  0.00925 (7)
PN2 =  5.112E-4 (43)
PO1 =  0.001495 (14)
PO2 =  6.28E-5 (6)
PP1 =  1.252E-4 (12)

K =  0.8030 (6)
L =  0.14852 (34)
M =  0.03707 (17)
N =  0.00976 (8)
O =  0.001557 (15)
P =  1.252E-4 (12)


------------------------------
Capture branch from input data

Iec =   0.00440 (10) %


---------------------
Capture probabilities

PK  =  0.8030 (6)
PL1  =  0.14136 (32)
PL2  =  0.007154 (21)
PM1  =  0.03510 (16)
PM2  =  0.001973 (10)
PN1  =  0.00925 (7)
PN2  =  5.112E-4 (43)
PO1  =  0.001495 (14)
PO2  =  6.28E-5 (6)
PP1  =  1.252E-4 (12)

K =  0.8030 (6)
L =  0.14852 (34)
M =  0.03707 (17)
N =  0.00976 (8)
O =  0.001557 (15)
P =  1.252E-4 (12)


------------------------------------------------------------
Input log ft value (ec): 11.2

Log ft value (ec)    =  11.240 (13)
with log f           =  0.442 (9)
and log partial T1/2 =  10.798 (10)

