--------------------------------------------------------------------------------------

BetaShape
Version: 2.2 (05/2021)
Author: X. Mougeot (xavier.mougeot@cea.fr)
CEA, LIST, Laboratoire National Henri Becquerel (LNHB), Gif-sur-Yvette F-91191, France
Please cite: X. Mougeot, Applied Radiation and Isotopes 154 (2019) 108884

--------------------------------------------------------------------------------------

Parent nucleus: 70-Yb-169 [7/2+] g.s.  -->  Daughter nucleus: 69-Tm-169 [3/2-] 474.97 keV
Calculation of the 1st forbidden unique transition from the electron capture decay of Yb-169

Transition energy: 434.0 (40) keV


----------------------------------------
Ratios of relative capture probabilities

PL1/PK =  0.2306 (14)
PL2/PK =  0.01166 (8)
PL3/PK =  0.0259 (7)
PM1/PK =  0.0596 (5)
PM2/PK =  0.003341 (32)
PM3/PK =  0.00725 (21)
PN1/PK =  0.01584 (19)
PM4/PK =  3.88E-5 (12)
PN2/PK =  8.73E-4 (11)
PN3/PK =  0.00170 (6)
PO1/PK =  0.002564 (35)
PN4/PK =  1.013E-5 (34)
PO2/PK =  1.074E-4 (15)
PO3/PK =  1.65E-4 (6)
PP1/PK =  2.147E-4 (29)

L/K =  0.2681 (21)
M/K =  0.0702 (8)
N/K =  0.01842 (26)
O/K =  0.002836 (42)
P/K =  2.147E-4 (29)


------------------------------
Relative capture probabilities

PK  =  0.7354 (17)
PL1 =  0.1696 (6)
PL2 =  0.008578 (37)
PL3 =  0.01902 (46)
PM1 =  0.04380 (28)
PM2 =  0.002457 (17)
PM3 =  0.00533 (14)
PN1 =  0.01165 (11)
PM4 =  2.85E-5 (8)
PN2 =  6.42E-4 (7)
PN3 =  0.001247 (38)
PO1 =  0.001885 (21)
PN4 =  7.45E-6 (23)
PO2 =  7.90E-5 (9)
PO3 =  1.216E-4 (38)
PP1 =  1.579E-4 (18)

K =  0.7354 (17)
L =  0.1972 (11)
M =  0.05162 (44)
N =  0.01355 (16)
O =  0.002086 (26)
P =  1.579E-4 (18)


------------------------------
Capture branch from input data

Iec =   3.44E-4 (7) %


---------------------
Capture probabilities

PK  =  0.7354 (17)
PL1  =  0.1696 (6)
PL2  =  0.008578 (37)
PL3  =  0.01902 (46)
PM1  =  0.04380 (28)
PM2  =  0.002457 (17)
PM3  =  0.00533 (14)
PN1  =  0.01165 (11)
PM4  =  2.85E-5 (8)
PN2  =  6.42E-4 (7)
PN3  =  0.001247 (38)
PO1  =  0.001885 (21)
PN4  =  7.45E-6 (23)
PO2  =  7.90E-5 (9)
PO3  =  1.216E-4 (38)
PP1  =  1.579E-4 (18)

K =  0.7354 (17)
L =  0.1972 (11)
M =  0.05162 (44)
N =  0.01355 (16)
O =  0.002086 (26)
P =  1.579E-4 (18)


------------------------------------------------------------
Input log ft value (ec): 12.

Log ft value (ec)    =  12.019 (21)
with log f           =  0.114 (19)
and log partial T1/2 =  11.905 (9)

