--------------------------------------------------------------------------------------

BetaShape
Version: 2.2 (05/2021)
Author: X. Mougeot (xavier.mougeot@cea.fr)
CEA, LIST, Laboratoire National Henri Becquerel (LNHB), Gif-sur-Yvette F-91191, France
Please cite: X. Mougeot, Applied Radiation and Isotopes 154 (2019) 108884

--------------------------------------------------------------------------------------

Parent nucleus: 70-Yb-169 [7/2+] g.s.  -->  Daughter nucleus: 69-Tm-169 [7/2+] 316.15 keV
Calculation of the allowed transition from the electron capture decay of Yb-169

Transition energy: 592.9 (40) keV


----------------------------------------
Ratios of relative capture probabilities

PL1/PK =  0.16831 (38)
PL2/PK =  0.008523 (25)
PM1/PK =  0.04153 (19)
PM2/PK =  0.002336 (12)
PN1/PK =  0.01093 (8)
PN2/PK =  6.05E-4 (5)
PO1/PK =  0.001765 (16)
PO2/PK =  7.42E-5 (7)
PP1/PK =  1.478E-4 (13)

L/K =  0.17683 (40)
M/K =  0.04386 (20)
N/K =  0.01154 (9)
O/K =  0.001839 (17)
P/K =  1.478E-4 (13)


------------------------------
Relative capture probabilities

PK  =  0.81023 (46)
PL1 =  0.13637 (23)
PL2 =  0.006905 (16)
PM1 =  0.03365 (13)
PM2 =  0.001893 (9)
PN1 =  0.00886 (6)
PN2 =  4.898E-4 (38)
PO1 =  0.001430 (12)
PO2 =  6.01E-5 (6)
PP1 =  1.198E-4 (10)

K =  0.81023 (46)
L =  0.14327 (24)
M =  0.03554 (14)
N =  0.00935 (7)
O =  0.001490 (13)
P =  1.198E-4 (10)


------------------------------
Capture branch from input data

Iec =   5.1 (19) %


---------------------
Capture probabilities

PK  =  0.81023 (46)
PL1  =  0.13637 (23)
PL2  =  0.006905 (16)
PM1  =  0.03365 (13)
PM2  =  0.001893 (9)
PN1  =  0.00886 (6)
PN2  =  4.898E-4 (38)
PO1  =  0.001430 (12)
PO2  =  6.01E-5 (6)
PP1  =  1.198E-4 (10)

K =  0.81023 (46)
L =  0.14327 (24)
M =  0.03554 (14)
N =  0.00935 (7)
O =  0.001490 (13)
P =  1.198E-4 (10)


------------------------------------------------------------
Input log ft value (ec): 8.33

Log ft value (ec)    =  8.38 (16)
with log f           =  0.647 (7)
and log partial T1/2 =  7.73 (16)

