--------------------------------------------------------------------------------------

BetaShape
Version: 2.2 (05/2021)
Author: X. Mougeot (xavier.mougeot@cea.fr)
CEA, LIST, Laboratoire National Henri Becquerel (LNHB), Gif-sur-Yvette F-91191, France
Please cite: X. Mougeot, Applied Radiation and Isotopes 154 (2019) 108884

--------------------------------------------------------------------------------------

Parent nucleus: 70-Yb-169 [7/2+] g.s.  -->  Daughter nucleus: 69-Tm-169 [7/2-] 646.76 keV
The 1st forbidden non-unique transition from the electron capture decay of Yb-169 is calculated as allowed

Transition energy: 262.2 (40) keV


----------------------------------------
Ratios of relative capture probabilities

PL1/PK =  0.2173 (19)
PL2/PK =  0.01099 (10)
PM1/PK =  0.0555 (7)
PM2/PK =  0.003113 (39)
PN1/PK =  0.01471 (22)
PN2/PK =  8.12E-4 (13)
PO1/PK =  0.002380 (40)
PO2/PK =  9.98E-5 (17)
PP1/PK =  1.993E-4 (33)

L/K =  0.2283 (20)
M/K =  0.0586 (7)
N/K =  0.01552 (24)
O/K =  0.002479 (42)
P/K =  1.993E-4 (33)


------------------------------
Relative capture probabilities

PK  =  0.7662 (17)
PL1 =  0.1665 (11)
PL2 =  0.00842 (6)
PM1 =  0.04250 (40)
PM2 =  0.002386 (24)
PN1 =  0.01127 (14)
PN2 =  6.22E-4 (8)
PO1 =  0.001823 (26)
PO2 =  7.64E-5 (12)
PP1 =  1.527E-4 (22)

K =  0.7662 (17)
L =  0.1749 (11)
M =  0.04489 (43)
N =  0.01189 (15)
O =  0.001900 (28)
P =  1.527E-4 (22)


------------------------------
Capture branch from input data

Iec =   1.3E-4 (7) %


---------------------
Capture probabilities

PK  =  0.7662 (17)
PL1  =  0.1665 (11)
PL2  =  0.00842 (6)
PM1  =  0.04250 (40)
PM2  =  0.002386 (24)
PN1  =  0.01127 (14)
PN2  =  6.22E-4 (8)
PO1  =  0.001823 (26)
PO2  =  7.64E-5 (12)
PP1  =  1.527E-4 (22)

K =  0.7662 (17)
L =  0.1749 (11)
M =  0.04489 (43)
N =  0.01189 (15)
O =  0.001900 (28)
P =  1.527E-4 (22)


------------------------------------------------------------
Input log ft value (ec): 12.

Log ft value (ec)    =  12.16 (23)
with log f           =  -0.168 (17)
and log partial T1/2 =  12.33 (23)

