--------------------------------------------------------------------------------------

BetaShape
Version: 2.2 (05/2021)
Author: X. Mougeot (xavier.mougeot@cea.fr)
CEA, LIST, Laboratoire National Henri Becquerel (LNHB), Gif-sur-Yvette F-91191, France
Please cite: X. Mougeot, Applied Radiation and Isotopes 154 (2019) 108884

--------------------------------------------------------------------------------------

Parent nucleus: 70-Yb-169 [7/2+] g.s.  -->  Daughter nucleus: 69-Tm-169 [3/2+] 570.83 keV
The 2nd forbidden non-unique transition from the electron capture decay of Yb-169 is calculated as 1st forbidden unique

Transition energy: 338.2 (40) keV


----------------------------------------
Ratios of relative capture probabilities

PL1/PK =  0.2693 (26)
PL2/PK =  0.01363 (14)
PL3/PK =  0.0505 (18)
PM1/PK =  0.0710 (9)
PM2/PK =  0.00398 (5)
PM3/PK =  0.0143 (6)
PN1/PK =  0.01898 (31)
PM4/PK =  7.64E-5 (31)
PN2/PK =  0.001046 (18)
PN3/PK =  0.00335 (14)
PO1/PK =  0.00307 (6)
PN4/PK =  2.00E-5 (9)
PO2/PK =  1.287E-4 (24)
PO3/PK =  3.26E-4 (14)
PP1/PK =  2.576E-4 (46)

L/K =  0.3334 (46)
M/K =  0.0894 (15)
N/K =  0.02339 (47)
O/K =  0.00353 (7)
P/K =  2.576E-4 (46)


------------------------------
Relative capture probabilities

PK  =  0.6897 (31)
PL1 =  0.1857 (9)
PL2 =  0.00940 (5)
PL3 =  0.0348 (11)
PM1 =  0.04897 (40)
PM2 =  0.002748 (25)
PM3 =  0.00986 (34)
PN1 =  0.01309 (15)
PM4 =  5.27E-5 (19)
PN2 =  7.21E-4 (9)
PN3 =  0.00231 (9)
PO1 =  0.002120 (28)
PN4 =  1.38E-5 (5)
PO2 =  8.88E-5 (12)
PO3 =  2.25E-4 (9)
PP1 =  1.776E-4 (23)

K =  0.6897 (31)
L =  0.2299 (21)
M =  0.0616 (8)
N =  0.01613 (25)
O =  0.002434 (38)
P =  1.776E-4 (23)


------------------------------
Capture branch from input data

Iec =   3.0E-4 (6) %


---------------------
Capture probabilities

PK  =  0.6897 (31)
PL1  =  0.1857 (9)
PL2  =  0.00940 (5)
PL3  =  0.0348 (11)
PM1  =  0.04897 (40)
PM2  =  0.002748 (25)
PM3  =  0.00986 (34)
PN1  =  0.01309 (15)
PM4  =  5.27E-5 (19)
PN2  =  7.21E-4 (9)
PN3  =  0.00231 (9)
PO1  =  0.002120 (28)
PN4  =  1.38E-5 (5)
PO2  =  8.88E-5 (12)
PO3  =  2.25E-4 (9)
PP1  =  1.776E-4 (23)

K =  0.6897 (31)
L =  0.2299 (21)
M =  0.0616 (8)
N =  0.01613 (25)
O =  0.002434 (38)
P =  1.776E-4 (23)


------------------------------------------------------------
Input log ft value (ec): 12.

Log ft value (ec)    =  11.59 (9)
with log f           =  -0.371 (25)
and log partial T1/2 =  11.96 (9)

