--------------------------------------------------------------------------------------

BetaShape
Version: 2.2 (05/2021)
Author: X. Mougeot (xavier.mougeot@cea.fr)
CEA, LIST, Laboratoire National Henri Becquerel (LNHB), Gif-sur-Yvette F-91191, France
Please cite: X. Mougeot, Applied Radiation and Isotopes 154 (2019) 108884

--------------------------------------------------------------------------------------

Parent nucleus: 83-Bi-207 [9/2-] g.s.  -->  Daughter nucleus: 82-Pb-207 [13/2+] 1633.368 (5) keV
Calculation of the 1st forbidden unique transition from the electron capture decay of Bi-207

Transition energy: 764.1 (21) keV


----------------------------------------
Ratios of relative capture probabilities

PL1/PK =  0.23779 (48)
PL2/PK =  0.01932 (25)
PL3/PK =  0.00938 (15)
PM1/PK =  0.05926 (24)
PM2/PK =  0.00526 (6)
PM3/PK =  0.002519 (44)
PN1/PK =  0.01707 (12)
PM4/PK =  1.966E-5 (31)
PN2/PK =  0.001491 (12)
PN3/PK =  6.79E-4 (14)
PO1/PK =  0.004270 (48)
PN4/PK =  5.76E-6 (11)
PO2/PK =  3.411E-4 (14)
PO3/PK =  1.365E-4 (35)
PP1/PK =  5.66E-4 (10)
PO4/PK =  7.36E-7 (19)
PP2/PK =  2.471E-5 (26)
PP3/PK =  1.191E-6 (33)

L/K =  0.26649 (42)
M/K =  0.06706 (24)
N/K =  0.01924 (13)
O/K =  0.00475 (5)
P/K =  5.92E-4 (10)


------------------------------
Relative capture probabilities

PK  =  0.73631 (46)
PL1 =  0.17508 (24)
PL2 =  0.01423 (18)
PL3 =  0.00691 (10)
PM1 =  0.04363 (15)
PM2 =  0.003871 (42)
PM3 =  0.001855 (32)
PN1 =  0.01257 (8)
PM4 =  1.447E-5 (22)
PN2 =  0.001098 (9)
PN3 =  5.00E-4 (10)
PO1 =  0.003144 (33)
PN4 =  4.24E-6 (8)
PO2 =  2.512E-4 (10)
PO3 =  1.005E-4 (25)
PP1 =  4.17E-4 (7)
PO4 =  5.42E-7 (13)
PP2 =  1.819E-5 (18)
PP3 =  8.77E-7 (23)

K =  0.73631 (46)
L =  0.19622 (21)
M =  0.04938 (15)
N =  0.01417 (9)
O =  0.003496 (35)
P =  4.36E-4 (7)


------------------------------
Capture branch from input data

Iec =   84.1 (6) %


---------------------
Capture probabilities

PK  =  0.73631 (46)
PL1  =  0.17508 (24)
PL2  =  0.01423 (18)
PL3  =  0.00691 (10)
PM1  =  0.04363 (15)
PM2  =  0.003871 (42)
PM3  =  0.001855 (32)
PN1  =  0.01257 (8)
PM4  =  1.447E-5 (22)
PN2  =  0.001098 (9)
PN3  =  5.00E-4 (10)
PO1  =  0.003144 (33)
PN4  =  4.24E-6 (8)
PO2  =  2.512E-4 (10)
PO3  =  1.005E-4 (25)
PP1  =  4.17E-4 (7)
PO4  =  5.42E-7 (13)
PP2  =  1.819E-5 (18)
PP3  =  8.77E-7 (23)

K =  0.73631 (46)
L =  0.19622 (21)
M =  0.04938 (15)
N =  0.01417 (9)
O =  0.003496 (35)
P =  4.36E-4 (7)


------------------------------------------------------------
Input log ft value (ec): 10.58

Log ft value (ec)    =  10.681 (22)
with log f           =  1.589 (12)
and log partial T1/2 =  9.091 (19)

