--------------------------------------------------------------------------------------

BetaShape
Version: 2.2 (05/2021)
Author: X. Mougeot (xavier.mougeot@cea.fr)
CEA, LIST, Laboratoire National Henri Becquerel (LNHB), Gif-sur-Yvette F-91191, France
Please cite: X. Mougeot, Applied Radiation and Isotopes 154 (2019) 108884

--------------------------------------------------------------------------------------

Parent nucleus: 77-Ir-192 [4+] g.s.  -->  Daughter nucleus: 76-Os-192 [4+] 909.58 (6) keV
Calculation of the allowed transition from the electron capture decay of Ir-192

Transition energy: 136.6 (23) keV


----------------------------------------
Ratios of relative capture probabilities

PL1/PK =  0.574 (22)
PL2/PK =  0.0379 (15)
PM1/PK =  0.157 (7)
PM2/PK =  0.0113 (5)
PN1/PK =  0.0445 (21)
PN2/PK =  0.00315 (15)
PO1/PK =  0.00966 (48)
PO2/PK =  5.98E-4 (31)
PP1/PK =  7.80E-4 (40)

L/K =  0.612 (23)
M/K =  0.168 (7)
N/K =  0.0476 (22)
O/K =  0.0103 (5)
P/K =  7.80E-4 (40)


------------------------------
Relative capture probabilities

PK  =  0.544 (10)
PL1 =  0.312 (6)
PL2 =  0.02063 (43)
PM1 =  0.0854 (21)
PM2 =  0.00617 (16)
PN1 =  0.0242 (7)
PN2 =  0.00171 (5)
PO1 =  0.00525 (16)
PO2 =  3.25E-4 (11)
PP1 =  4.24E-4 (14)

K =  0.544 (10)
L =  0.333 (7)
M =  0.0916 (22)
N =  0.0259 (7)
O =  0.00558 (18)
P =  4.24E-4 (14)


------------------------------
Capture branch from input data

Iec =   0.0950 (40) %


---------------------
Capture probabilities

PK  =  0.544 (10)
PL1  =  0.312 (6)
PL2  =  0.02063 (43)
PM1  =  0.0854 (21)
PM2  =  0.00617 (16)
PN1  =  0.0242 (7)
PN2  =  0.00171 (5)
PO1  =  0.00525 (16)
PO2  =  3.25E-4 (11)
PP1  =  4.24E-4 (14)

K =  0.544 (10)
L =  0.333 (7)
M =  0.0916 (22)
N =  0.0259 (7)
O =  0.00558 (18)
P =  4.24E-4 (14)


------------------------------------------------------------
Input log ft value (ec): 9.5

Log ft value (ec)    =  9.036 (32)
with log f           =  -0.791 (26)
and log partial T1/2 =  9.827 (18)

