--------------------------------------------------------------------------------------

BetaShape
Version: 2.2 (05/2021)
Author: X. Mougeot (xavier.mougeot@cea.fr)
CEA, LIST, Laboratoire National Henri Becquerel (LNHB), Gif-sur-Yvette F-91191, France
Please cite: X. Mougeot, Applied Radiation and Isotopes 154 (2019) 108884

--------------------------------------------------------------------------------------

Parent nucleus: 77-Ir-192 [4+] g.s.  -->  Daughter nucleus: 76-Os-192 [4+] 580.2798 (8) keV
Calculation of the allowed transition from the electron capture decay of Ir-192

Transition energy: 465.9 (23) keV


----------------------------------------
Ratios of relative capture probabilities

PL1/PK =  0.19998 (49)
PL2/PK =  0.013171 (49)
PM1/PK =  0.04907 (23)
PM2/PK =  0.003542 (21)
PN1/PK =  0.01356 (10)
PN2/PK =  9.61E-4 (8)
PO1/PK =  0.002928 (31)
PO2/PK =  1.816E-4 (22)
PP1/PK =  2.363E-4 (28)

L/K =  0.2131 (5)
M/K =  0.05261 (25)
N/K =  0.01452 (11)
O/K =  0.003109 (33)
P/K =  2.363E-4 (28)


------------------------------
Relative capture probabilities

PK  =  0.7790 (6)
PL1 =  0.15579 (27)
PL2 =  0.010261 (30)
PM1 =  0.03823 (15)
PM2 =  0.002760 (14)
PN1 =  0.01056 (7)
PN2 =  7.49E-4 (6)
PO1 =  0.002281 (22)
PO2 =  1.414E-4 (16)
PP1 =  1.841E-4 (21)

K =  0.7790 (6)
L =  0.16605 (30)
M =  0.04099 (16)
N =  0.01131 (8)
O =  0.002422 (24)
P =  1.841E-4 (21)


------------------------------
Capture branch from input data

Iec =   0.686 (9) %


---------------------
Capture probabilities

PK  =  0.7790 (6)
PL1  =  0.15579 (27)
PL2  =  0.010261 (30)
PM1  =  0.03823 (15)
PM2  =  0.002760 (14)
PN1  =  0.01056 (7)
PN2  =  7.49E-4 (6)
PO1  =  0.002281 (22)
PO2  =  1.414E-4 (16)
PP1  =  1.841E-4 (21)

K =  0.7790 (6)
L =  0.16605 (30)
M =  0.04099 (16)
N =  0.01131 (8)
O =  0.002422 (24)
P =  1.841E-4 (21)


------------------------------------------------------------
Input log ft value (ec): 9.5

Log ft value (ec)    =  9.606 (9)
with log f           =  0.638 (6)
and log partial T1/2 =  8.968 (6)

