--------------------------------------------------------------------------------------

BetaShape
Version: 2.2 (05/2021)
Author: X. Mougeot (xavier.mougeot@cea.fr)
CEA, LIST, Laboratoire National Henri Becquerel (LNHB), Gif-sur-Yvette F-91191, France
Please cite: X. Mougeot, Applied Radiation and Isotopes 154 (2019) 108884

--------------------------------------------------------------------------------------

Parent nucleus: 63-Eu-152 [3-] g.s.  -->  Daughter nucleus: 62-Sm-152 [3-] 1730.241 (22) keV
Calculation of the allowed transition from the electron capture decay of Eu-152

Transition energy: 144.1 (7) keV


----------------------------------------
Ratios of relative capture probabilities

PL1/PK =  0.2597 (14)
PL2/PK =  0.01015 (6)
PM1/PK =  0.0660 (6)
PM2/PK =  0.002830 (27)
PN1/PK =  0.01736 (22)
PN2/PK =  7.28E-4 (10)
PO1/PK =  0.002965 (44)
PO2/PK =  9.76E-5 (15)
PP1/PK =  2.869E-4 (42)

L/K =  0.2699 (14)
M/K =  0.0689 (6)
N/K =  0.01809 (23)
O/K =  0.003062 (45)
P/K =  2.869E-4 (42)


------------------------------
Relative capture probabilities

PK  =  0.7352 (12)
PL1 =  0.1910 (7)
PL2 =  0.007463 (33)
PM1 =  0.04855 (33)
PM2 =  0.002081 (16)
PN1 =  0.01276 (14)
PN2 =  5.35E-4 (6)
PO1 =  0.002180 (29)
PO2 =  7.18E-5 (10)
PP1 =  2.109E-4 (27)

K =  0.7352 (12)
L =  0.1984 (7)
M =  0.05063 (35)
N =  0.01330 (15)
O =  0.002251 (30)
P =  2.109E-4 (27)


------------------------------
Capture branch from input data

Iec =   0.0422 (12) %


---------------------
Capture probabilities

PK  =  0.7352 (12)
PL1  =  0.1910 (7)
PL2  =  0.007463 (33)
PM1  =  0.04855 (33)
PM2  =  0.002081 (16)
PN1  =  0.01276 (14)
PN2  =  5.35E-4 (6)
PO1  =  0.002180 (29)
PO2  =  7.18E-5 (10)
PP1  =  2.109E-4 (27)

K =  0.7352 (12)
L =  0.1984 (7)
M =  0.05063 (35)
N =  0.01330 (15)
O =  0.002251 (30)
P =  2.109E-4 (27)


------------------------------------------------------------
Input log ft value (ec): 10.9

Log ft value (ec)    =  10.975 (14)
with log f           =  -1.030 (7)
and log partial T1/2 =  12.005 (12)

