--------------------------------------------------------------------------------------

BetaShape
Version: 2.2 (05/2021)
Author: X. Mougeot (xavier.mougeot@cea.fr)
CEA, LIST, Laboratoire National Henri Becquerel (LNHB), Gif-sur-Yvette F-91191, France
Please cite: X. Mougeot, Applied Radiation and Isotopes 154 (2019) 108884

--------------------------------------------------------------------------------------

Parent nucleus: 63-Eu-152 [3-] g.s.  -->  Daughter nucleus: 62-Sm-152 [2+] 1085.8499 (23) keV
The 1st forbidden non-unique transition from the electron capture decay of Eu-152 is calculated as allowed

Transition energy: 788.5 (7) keV


----------------------------------------
Ratios of relative capture probabilities

PL1/PK =  0.14744 (18)
PL2/PK =  0.005772 (12)
PM1/PK =  0.03496 (14)
PM2/PK =  0.001505 (7)
PN1/PK =  0.00905 (7)
PN2/PK =  3.817E-4 (34)
PO1/PK =  0.001541 (16)
PO2/PK =  5.10E-5 (6)
PP1/PK =  1.490E-4 (15)

L/K =  0.15321 (19)
M/K =  0.03647 (15)
N/K =  0.00943 (8)
O/K =  0.001592 (16)
P/K =  1.490E-4 (15)


------------------------------
Relative capture probabilities

PK  =  0.83274 (30)
PL1 =  0.12278 (11)
PL2 =  0.004807 (8)
PM1 =  0.02911 (11)
PM2 =  0.001253 (6)
PN1 =  0.00754 (6)
PN2 =  3.178E-4 (27)
PO1 =  0.001283 (13)
PO2 =  4.250E-5 (45)
PP1 =  1.241E-4 (12)

K =  0.83274 (30)
L =  0.12759 (11)
M =  0.03037 (11)
N =  0.00785 (6)
O =  0.001326 (13)
P =  1.241E-4 (12)


------------------------------
Capture branch from input data

Iec =   21.35 (11) %


---------------------
Capture probabilities

PK  =  0.83274 (30)
PL1  =  0.12278 (11)
PL2  =  0.004807 (8)
PM1  =  0.02911 (11)
PM2  =  0.001253 (6)
PN1  =  0.00754 (6)
PN2  =  3.178E-4 (27)
PO1  =  0.001283 (13)
PO2  =  4.250E-5 (45)
PP1  =  1.241E-4 (12)

K =  0.83274 (30)
L =  0.12759 (11)
M =  0.03037 (11)
N =  0.00785 (6)
O =  0.001326 (13)
P =  1.241E-4 (12)


------------------------------------------------------------
Input log ft value (ec): 9.9

Log ft value (ec)    =  9.9780 (32)
with log f           =  0.6773 (22)
and log partial T1/2 =  9.3007 (23)

