--------------------------------------------------------------------------------------

BetaShape
Version: 2.2 (05/2021)
Author: X. Mougeot (xavier.mougeot@cea.fr)
CEA, LIST, Laboratoire National Henri Becquerel (LNHB), Gif-sur-Yvette F-91191, France
Please cite: X. Mougeot, Applied Radiation and Isotopes 154 (2019) 108884

--------------------------------------------------------------------------------------

Parent nucleus: 63-Eu-152 [3-] g.s.  -->  Daughter nucleus: 62-Sm-152 [**] 1612.94 (6) keV
Calculation of the allowed transition from the electron capture decay of Eu-152

Transition energy: 261.4 (7) keV


----------------------------------------
Ratios of relative capture probabilities

PL1/PK =  0.18550 (40)
PL2/PK =  0.007239 (21)
PM1/PK =  0.04537 (23)
PM2/PK =  0.001944 (11)
PN1/PK =  0.01183 (11)
PN2/PK =  4.962E-4 (49)
PO1/PK =  0.002016 (23)
PO2/PK =  6.64E-5 (8)
PP1/PK =  1.950E-4 (22)

L/K =  0.19274 (42)
M/K =  0.04732 (24)
N/K =  0.01232 (11)
O/K =  0.002083 (24)
P/K =  1.950E-4 (22)


------------------------------
Relative capture probabilities

PK  =  0.7970 (5)
PL1 =  0.14785 (22)
PL2 =  0.005769 (13)
PM1 =  0.03616 (16)
PM2 =  0.001550 (8)
PN1 =  0.00943 (8)
PN2 =  3.955E-4 (37)
PO1 =  0.001607 (17)
PO2 =  5.30E-5 (6)
PP1 =  1.554E-4 (16)

K =  0.7970 (5)
L =  0.15362 (23)
M =  0.03771 (17)
N =  0.00982 (8)
O =  0.001660 (18)
P =  1.554E-4 (16)


------------------------------
Capture branch from input data

Iec =   0.0208 (14) %


---------------------
Capture probabilities

PK  =  0.7970 (5)
PL1  =  0.14785 (22)
PL2  =  0.005769 (13)
PM1  =  0.03616 (16)
PM2  =  0.001550 (8)
PN1  =  0.00943 (8)
PN2  =  3.955E-4 (37)
PO1  =  0.001607 (17)
PO2  =  5.30E-5 (6)
PP1  =  1.554E-4 (16)

K =  0.7970 (5)
L =  0.15362 (23)
M =  0.03771 (17)
N =  0.00982 (8)
O =  0.001660 (18)
P =  1.554E-4 (16)


------------------------------------------------------------
Input log ft value (ec): 11.9

Log ft value (ec)    =  11.932 (30)
with log f           =  -0.3798 (41)
and log partial T1/2 =  12.312 (29)

