--------------------------------------------------------------------------------------

BetaShape
Version: 2.2 (05/2021)
Author: X. Mougeot (xavier.mougeot@cea.fr)
CEA, LIST, Laboratoire National Henri Becquerel (LNHB), Gif-sur-Yvette F-91191, France
Please cite: X. Mougeot, Applied Radiation and Isotopes 154 (2019) 108884

--------------------------------------------------------------------------------------

Parent nucleus: 63-Eu-152 [3-] g.s.  -->  Daughter nucleus: 62-Sm-152 [3-] 1041.1342 (18) keV
Calculation of the allowed transition from the electron capture decay of Eu-152

Transition energy: 833.2 (7) keV


----------------------------------------
Ratios of relative capture probabilities

PL1/PK =  0.14661 (18)
PL2/PK =  0.005742 (12)
PM1/PK =  0.03474 (14)
PM2/PK =  0.001496 (7)
PN1/PK =  0.00899 (7)
PN2/PK =  3.793E-4 (34)
PO1/PK =  0.001530 (16)
PO2/PK =  5.07E-5 (6)
PP1/PK =  1.480E-4 (15)

L/K =  0.15235 (19)
M/K =  0.03623 (15)
N/K =  0.00937 (8)
O/K =  0.001581 (16)
P/K =  1.480E-4 (15)


------------------------------
Relative capture probabilities

PK  =  0.83355 (30)
PL1 =  0.12221 (10)
PL2 =  0.004786 (8)
PM1 =  0.02895 (11)
PM2 =  0.001247 (6)
PN1 =  0.00749 (6)
PN2 =  3.162E-4 (27)
PO1 =  0.001276 (13)
PO2 =  4.228E-5 (45)
PP1 =  1.234E-4 (12)

K =  0.83355 (30)
L =  0.12699 (11)
M =  0.03020 (11)
N =  0.00781 (6)
O =  0.001318 (13)
P =  1.234E-4 (12)


------------------------------
Capture branch from input data

Iec =   0.086 (7) %


---------------------
Capture probabilities

PK  =  0.83355 (30)
PL1  =  0.12221 (10)
PL2  =  0.004786 (8)
PM1  =  0.02895 (11)
PM2  =  0.001247 (6)
PN1  =  0.00749 (6)
PN2  =  3.162E-4 (27)
PO1  =  0.001276 (13)
PO2  =  4.228E-5 (45)
PP1  =  1.234E-4 (12)

K =  0.83355 (30)
L =  0.12699 (11)
M =  0.03020 (11)
N =  0.00781 (6)
O =  0.001318 (13)
P =  1.234E-4 (12)


------------------------------------------------------------
Input log ft value (ec): 12.4

Log ft value (ec)    =  12.423 (35)
with log f           =  0.7277 (22)
and log partial T1/2 =  11.696 (35)

