--------------------------------------------------------------------------------------

BetaShape
Version: 2.2 (05/2021)
Author: X. Mougeot (xavier.mougeot@cea.fr)
CEA, LIST, Laboratoire National Henri Becquerel (LNHB), Gif-sur-Yvette F-91191, France
Please cite: X. Mougeot, Applied Radiation and Isotopes 154 (2019) 108884

--------------------------------------------------------------------------------------

Parent nucleus: 54-Xe-127 [1/2+] g.s.  -->  Daughter nucleus: 53-I-127 [3/2+] 202.860 (8) keV
Calculation of the allowed transition from the electron capture decay of Xe-127

Transition energy: 459.4 (20) keV


----------------------------------------
Ratios of relative capture probabilities

PL1/PK =  0.14231 (25)
PL2/PK =  0.0039991 (49)
PM1/PK =  0.02896 (13)
PM2/PK =  8.493E-4 (23)
PN1/PK =  0.00722 (7)
PN2/PK =  2.010E-4 (16)
PO1/PK =  0.001303 (20)
PO2/PK =  2.336E-5 (33)

L/K =  0.14631 (25)
M/K =  0.02981 (13)
N/K =  0.00742 (7)
O/K =  0.001327 (20)


------------------------------
Relative capture probabilities

PK  =  0.84398 (34)
PL1 =  0.12011 (17)
PL2 =  0.0033752 (49)
PM1 =  0.02444 (10)
PM2 =  7.168E-4 (17)
PN1 =  0.00609 (5)
PN2 =  1.697E-4 (12)
PO1 =  0.001100 (17)
PO2 =  1.972E-5 (27)

K =  0.84398 (34)
L =  0.12348 (16)
M =  0.02516 (10)
N =  0.00626 (5)
O =  0.001120 (17)


------------------------------
Capture branch from input data

Iec =   52.7 (14) %


---------------------
Capture probabilities

PK  =  0.84398 (34)
PL1  =  0.12011 (17)
PL2  =  0.0033752 (49)
PM1  =  0.02444 (10)
PM2  =  7.168E-4 (17)
PN1  =  0.00609 (5)
PN2  =  1.697E-4 (12)
PO1  =  0.001100 (17)
PO2  =  1.972E-5 (27)

K =  0.84398 (34)
L =  0.12348 (16)
M =  0.02516 (10)
N =  0.00626 (5)
O =  0.001120 (17)


------------------------------------------------------------
Input log ft value (ec): 6.61

Log ft value (ec)    =  6.645 (13)
with log f           =  -0.130 (6)
and log partial T1/2 =  6.775 (12)

