--------------------------------------------------------------------------------------

BetaShape
Version: 2.2 (05/2021)
Author: X. Mougeot (xavier.mougeot@cea.fr)
CEA, LIST, Laboratoire National Henri Becquerel (LNHB), Gif-sur-Yvette F-91191, France
Please cite: X. Mougeot, Applied Radiation and Isotopes 154 (2019) 108884

--------------------------------------------------------------------------------------

Parent nucleus: 54-Xe-127 [1/2+] g.s.  -->  Daughter nucleus: 53-I-127 [1/2+] 374.992 (9) keV
Calculation of the allowed transition from the electron capture decay of Xe-127

Transition energy: 287.3 (20) keV


----------------------------------------
Ratios of relative capture probabilities

PL1/PK =  0.15429 (43)
PL2/PK =  0.004331 (10)
PM1/PK =  0.03173 (17)
PM2/PK =  9.292E-4 (35)
PN1/PK =  0.00792 (8)
PN2/PK =  2.204E-4 (20)
PO1/PK =  0.001432 (24)
PO2/PK =  2.562E-5 (39)

L/K =  0.15862 (43)
M/K =  0.03266 (18)
N/K =  0.00814 (8)
O/K =  0.001457 (24)


------------------------------
Relative capture probabilities

PK  =  0.8327 (5)
PL1 =  0.12848 (28)
PL2 =  0.003606 (8)
PM1 =  0.02642 (13)
PM2 =  7.738E-4 (25)
PN1 =  0.00660 (6)
PN2 =  1.835E-4 (15)
PO1 =  0.001192 (19)
PO2 =  2.134E-5 (31)

K =  0.8327 (5)
L =  0.13208 (28)
M =  0.02720 (13)
N =  0.00678 (7)
O =  0.001214 (19)


------------------------------
Capture branch from input data

Iec =   47.3 (7) %


---------------------
Capture probabilities

PK  =  0.8327 (5)
PL1  =  0.12848 (28)
PL2  =  0.003606 (8)
PM1  =  0.02642 (13)
PM2  =  7.738E-4 (25)
PN1  =  0.00660 (6)
PN2  =  1.835E-4 (15)
PO1  =  0.001192 (19)
PO2  =  2.134E-5 (31)

K =  0.8327 (5)
L =  0.13208 (28)
M =  0.02720 (13)
N =  0.00678 (7)
O =  0.001214 (19)


------------------------------------------------------------
Input log ft value (ec): 6.21

Log ft value (ec)    =  6.249 (11)
with log f           =  -0.573 (9)
and log partial T1/2 =  6.822 (6)

